  jla_mock 0.503084 42.39049355 0.14571158 42.35104191
  jla_mock 0.580724 42.66540667 0.16122778 42.72544420
  jla_mock 0.494795 42.28003994 0.12070859 42.30792132
  jla_mock 0.345928 41.30849845 0.13253081 41.39127679
  jla_mock 0.677662 43.47114434 0.22871689 43.13159771
  jla_mock 0.610712 42.80688248 0.22548733 42.85755119
  jla_mock 0.866494 43.48973958 0.25803499 43.78399511
  jla_mock 0.330932 41.38912754 0.12801230 41.27949682
  jla_mock 0.798566 43.71514188 0.25919990 43.56669516
  jla_mock 0.449562 42.22898616 0.16139765 42.06004102
  jla_mock 0.371443 41.40340845 0.14921889 41.57158328
  jla_mock 0.291718 40.66416774 0.14231442 40.96351391
  jla_mock 0.355820 41.53934987 0.14101044 41.46259197
  jla_mock 0.461274 42.19698641 0.15587207 42.12637684
  jla_mock 0.283610 40.75235695 0.13055630 40.89332726
  jla_mock 0.632234 43.24071327 0.22182909 42.94863350
  jla_mock 0.466414 42.39359132 0.17243727 42.15499621
  jla_mock 0.268624 40.71268834 0.12820280 40.75859431
  jla_mock 0.946890 43.97751019 0.29224985 44.02068105
  jla_mock 0.924917 44.22879240 0.31213110 43.95800648
  jla_mock 0.693165 42.97415608 0.29243158 43.19137081
  jla_mock 0.625233 42.89085920 0.19088816 42.91933154
  jla_mock 0.896944 43.18093012 0.26745476 43.87607256
  jla_mock 0.608261 42.76895655 0.15987482 42.84698635
  jla_mock 0.789054 43.54269658 0.26932700 43.53484560
  jla_mock 0.578292 42.92643148 0.14637659 42.71444998
  jla_mock 0.590280 42.86649056 0.18966931 42.76822720
  jla_mock 0.719626 43.13415034 0.25305179 43.29050179
  jla_mock 0.210032 40.12597001 0.13132256 40.15508565
  jla_mock 0.766590 43.88891549 0.22576765 43.45813147
  jla_mock 0.858513 44.46448178 0.22289539 43.75933955
  jla_mock 0.367904 41.51835207 0.09931133 41.54726971
  jla_mock 0.558746 42.75632304 0.15678156 42.62447408
  jla_mock 0.848509 43.56106343 0.21739327 43.72811733
  jla_mock 0.996390 43.97936771 0.24266005 44.15678878
  jla_mock 0.776594 43.35490176 0.26449227 43.49255925
  jla_mock 0.582932 42.79248638 0.13306958 42.73538825
  jla_mock 0.583743 42.75151008 0.16752875 42.73903180
  jla_mock 0.796552 43.89669876 0.22887969 43.55998229
  jla_mock 0.588721 42.76460930 0.15579306 42.76129222
  jla_mock 0.913473 44.37040384 0.24294053 43.92478371
  jla_mock 0.768587 43.49192862 0.23905376 43.46503842
  jla_mock 0.948455 43.92121278 0.26528102 44.02509035
  jla_mock 0.513793 42.42941963 0.15287930 42.40577946
  jla_mock 0.733609 43.37227245 0.19294483 43.34148483
  jla_mock 0.637701 42.51834498 0.27010736 42.97130188
  jla_mock 0.765588 43.11887984 0.21113574 43.45465935
  jla_mock 0.434861 41.97131446 0.15772880 41.97446567
  jla_mock 0.983407 44.03039279 0.25879722 44.12174547
  jla_mock 0.583743 42.66850719 0.16232669 42.73903180
  jla_mock 0.700631 43.47140239 0.21687358 43.21970245
  jla_mock 0.662058 43.02218067 0.21294856 43.07010358
  jla_mock 0.838126 43.97598195 0.28077453 43.69533139
  jla_mock 0.621874 43.33871146 0.17546981 42.90516222
  jla_mock 0.370586 41.28917266 0.14291643 41.56571521
  jla_mock 0.416632 41.79988606 0.13815441 41.86454678
  jla_mock 0.358570 41.36468170 0.10704088 41.48209300
  jla_mock 0.451681 41.95923245 0.15278703 42.07216096
  jla_mock 0.522762 42.52006532 0.16112888 42.45080836
  jla_mock 0.733996 43.23623819 0.30408870 43.34288256
  jla_mock 0.701965 43.55592758 0.31176741 43.22473424
  jla_mock 0.742008 42.95451097 0.29013165 43.37166168
  jla_mock 0.746118 43.26764662 0.21822021 43.38630913
  jla_mock 0.349560 41.26408323 0.13472825 41.41767712
  jla_mock 0.591835 42.66251511 0.15357327 42.77512718
  jla_mock 0.514746 42.39847241 0.15561143 42.41059876
  jla_mock 0.620632 43.18576690 0.18447364 42.89990471
  jla_mock 0.643646 43.12959192 0.24392132 42.99574384
  jla_mock 1.002795 44.83877944 0.33216844 44.17391138
  jla_mock 0.470586 42.14139088 0.14420733 42.17801083
  jla_mock 0.610643 42.78669223 0.15877872 42.85725432
  jla_mock 0.263487 40.62677441 0.12804977 40.71081308
  jla_mock 0.358336 41.37226689 0.12918713 41.48043901
  jla_mock 0.742697 42.99433193 0.25908753 43.37412260
  jla_mock 0.451556 42.15599128 0.11538935 42.07144747
  jla_mock 0.910752 44.07659828 0.26164869 43.91682448
  jla_mock 0.552605 42.53823970 0.15821060 42.59559344
  jla_mock 0.337534 41.31603234 0.12813367 41.32927134
  jla_mock 0.750681 43.43999616 0.24281434 43.40248043
  jla_mock 0.983777 43.76136572 0.34665096 44.12275046
  jla_mock 0.822697 43.87960177 0.22175759 43.64587597
  jla_mock 0.813696 43.83347707 0.24256727 43.61660738
  jla_mock 0.950763 43.85578362 0.26472927 44.03158000
  jla_mock 0.817732 43.47327697 0.24643394 43.62976987
  jla_mock 0.340520 41.21078236 0.12574260 41.35148976
  jla_mock 0.960751 43.78822131 0.28766046 44.05948701
  jla_mock 0.810720 43.74782515 0.27275574 43.60686128
  jla_mock 0.756687 43.73260173 0.24755189 43.42362217
  jla_mock 0.611252 42.74772629 0.18572910 42.85987342
  jla_mock 0.877971 44.09047196 0.22378685 43.81906566
  jla_mock 0.548325 42.62572841 0.14258079 42.57528608
  jla_mock 0.809032 43.73477515 0.23222084 43.60131782
  jla_mock 1.028800 44.24122036 0.28337345 44.24233887
  jla_mock 0.627239 43.04549048 0.17555461 42.92775911
  jla_mock 0.422452 42.02239484 0.15606690 41.90011713
  jla_mock 0.933900 44.66132060 0.34999950 43.98380379
  jla_mock 0.701158 43.41464671 0.22740618 43.22169137
  jla_mock 0.697164 42.96023595 0.20952266 43.20658211
  jla_mock 0.685179 42.63135663 0.27044472 43.16074133
  jla_mock 0.767075 43.50038308 0.25233801 43.45981051
  jla_mock 0.931901 44.13048439 0.25136810 43.97808419
  jla_mock 0.863978 43.51534617 0.24510246 43.77624644
  jla_mock 0.749100 43.26939854 0.22590126 43.39688808
  jla_mock 0.514353 42.24625541 0.15357466 42.40861238
  jla_mock 0.468406 42.18507896 0.11440416 42.16600877
  jla_mock 0.470398 42.10749121 0.15654577 42.17697783
  jla_mock 0.958871 44.33308269 0.27681249 44.05425605
  jla_mock 0.927909 44.58440516 0.29724149 43.96662606
  jla_mock 0.840522 43.78668149 0.21913135 43.70293203
  jla_mock 0.630699 43.03802861 0.17083127 42.94223535
  jla_mock 0.562751 42.67324896 0.14440652 42.64314895
  jla_mock 0.615698 42.89539289 0.16969222 42.87891969
  jla_mock 0.828528 43.79237824 0.22446355 43.66467138
  jla_mock 0.564741 42.74698682 0.16042692 42.65238167
  jla_mock 0.578745 42.52215558 0.14758356 42.71650114
  jla_mock 0.557743 42.69229172 0.15831963 42.61977749
  jla_mock 0.864497 44.32170594 0.22870035 43.77784663
  jla_mock 0.735608 43.29322185 0.23468503 43.34869704
  jla_mock 0.858507 44.31834863 0.28336591 43.75932093
  jla_mock 0.261984 40.76058229 0.10443414 40.69667086
  jla_mock 0.585743 43.02051121 0.18660838 42.74799676
  jla_mock 0.761580 43.65542497 0.21598834 43.44072697
  jla_mock 0.488800 42.36278062 0.11155101 42.27631225
  jla_mock 0.858516 43.51847313 0.27431051 43.75934886
  jla_mock 0.688656 43.15532070 0.18053033 43.17411869
  jla_mock 0.558743 42.56822616 0.15491557 42.62446004
  jla_mock 0.324532 41.25206265 0.12601850 41.23036431
  jla_mock 0.480704 42.35193587 0.10839252 42.23304676
  jla_mock 0.185371 39.90402912 0.13095679 39.85305148
  jla_mock 0.922221 43.98990581 0.33854809 43.95021620
  jla_mock 0.681942 42.98348327 0.19640351 43.14822898
  jla_mock 0.475707 42.17098070 0.10811298 42.20600231
  jla_mock 0.922210 43.70350582 0.27644363 43.95018437
  jla_mock 0.893183 43.72156018 0.25783329 43.86486632
  jla_mock 0.428646 41.88159636 0.14143599 41.93747792
  jla_mock 0.631882 43.06086692 0.23474045 42.94716761
  jla_mock 0.699960 43.65496853 0.25834877 43.21716801
  jla_mock 0.736007 43.40537246 0.26468680 43.35013433
  jla_mock 0.575823 42.78052376 0.15953941 42.70324385
  jla_mock 0.418633 41.88044097 0.10651651 41.87682801
  jla_mock 0.511746 42.15993233 0.12000546 42.39539947
  jla_mock 0.535771 42.61186714 0.12653138 42.51485102
  jla_mock 0.641893 43.07345554 0.21547239 42.98855901
  jla_mock 0.734996 43.23952213 0.22720400 43.34649100
  jla_mock 0.351560 41.61048400 0.13079492 41.43210698
  jla_mock 0.609860 43.05011126 0.17401244 42.85388326
  jla_mock 0.349557 41.58121830 0.13436921 41.41765542
  jla_mock 0.701969 43.08746426 0.18819535 43.22474932
  jla_mock 0.355261 41.41506058 0.10427939 41.45861096
  jla_mock 0.983280 43.88732428 0.25756994 44.12140043
  jla_mock 0.872152 43.87749191 0.26597542 43.80134063
  jla_mock 0.759030 43.46092238 0.20819082 43.43182601
  jla_mock 0.926220 43.86477529 0.24599386 43.96176361
  jla_mock 0.643642 43.43238544 0.22846121 42.99572746
  jla_mock 0.419569 41.95843096 0.13772753 41.88255410
  jla_mock 0.515587 42.26203221 0.20313602 42.41484477
  jla_mock 0.890729 43.57254610 0.21057911 43.85752952
  jla_mock 0.805696 43.84373841 0.22987004 43.59032927
  jla_mock 0.480568 42.18691781 0.10874993 42.23231419
  jla_mock 0.800697 43.15901921 0.24546005 43.57378020
  jla_mock 0.580604 42.74509157 0.18881444 42.72490274
  jla_mock 0.715652 43.24610650 0.24396561 43.27583891
  jla_mock 0.805695 43.37514619 0.23276535 43.59032597
  jla_mock 0.766684 43.18808267 0.25283777 43.45845698
  jla_mock 0.664638 43.28157526 0.19578546 43.08036579
  jla_mock 0.901736 43.40506696 0.25190507 43.89028441
  jla_mock 0.745665 43.34833795 0.21142864 43.38469852
  jla_mock 0.718680 43.52184614 0.20380008 43.28701838
  jla_mock 0.736690 43.50743788 0.19636251 43.35259294
  jla_mock 0.579600 42.68950020 0.12084594 42.72036839
  jla_mock 0.370531 41.62680418 0.10256736 41.56533819
  jla_mock 0.960740 43.66347538 0.23956115 44.05945643
  jla_mock 0.850729 43.83887638 0.21179952 43.73507669
  jla_mock 0.648640 43.19400286 0.19254569 43.01611076
  jla_mock 0.219462 40.16461429 0.13036783 40.26196681
  jla_mock 0.936755 44.23130035 0.24129989 43.99195180
  jla_mock 0.647639 43.06777927 0.17876349 43.01204038
  jla_mock 0.461564 41.95678884 0.13341110 42.12799943
  jla_mock 0.600603 42.50332911 0.17945434 42.81371586
  jla_mock 0.670654 43.17195629 0.23100742 43.10414845
  jla_mock 0.760698 43.39694534 0.20946016 43.43765154
  jla_mock 0.246492 40.30454209 0.13212126 40.54637902
  jla_mock 0.470573 42.35611725 0.14759396 42.17793941
  jla_mock 0.169455 39.52262153 0.11209573 39.63766354
  jla_mock 0.497379 42.35195032 0.12912927 42.32143557
  jla_mock 0.638234 42.71133875 0.19688575 42.97350203
  jla_mock 0.507371 42.50991550 0.14542671 42.37308383
  jla_mock 0.535327 42.45377285 0.14229510 42.51268936
  jla_mock 0.587285 42.95961488 0.16639385 42.75488905
  jla_mock 0.773081 43.67090338 0.25620999 43.48051857
  jla_mock 0.699166 42.82042823 0.22210270 43.21416597
  jla_mock 0.370511 41.59544602 0.12736057 41.56520108
  jla_mock 0.761089 43.91613730 0.22808946 43.43901534
  jla_mock 0.699169 43.31424286 0.21959570 43.21417732
  jla_mock 0.788060 43.68526153 0.19242158 43.53149594
  jla_mock 0.373513 41.58672634 0.13202741 41.58570563
  jla_mock 0.405478 41.91008494 0.13198879 41.79507130
  jla_mock 0.852994 43.65927447 0.25729076 43.74215894
  jla_mock 0.808048 43.63433525 0.24185374 43.59808117
  jla_mock 0.603272 42.95070975 0.18397635 42.82535672
  jla_mock 0.583290 42.70758965 0.17902789 42.73699721
  jla_mock 0.534335 42.56150830 0.14774220 42.50785365
  jla_mock 0.720140 43.33134041 0.24070231 43.29239263
  jla_mock 0.400485 41.60814196 0.21060605 41.76339635
  jla_mock 0.837004 43.65281869 0.21502566 43.69176490
  jla_mock 0.371508 41.60703858 0.10193219 41.57202784
  jla_mock 0.806041 43.55856670 0.25907683 43.59146772
  jla_mock 0.840005 43.80197939 0.23506835 43.70129378
  jla_mock 0.500728 42.36037309 0.12981336 42.33885355
  jla_mock 0.532765 42.43515135 0.17422186 42.50018312
  jla_mock 0.533766 42.69579911 0.18215335 42.50507613
  jla_mock 0.932229 44.04820924 0.34152943 43.97902349
  jla_mock 0.822103 43.72992465 0.25790730 43.64395405
  jla_mock 0.553797 42.77881970 0.13544877 42.60122283
  jla_mock 0.125298 38.97363082 0.13709229 38.92293877
  jla_mock 0.842123 43.77479458 0.28302626 43.70799902
  jla_mock 0.443668 41.95305742 0.15186631 42.02604821
  jla_mock 0.727675 43.25433967 0.24978201 43.31996388
  jla_mock 0.683659 42.65980401 0.41253064 43.15487294
  jla_mock 0.442548 42.00308688 0.13367762 42.01954139
  jla_mock 0.726679 43.29373337 0.20021505 43.31633517
  jla_mock 0.282510 40.93893793 0.12747632 40.88366322
  jla_mock 0.404549 42.08291577 0.12965359 41.78920526
  jla_mock 0.519611 42.50964113 0.13964385 42.43507170
  jla_mock 0.690652 43.26462347 0.23214813 43.18176896
  jla_mock 1.060801 44.35018494 0.27869308 44.32423223
  jla_mock 0.576612 42.77776058 0.15376326 42.70682983
  jla_mock 0.268489 40.74760697 0.12614174 40.75734943
  jla_mock 0.720680 43.23819353 0.25106936 43.29437771
  jla_mock 0.250498 40.49955317 0.13111277 40.58605882
  jla_mock 0.760691 43.24059974 0.27664014 43.43762712
  jla_mock 0.698167 43.53628050 0.26129048 43.21038422
  jla_mock 0.550315 42.52583404 0.16854352 42.58474650
  jla_mock 0.730128 43.27634303 0.23524622 43.32888057
  jla_mock 0.847985 43.26160548 0.24702775 43.72647209
  jla_mock 0.997826 44.37275259 0.24705649 44.16063709
  jla_mock 0.435446 41.82162872 0.13052406 41.97792194
  jla_mock 0.409470 41.80062028 0.12922369 41.82013748
  jla_mock 0.301590 41.03806451 0.12598595 41.04658579
  jla_mock 1.299106 44.77291722 0.19340708 44.86622170
  jla_mock 1.020807 44.17697408 0.23668119 44.22149044
  jla_mock 0.839734 43.77888001 0.19264717 43.70043465
  jla_mock 1.120850 44.29152010 0.20807086 44.47149026
  jla_mock 1.230892 44.89314393 0.23900250 44.72198803
  jla_mock 0.974230 44.21857606 0.18427047 44.09669905
  jla_mock 0.970782 44.56115542 0.33863365 44.08722847
  jla_mock 0.064229 37.18584301 0.15072784 37.38367208
  jla_mock 0.129030 39.20367318 0.16416611 38.99181609
  jla_mock 0.102890 38.48417462 0.14983539 38.46361443
  jla_mock 0.044130 36.47783816 0.17359564 36.53790737
  jla_mock 0.113040 38.94102738 0.15276523 38.68228835
  jla_mock 0.256110 40.88019042 0.20496122 40.64067411
  jla_mock 0.380260 41.36039128 0.28702753 41.63124000
  jla_mock 0.145470 39.36699588 0.16218924 39.27457233
  jla_mock 0.088890 37.91479142 0.14636771 38.12583382
  jla_mock 0.260590 40.70611947 0.18294429 40.68348731
  jla_mock 0.078910 37.72799550 0.15602647 37.85259413
  jla_mock 0.083040 37.92843485 0.15331705 37.96945274
  jla_mock 0.165650 39.75075299 0.13854363 39.58339248
  jla_mock 0.168170 39.27140746 0.16196037 39.61946333
  jla_mock 0.170630 39.56235004 0.16520984 39.65419380
  jla_mock 0.170280 39.80145618 0.17035518 39.64928098
  jla_mock 0.120440 38.86713024 0.15109792 38.83033422
  jla_mock 0.276530 41.02693556 0.21443501 40.83051212
  jla_mock 0.231600 40.09785906 0.18253328 40.39346548
  jla_mock 0.305690 40.73546819 0.26735001 41.08035322
  jla_mock 0.079970 38.14378065 0.16566195 37.88313388
  jla_mock 0.174150 39.61276101 0.15831009 39.70308864
  jla_mock 0.138680 39.23240238 0.16604939 39.16160914
  jla_mock 0.146070 39.25854421 0.16391832 39.28431597
  jla_mock 0.081330 38.25720717 0.14393418 37.92175604
  jla_mock 0.233800 40.67530769 0.17178002 40.41661639
  jla_mock 0.256550 40.59805438 0.17733386 40.64490939
  jla_mock 0.245620 40.39833089 0.20041043 40.53766308
  jla_mock 0.125930 39.17697193 0.19132506 38.93473721
  jla_mock 0.223510 40.37068572 0.21582750 40.30655156
  jla_mock 0.102640 38.50815482 0.14663754 38.45797501
  jla_mock 0.119670 38.98589922 0.14566661 38.81533475
  jla_mock 0.180550 39.70961536 0.16851019 39.78968278
  jla_mock 0.197090 39.88816481 0.17389574 40.00093917
  jla_mock 0.229160 40.21140451 0.19939442 40.36755056
  jla_mock 0.264510 40.90511579 0.19876199 40.72039640
  jla_mock 0.103370 38.39140446 0.12264053 38.47440587
  jla_mock 0.364410 41.42127729 0.23042794 41.52305266
  jla_mock 0.205600 39.94168116 0.15584351 40.10331215
  jla_mock 0.179810 40.01547777 0.19620482 39.77981734
  jla_mock 0.199590 39.79042430 0.18224440 40.03143112
  jla_mock 0.156530 39.61101405 0.15012954 39.44843626
  jla_mock 0.161800 39.52402729 0.14760764 39.52728616
  jla_mock 0.209530 40.19868728 0.20608020 40.14927240
  jla_mock 0.241790 40.55739728 0.19813238 40.49904000
  jla_mock 0.236460 40.36275295 0.16266354 40.44434112
  jla_mock 0.226680 40.42655211 0.21050732 40.34094863
  jla_mock 0.296780 40.89442643 0.19716042 41.00642792
  jla_mock 0.208520 39.99041457 0.16317028 40.13753731
  jla_mock 0.251040 40.37607175 0.22085837 40.59138241
  jla_mock 0.250120 40.82420201 0.17967388 40.58233978
  jla_mock 0.117710 38.82836831 0.14551100 38.77674059
  jla_mock 0.219710 40.34828069 0.16999397 40.26472003
  jla_mock 0.149010 39.27743679 0.14890457 39.33152597
  jla_mock 0.287420 41.15592151 0.18840122 40.92653533
  jla_mock 0.143600 39.14266099 0.16639625 39.24396193
  jla_mock 0.328370 41.12820811 0.19601268 41.25993440
  jla_mock 0.246250 40.34468510 0.16506508 40.54396300
  jla_mock 0.119660 39.04502010 0.15026680 38.81513935
  jla_mock 0.328380 41.02556324 0.27642285 41.26001103
  jla_mock 0.215130 40.34511751 0.18366862 40.21340500
  jla_mock 0.144780 39.19786783 0.13616902 39.26332062
  jla_mock 0.132430 38.99622430 0.12839376 39.05295780
  jla_mock 0.210820 39.99495785 0.16235031 40.16418499
  jla_mock 0.203990 39.85910067 0.15780808 40.08424872
  jla_mock 0.279520 40.66836701 0.16701092 40.85721851
  jla_mock 0.044280 36.39263635 0.15509722 36.54550888
  jla_mock 0.180370 39.68531380 0.15078404 39.78728654
  jla_mock 0.260700 40.33370299 0.18972170 40.68452998
  jla_mock 0.056540 36.95637824 0.18696980 37.09512776
  jla_mock 0.212600 40.21056397 0.19194689 40.18462419
  jla_mock 0.369410 41.33197456 0.23700047 41.55764247
  jla_mock 0.173860 39.62791056 0.13051969 39.69909525
  jla_mock 0.142650 39.03958777 0.16862649 39.22826819
  jla_mock 0.177890 39.58784670 0.17323466 39.75404371
  jla_mock 0.328370 41.20380663 0.20656404 41.25993440
  jla_mock 0.253510 40.45910815 0.19560920 40.61550974
  jla_mock 0.300010 40.99314236 0.19320267 41.03346007
  jla_mock 0.105890 38.45465137 0.14607715 38.53029502
  jla_mock 0.223280 40.25328785 0.16843887 40.30403838
  jla_mock 0.118450 38.67914285 0.12252294 38.79138243
  jla_mock 0.176530 40.06228572 0.17118858 39.73563069
  jla_mock 0.182800 39.75085971 0.18906536 39.81945031
  jla_mock 0.297620 41.06835132 0.22708191 41.01348391
  jla_mock 0.196990 39.98292345 0.16336648 39.99971206
  jla_mock 0.152950 39.47648260 0.14755004 39.39344849
  jla_mock 0.248500 40.56501084 0.17447627 40.56634213
  jla_mock 0.138180 39.11503274 0.12408786 39.15308754
  jla_mock 0.207040 39.94063589 0.17044837 40.12024608
  jla_mock 0.214680 40.30347239 0.18059604 40.20830882
  jla_mock 0.306320 40.86264255 0.21502986 41.08550488
  jla_mock 0.246950 40.61083402 0.17120148 40.55094551
  jla_mock 0.198010 39.77014756 0.14489973 40.01220161
  jla_mock 0.222560 40.25027603 0.15195110 40.29615558
  jla_mock 0.135080 39.15350711 0.15130600 39.09960029
  jla_mock 0.210540 40.08410489 0.18260591 40.16095532
  jla_mock 0.272580 41.04220611 0.16910743 40.79482057
  jla_mock 0.246600 40.63602997 0.16168519 40.54745654
  jla_mock 0.220680 40.48202811 0.19428942 40.27546119
  jla_mock 0.274470 40.46849081 0.19147108 40.81195729
  jla_mock 0.176560 39.82006367 0.15540451 39.73603828
  jla_mock 0.310880 41.20939640 0.22015615 41.12250493
  jla_mock 0.184350 39.49648064 0.17307932 39.83975978
  jla_mock 0.159350 39.26648198 0.14827050 39.49093145
  jla_mock 0.219760 40.25948156 0.16604587 40.26527477
  jla_mock 0.252050 40.57311620 0.18410044 40.60127456
  jla_mock 0.181220 39.85231991 0.14940352 39.79858271
  jla_mock 0.173730 39.53753635 0.13336424 39.69730310
  jla_mock 0.380470 41.78994072 0.24246083 41.63264525
  jla_mock 0.178650 39.62225884 0.17172186 39.76427650
  jla_mock 0.245680 40.35990210 0.18910008 40.53826371
  jla_mock 0.209100 40.28577203 0.16102286 40.14428268
  jla_mock 0.249470 40.58619499 0.20970726 40.57593247
  jla_mock 0.133920 39.32077134 0.16606211 39.07928968
  jla_mock 0.177060 39.58262428 0.16039966 39.74282196
  jla_mock 0.281110 41.15401902 0.18775324 40.87131332
  jla_mock 0.173830 39.66851826 0.15186906 39.69868179
  jla_mock 0.196540 40.20520461 0.16513423 39.99418292
  jla_mock 0.363970 41.20149867 0.22724835 41.51998782
  jla_mock 0.378350 41.37233149 0.26733097 41.61842592
  jla_mock 0.316460 40.87865844 0.21038880 41.16710744
  jla_mock 0.183220 39.74837278 0.13519430 39.82496925
  jla_mock 0.241020 40.55133374 0.16773658 40.49120702
  jla_mock 0.202030 40.21192636 0.19953174 40.06085237
  jla_mock 0.168690 39.81291701 0.16511959 39.62684391
  jla_mock 0.197940 40.18162443 0.17492454 40.01134639
  jla_mock 0.122760 38.75302370 0.14574653 38.87498830
  jla_mock 0.203180 40.10834865 0.16105255 40.07460514
  jla_mock 0.127390 38.64444765 0.14895509 38.96178192
  jla_mock 0.275490 40.54101372 0.19972760 40.82116060
  jla_mock 0.144680 39.38226957 0.14721731 39.26168579
  jla_mock 0.334360 41.20480202 0.24977783 41.30545460
  jla_mock 0.195800 39.90102348 0.15392559 39.98506502
  jla_mock 0.193920 40.00344575 0.16374737 39.96175638
  jla_mock 0.249730 41.05892452 0.18580683 40.57849724
  jla_mock 0.148600 39.40707713 0.14879989 39.32499474
  jla_mock 0.155960 39.24009868 0.14872192 39.43976020
  jla_mock 0.095820 38.28393953 0.15034816 38.29888959
  jla_mock 0.150650 39.34856567 0.15872946 39.35748429
  jla_mock 0.309330 40.85994039 0.24715745 41.10998454
  jla_mock 0.248570 40.65294364 0.17340396 40.56703537
  jla_mock 0.365540 41.30331465 0.24311996 41.53090809
  jla_mock 0.117710 38.99199175 0.12847626 38.77674059
  jla_mock 0.191760 39.85420175 0.14428474 39.93471648
  jla_mock 0.182550 39.58344967 0.16171197 39.81615965
  jla_mock 0.234720 40.34597286 0.18444964 40.42623815
  jla_mock 0.246470 40.41016656 0.19927669 40.54615947
  jla_mock 0.288450 41.08430481 0.18873457 40.93544325
  jla_mock 0.209600 39.90697213 0.19927022 40.15008378
  jla_mock 0.191980 39.53794955 0.17965405 39.93748342
  jla_mock 0.114020 38.59234044 0.12215388 38.70241012
  jla_mock 0.113890 38.72127291 0.18397194 38.69975030
  jla_mock 0.198800 40.10016796 0.20967258 40.02183405
  jla_mock 0.220580 40.39825234 0.22796022 40.27435587
  jla_mock 0.182570 39.63552985 0.16453718 39.81642306
  jla_mock 0.158950 39.46461153 0.16372575 39.48494661
  jla_mock 0.078490 37.88065630 0.14911597 37.84038499
  jla_mock 0.138640 39.20398556 0.13217046 39.16092847
  jla_mock 0.180790 39.86448628 0.15445548 39.79287433
  jla_mock 0.177570 39.56641522 0.18629282 39.74972302
  jla_mock 0.170660 39.53049804 0.16102003 39.65461446
  jla_mock 0.233810 40.30457390 0.20858516 40.41672116
  jla_mock 0.071530 37.62950141 0.17410666 37.62841570
  jla_mock 0.154630 39.41116319 0.18791656 39.41940058
  jla_mock 0.090100 38.00157679 0.15950858 38.15695339
  jla_mock 0.176580 39.82782753 0.20448697 39.73630997
  jla_mock 0.130450 39.06805258 0.16440638 39.01753336
  jla_mock 0.182040 39.85496385 0.17166998 39.80943370
  jla_mock 0.256170 40.55405509 0.17261330 40.64125204
  jla_mock 0.138110 39.07442432 0.14854031 39.15189221
  jla_mock 0.170700 39.81717454 0.16749506 39.65517524
  jla_mock 0.216740 40.28395825 0.14793120 40.23155770
  jla_mock 0.245550 40.78610266 0.17887642 40.53696217
  jla_mock 0.143820 39.16114301 0.16709807 39.24758242
  jla_mock 0.248620 41.01541082 0.18856198 40.56753043
  jla_mock 0.145330 39.31246869 0.17138622 39.27229342
  jla_mock 0.135880 38.94804591 0.12760365 39.11351263
  jla_mock 0.058740 37.17219506 0.12754402 37.18137021
  jla_mock 0.036520 36.09301959 0.15191506 36.11499823
  jla_mock 0.277490 41.05970496 0.22703402 40.83911561
  jla_mock 0.205150 39.67797853 0.29701418 40.09799780
  jla_mock 0.280510 40.98952100 0.20078942 40.86600318
  jla_mock 0.198670 40.20239872 0.16215673 40.02025140
  jla_mock 0.159990 39.13792109 0.15164286 39.50047815
  jla_mock 0.210750 40.57885119 0.18113105 40.16337794
  jla_mock 0.071950 37.79359763 0.17245857 37.64175542
  jla_mock 0.237820 40.16824206 0.19074175 40.45840525
  jla_mock 0.141390 39.19286908 0.17359013 39.20730191
  jla_mock 0.155060 39.49596404 0.15760876 39.42600081
  jla_mock 0.370130 41.47820507 0.22886799 41.56258778
  jla_mock 0.093910 38.49250809 0.17056414 38.25241093
  jla_mock 0.118630 39.19458027 0.17057943 38.79493094
  jla_mock 0.153630 39.39751143 0.15381057 39.40398478
  jla_mock 0.253560 40.71526677 0.16809525 40.61599591
  jla_mock 0.107250 38.69740232 0.14420228 38.55993725
  jla_mock 0.129610 39.12317027 0.15302154 39.00235225
  jla_mock 0.266650 40.61576379 0.19376454 40.74033372
  jla_mock 0.212260 40.16304182 0.16262819 40.18073232
  jla_mock 0.278220 40.77417009 0.18167466 40.84563951
  jla_mock 0.245400 40.57450851 0.16811689 40.53545960
  jla_mock 0.133620 38.95551962 0.15059378 39.07401011
  jla_mock 0.176560 39.67687109 0.16208219 39.73603828
  jla_mock 0.113680 38.66512495 0.14584429 38.69544762
  jla_mock 0.320380 41.15862407 0.26368273 41.19801010
  jla_mock 0.112710 38.82389587 0.12253270 38.67547563
  jla_mock 0.106020 38.82611593 0.14472955 38.53314397
  jla_mock 0.391350 41.92400834 0.26610488 41.70448789
  jla_mock 0.155750 39.38120148 0.14611530 39.43655631
  jla_mock 0.186670 39.52812528 0.16762102 39.86986452
  jla_mock 0.196710 39.99358220 0.16669908 39.99627308
  jla_mock 0.191910 39.84926984 0.17339098 39.93660335
  jla_mock 0.190840 39.57764087 0.15087610 39.92311374
  jla_mock 0.176250 39.75075483 0.15361286 39.73182344
  jla_mock 0.128370 38.96979420 0.15035584 38.97977249
  jla_mock 0.122620 38.79660461 0.14734428 38.87231625
  jla_mock 0.127150 38.95115624 0.14706216 38.95735627
  jla_mock 0.213230 40.14465529 0.17620944 40.19182042
  jla_mock 0.218610 40.20311096 0.18110338 40.25248623
  jla_mock 0.268560 40.62896767 0.19152223 40.75800422
  jla_mock 0.204660 39.99164431 0.16518790 40.09219879
  jla_mock 0.267100 40.51511614 0.17377576 40.74450740
  jla_mock 0.217570 40.34612713 0.17264916 40.24086733
  jla_mock 0.241850 40.45097415 0.17151433 40.49964940
  jla_mock 0.293500 40.88747260 0.20071643 40.97869876
  jla_mock 0.353460 41.58289570 0.23113786 41.44574541
  jla_mock 0.185630 39.94820095 0.15494760 39.85641243
  jla_mock 0.285430 40.86017108 0.19928385 40.90924132
  jla_mock 0.194940 39.89328929 0.16836015 39.97442839
  jla_mock 0.075920 37.68486743 0.14499851 37.76428887
  jla_mock 0.163570 39.68034840 0.15777754 39.55323307
  jla_mock 0.257210 40.79884377 0.20821329 40.65124979
  jla_mock 0.219550 40.40835643 0.18725136 40.26294408
  jla_mock 0.175580 39.78469750 0.15163366 39.72269036
  jla_mock 0.226670 40.27037499 0.18608202 40.34084082
  jla_mock 0.153220 39.37526908 0.15082218 39.39763723
  jla_mock 0.210250 39.91219172 0.19550076 40.15760614
  jla_mock 0.121640 38.82685082 0.12361443 38.85353115
  jla_mock 0.291350 41.02804351 0.19904915 40.96036745
  jla_mock 0.294480 40.90314038 0.27859702 40.98701345
  jla_mock 0.164550 39.75514110 0.12599124 39.56748698
  jla_mock 0.307020 41.04453484 0.20906564 41.09121752
  jla_mock 0.198630 40.02225857 0.16157737 40.01976424
  jla_mock 0.268210 40.78084291 0.21539519 40.75477485
  jla_mock 0.401280 41.78701826 0.24823001 41.76846410
  jla_mock 0.136680 39.39091916 0.15334431 39.12734848
  jla_mock 0.295420 40.99441259 0.24720467 40.99496487
  jla_mock 0.291920 41.46806489 0.19219946 40.96523948
  jla_mock 0.090070 38.07923504 0.12096556 38.15618664
  jla_mock 0.205570 39.96316961 0.18292629 40.10295819
  jla_mock 0.145820 39.40652329 0.14934529 39.28026067
  jla_mock 0.117670 38.95332771 0.14486540 38.77594667
  jla_mock 0.054990 37.12093719 0.14997934 37.03239938
  jla_mock 0.174200 39.70981919 0.15142908 39.70377654
  jla_mock 0.244950 40.52689108 0.18020903 40.53094681
  jla_mock 0.224520 40.44457736 0.18249954 40.31755948
  jla_mock 0.245580 40.56388142 0.16228277 40.53726258
  jla_mock 0.283510 40.67919903 0.21250233 40.89245014
  jla_mock 0.180560 39.89483279 0.17619167 39.78981584
  jla_mock 0.103910 38.47138882 0.12352191 38.48648974
  jla_mock 0.129610 39.28852575 0.15326847 39.00235225
  jla_mock 0.243520 40.28993548 0.16045597 40.51655525
  jla_mock 0.331360 41.27416903 0.26935111 41.28275125
  jla_mock 0.243480 40.56243190 0.19048000 40.51615157
  jla_mock 0.314680 41.25980829 0.17577640 41.15295859
  jla_mock 0.218650 40.18085223 0.18935500 40.25293209
  jla_mock 0.260140 40.91060515 0.21925656 40.67921764
  jla_mock 0.282430 40.63059108 0.19830733 40.88295904
  jla_mock 0.300410 40.96805418 0.20581539 41.03678905
  jla_mock 0.151860 39.26127723 0.14864409 39.37646794
  jla_mock 0.263570 40.76266729 0.18936772 40.71159189
  jla_mock 0.213820 40.14351119 0.20621233 40.19854195
  jla_mock 0.162840 39.61025340 0.16761662 39.54256362
  jla_mock 0.124400 38.92956624 0.17140549 38.90607803
  jla_mock 0.194650 40.12035433 0.13938689 39.97083181
  jla_mock 0.205540 40.03613867 0.18299408 40.10260419
  jla_mock 0.106670 38.43130615 0.14588621 38.54733939
  jla_mock 0.187720 39.48758035 0.18724598 39.88337565
  jla_mock 0.163870 39.66661622 0.15682059 39.55760493
  jla_mock 0.290210 41.14397885 0.19470283 40.95059702
  jla_mock 0.094010 38.07871550 0.12497638 38.25486653
  jla_mock 0.227860 40.56104037 0.18009820 40.35363931
  jla_mock 0.107510 38.43315979 0.14764565 38.56556368
  jla_mock 0.310650 41.00285093 0.22259423 41.12065070
  jla_mock 0.145640 39.13773879 0.15575872 39.27733684
  jla_mock 0.087840 38.09045299 0.12609586 38.09850103
  jla_mock 0.148390 39.19211872 0.15572534 39.32164294
  jla_mock 0.286620 40.82286229 0.19365541 40.91959626
  jla_mock 0.122810 39.03707541 0.13329108 38.87594191
  jla_mock 0.186550 39.76477984 0.20280242 39.86831590
  jla_mock 0.128930 39.09735213 0.15503539 38.98999503
  jla_mock 0.194220 39.55308555 0.16863568 39.96548983
  jla_mock 0.148000 39.20846800 0.14676099 39.31540643
  jla_mock 0.211790 40.37467099 0.22866165 40.17534289
  jla_mock 0.179620 39.79745816 0.17351314 39.77727823
  jla_mock 0.263490 40.41057638 0.18130204 40.71084123
  jla_mock 0.192150 39.95088405 0.15956887 39.93961949
  jla_mock 0.338800 41.11033388 0.22987627 41.33871350
  jla_mock 0.117410 38.74411286 0.14766783 38.77078001
  jla_mock 0.143100 38.88074295 0.16841647 39.23571421
  jla_mock 0.160350 39.68220294 0.13218212 39.50583255
  jla_mock 0.288720 40.95781629 0.21129560 40.93777350
  jla_mock 0.123030 38.72587408 0.15464992 38.88013347
  jla_mock 0.264050 40.63124702 0.18533646 40.71609141
  jla_mock 0.126080 38.69235573 0.17182656 38.93752932
  jla_mock 0.173740 39.62289858 0.14981160 39.69744100
  jla_mock 0.164400 39.43125792 0.14972618 39.56531039
  jla_mock 0.249610 40.71351657 0.16242204 40.57731380
  jla_mock 0.159990 39.16416748 0.15136580 39.50047815
  jla_mock 0.244480 40.35067725 0.15150476 40.52622528
  jla_mock 0.248510 40.39654896 0.17707716 40.56644117
  jla_mock 0.228930 40.10644133 0.16847625 40.36509465
  jla_mock 0.085280 38.09183516 0.14384543 38.03053562
  jla_mock 0.062818 37.78594340 0.14854713 37.33330552
  jla_mock 0.277450 40.46350365 0.23370164 40.83875768
  jla_mock 0.275440 41.02041478 0.21508178 40.82071019
  jla_mock 0.330510 41.35191082 0.21087893 41.27628421
  jla_mock 0.361930 41.45971236 0.24565378 41.50573334
  jla_mock 0.331030 41.47441484 0.21800830 41.28024234
  jla_mock 0.160500 39.35460088 0.12714994 39.50806025
  jla_mock 0.300210 41.09510648 0.20430208 41.03512507
  jla_mock 0.116350 38.78083120 0.12231010 38.74960383
  jla_mock 0.218290 40.44421131 0.16062208 40.24891663
  jla_mock 0.119670 38.77969178 0.12046332 38.81533475
  jla_mock 0.154730 39.49629971 0.12395445 39.42093704
  jla_mock 0.178100 39.87788686 0.16562813 39.75687524
  jla_mock 0.250370 40.84257795 0.16560962 40.58480004
  jla_mock 0.251740 40.84817894 0.14466362 40.59824225
  jla_mock 0.129530 39.28154080 0.14518911 39.00090162
  jla_mock 0.309290 40.81520238 0.18810950 41.10966066
  jla_mock 0.278520 40.77262613 0.17881943 40.84831601
  jla_mock 0.185810 39.68801909 0.13605911 39.85874567
  jla_mock 0.066510 37.51047030 0.17228058 37.46288716
  jla_mock 0.258000 40.43422150 0.18756945 40.65881939
  jla_mock 0.298880 40.89072162 0.21609463 41.02403360
  jla_mock 0.270440 40.69573599 0.22437165 40.77528452
  jla_mock 0.279160 41.19716485 0.17183675 40.85401700
  jla_mock 0.292870 41.35534356 0.21554431 40.97334010
  jla_mock 0.189650 39.87135690 0.15711153 39.90802874
  jla_mock 0.265760 40.68325034 0.19291042 40.73205999
  jla_mock 0.123760 38.79863868 0.14509081 38.89399154
  jla_mock 0.182550 39.76713050 0.14971699 39.81615965
  jla_mock 0.056340 36.88069242 0.14895035 37.08712772
  jla_mock 0.312880 40.92321205 0.18264477 41.13857562
  jla_mock 0.309150 41.00892822 0.22328713 41.10852682
  jla_mock 0.200610 39.72329028 0.15587566 40.04377042
  jla_mock 0.326400 41.27274932 0.20549386 41.24479642
  jla_mock 0.211630 40.16053011 0.13899445 40.17350567
  jla_mock 0.179690 39.67186113 0.15636245 39.77821398
  jla_mock 0.302400 40.84717703 0.19662226 41.05329027
  jla_mock 0.109240 38.66354554 0.14870399 38.60267717
  jla_mock 0.085220 37.93952894 0.15002378 38.02891950
  jla_mock 0.202310 40.03554139 0.16131988 40.06420752
  jla_mock 0.126490 39.18224663 0.15584855 38.94514516
  jla_mock 0.214570 40.18229046 0.16812914 40.20706159
  jla_mock 0.320450 40.99420420 0.19168742 41.19855877
  jla_mock 0.218350 40.32008131 0.17273249 40.24958630
  jla_mock 0.190100 40.02338562 0.15982384 39.91374343
  jla_mock 0.092430 38.11647961 0.15614025 38.21577494
  jla_mock 0.379860 41.80755629 0.18489314 41.62856135
  jla_mock 0.211340 40.11578564 0.16607978 40.17017243
  jla_mock 0.258330 40.61116778 0.18011571 40.66197505
  jla_mock 0.183270 40.10671221 0.16855779 39.82562548
  jla_mock 0.212950 40.29104552 0.17784935 40.18862452
  jla_mock 0.116510 38.71561990 0.15544019 38.75281185
  jla_mock 0.144010 39.42462461 0.17185674 39.25070505
  jla_mock 0.252490 40.79471428 0.18599877 40.60557260
  jla_mock 0.255390 40.76972010 0.21319916 40.63372916
  jla_mock 0.216980 39.99523865 0.18860575 40.23425302
  jla_mock 1.265901 45.31846376 0.22380442 44.79698974
  jla_mock 0.935774 44.16577287 0.22958872 43.98915483
  jla_mock 0.049519 36.72766571 0.20228994 36.79643881
  jla_mock 0.030325 35.84931938 0.18207848 35.70156680
  jla_mock 0.074579 37.60400444 0.21872943 37.72359936
  jla_mock 0.025198 35.68828996 0.22034080 35.29122886
  jla_mock 0.014411 34.38751338 0.20528439 34.06048197
  jla_mock 0.020792 34.44341579 0.19750056 34.86681304
  jla_mock 0.035218 36.02463724 0.20378488 36.03411951
  jla_mock 0.041657 36.46132964 0.21523275 36.40882742
  jla_mock 0.042400 36.23708088 0.20618664 36.44837502
  jla_mock 0.018902 34.74194539 0.18361956 34.65682456
  jla_mock 0.078840 38.10062568 0.21534076 37.85056359
  jla_mock 0.063345 37.50540661 0.20758765 37.35224323
  jla_mock 0.027637 35.46982552 0.23141589 35.49574473
  jla_mock 0.049325 37.01341300 0.21068097 36.78761579
  jla_mock 0.070153 37.56800805 0.22041411 37.58414793
  jla_mock 0.023909 35.21947731 0.18367797 35.17514301
  jla_mock 0.053126 37.14168068 0.22335947 36.95466158
  jla_mock 0.024951 35.36733509 0.18978288 35.26944337
  jla_mock 0.015664 34.37411240 0.20165316 34.24355971
  jla_mock 0.048984 36.63493351 0.15985830 36.77202553
  jla_mock 0.022399 35.20567393 0.18927946 35.03105780
  jla_mock 0.034854 36.32725787 0.23666209 36.01098585
  jla_mock 0.016966 34.20010698 0.20291443 34.41905369
  jla_mock 0.030721 35.75051391 0.18171781 35.73036747
  jla_mock 0.030482 35.85740805 0.18203752 35.71302906
  jla_mock 0.010550 33.21160386 0.21945028 33.37697498
  jla_mock 0.014256 33.96423463 0.17170736 34.03674778
  jla_mock 0.027688 35.68532090 0.18124529 35.49982939
  jla_mock 0.053860 36.99890481 0.15903793 36.98558282
  jla_mock 0.017672 34.45487229 0.19251135 34.50872719
  jla_mock 0.017450 34.37997866 0.17037052 34.48091679
  jla_mock 0.015573 34.53529791 0.20219934 34.23076011
  jla_mock 0.010060 33.45081003 0.23112569 33.27290010
  jla_mock 0.054931 36.59074187 0.18431298 37.02997807
  jla_mock 0.039083 36.51173778 0.16317419 36.26630443
  jla_mock 0.078317 37.83098098 0.18391968 37.83533784
  jla_mock 0.031764 35.58004154 0.15356487 35.80451887
  jla_mock 0.014440 34.08118668 0.22581465 34.06489449
  jla_mock 0.013533 33.86805289 0.22079334 33.92255325
  jla_mock 0.026677 35.40715416 0.19349962 35.41744509
  jla_mock 0.023360 35.12170357 0.17880596 35.12382045
  jla_mock 0.036934 36.09358548 0.19001518 36.14012659
  jla_mock 0.023552 35.05369038 0.17819828 35.14190296
  jla_mock 0.017483 34.45814372 0.19211831 34.48507280
  jla_mock 0.040259 36.37797929 0.17447686 36.33251957
  jla_mock 0.030381 35.66721394 0.20408145 35.70566190
  jla_mock 0.015504 34.20362142 0.20027602 34.22100552
  jla_mock 0.014151 34.20075045 0.18788306 34.02052423
  jla_mock 0.015487 34.31442538 0.18431337 34.21859562
  jla_mock 0.015554 34.18746855 0.19852180 34.22807833
  jla_mock 0.037075 35.96241530 0.15485493 36.14862211
  jla_mock 0.015482 34.14211529 0.20249750 34.21788633
  jla_mock 0.013324 33.89726074 0.18643777 33.88841558
  jla_mock 0.014575 33.93789219 0.20791179 34.08532079
  jla_mock 0.015791 34.58090963 0.19846605 34.26130051
  jla_mock 0.024746 35.33029082 0.17954713 35.25120075
  jla_mock 0.027748 35.81624393 0.17503344 35.50462544
  jla_mock 0.010888 33.25291118 0.25477943 33.44600638
  jla_mock 0.013652 34.09465157 0.18670962 33.94175799
  jla_mock 0.035755 36.12924811 0.16295663 36.06782528
  jla_mock 0.024725 35.49227536 0.17710562 35.24932362
  jla_mock 0.038086 36.48897422 0.17051564 36.20862960
  jla_mock 0.021541 34.87144881 0.17711857 34.94486566
  jla_mock 0.019581 34.81675435 0.17898631 34.73455541
  jla_mock 0.030416 35.67972849 0.17571774 35.70821759
  jla_mock 0.039219 36.24902540 0.17021381 36.27406046
  jla_mock 0.034971 35.67471927 0.15987848 36.01844730
  jla_mock 0.028561 35.60282300 0.17650121 35.56862791
  jla_mock 0.020997 34.75518257 0.18822756 34.88844780
  jla_mock 0.032538 35.82409322 0.18232286 35.85802163
  jla_mock 0.015469 34.02531206 0.19318910 34.21604112
  jla_mock 0.015678 34.44162058 0.20747940 34.24552235
  jla_mock 0.027499 35.42432609 0.15598630 35.48465493
  jla_mock 0.046856 36.69745496 0.17134850 36.67229170
  jla_mock 0.033173 35.91968853 0.18295753 35.90099459
  jla_mock 0.010291 33.47215658 0.23549671 33.32257649
  jla_mock 0.080103 37.77399921 0.17116407 37.88693845
  jla_mock 0.012317 33.64395095 0.20020781 33.71612539
  jla_mock 0.024586 35.39866851 0.20631378 35.23685912
  jla_mock 0.014467 34.07379601 0.20827809 34.06899482
  jla_mock 0.015154 34.11288530 0.18399751 34.17085499
  jla_mock 0.029086 35.74621554 0.17337203 35.60901553
  jla_mock 0.034781 36.25070308 0.17928903 36.00631801
  jla_mock 0.044920 36.53402152 0.14070569 36.57766347
  jla_mock 0.034074 36.01417959 0.16958177 35.96060864
  jla_mock 0.074870 37.60133578 0.14386215 37.73248819
  jla_mock 0.014960 33.97309704 0.19782876 34.14256149
  jla_mock 0.020396 34.69862678 0.17103812 34.82441926
  jla_mock 0.040689 36.46614163 0.17468105 36.35626161
  jla_mock 0.026567 35.48516525 0.18033141 35.40829726
  jla_mock 0.026881 35.01916466 0.15330990 35.43431258
  jla_mock 0.023471 35.22776861 0.17597781 35.13429215
  jla_mock 0.069122 37.97575098 0.19117659 37.55045468
  jla_mock 0.065193 37.50949454 0.15879632 37.41747470
  jla_mock 0.022980 35.22528597 0.17790505 35.08759706
  jla_mock 0.017387 33.91935550 0.19829162 34.47296098
  jla_mock 0.031485 35.70819149 0.15108749 35.78491972
  jla_mock 0.011184 33.69294727 0.19447979 33.50473574
  jla_mock 0.021956 35.11692829 0.17567209 34.98696935
  jla_mock 0.031484 35.81445000 0.15080691 35.78484917
  jla_mock 0.023321 35.10538069 0.20285194 35.12012958
  jla_mock 0.020390 35.06886528 0.18300723 34.82377071
  jla_mock 0.022466 34.95483845 0.18140785 35.03765097
  jla_mock 0.033614 35.72426502 0.18044129 35.93036816
  jla_mock 0.036969 35.94919868 0.17916902 36.14223835
  jla_mock 0.022629 34.97839577 0.18007478 35.05361062
  jla_mock 0.014700 33.92672989 0.18462322 34.10406779
  jla_mock 0.036950 35.98594634 0.14876338 36.14109221
  jla_mock 0.060959 37.16409088 0.12531329 37.26525946
  jla_mock 0.059289 37.18569328 0.12135718 37.20240586
  jla_mock 0.069751 37.73783074 0.15873536 37.57106733
  jla_mock 0.029526 35.43451239 0.17470465 35.64231764
  jla_mock 0.033255 35.86873709 0.17565362 35.90648512
  jla_mock 0.024159 35.23122191 0.18124182 35.19813107
  jla_mock 0.015999 34.26640173 0.19155982 34.29005387
  jla_mock 0.062961 37.36898687 0.16530929 37.33845928
  jla_mock 0.021706 34.91317395 0.19186355 34.96170055
  jla_mock 0.031638 35.41110919 0.18943844 35.79568859
  jla_mock 0.018599 34.72112517 0.17304818 34.62124460
  jla_mock 0.027064 35.56793367 0.17332763 35.44933715
  jla_mock 0.025468 35.24433741 0.18469991 35.31480424
  jla_mock 0.023810 35.14381691 0.19336693 35.16597435
  jla_mock 0.023867 35.43142454 0.18298494 35.17125784
  jla_mock 0.022068 34.74754286 0.16678206 34.99819802
