  jla_mock 0.503084 42.63190797 0.14571158 42.35104191
  jla_mock 0.580724 42.46647295 0.16122778 42.72544420
  jla_mock 0.494795 42.22398107 0.12070859 42.30792132
  jla_mock 0.345928 41.29446471 0.13253081 41.39127679
  jla_mock 0.677662 43.41110075 0.22871689 43.13159771
  jla_mock 0.610712 43.03811986 0.22548733 42.85755119
  jla_mock 0.866494 43.68551000 0.25803499 43.78399511
  jla_mock 0.330932 41.33380950 0.12801230 41.27949682
  jla_mock 0.798566 43.61626230 0.25919990 43.56669516
  jla_mock 0.449562 42.11906333 0.16139765 42.06004102
  jla_mock 0.371443 41.50478023 0.14921889 41.57158328
  jla_mock 0.291718 40.84091189 0.14231442 40.96351391
  jla_mock 0.355820 41.42815288 0.14101044 41.46259197
  jla_mock 0.461274 42.24654907 0.15587207 42.12637684
  jla_mock 0.283610 40.70060346 0.13055630 40.89332726
  jla_mock 0.632234 42.79939290 0.22182909 42.94863350
  jla_mock 0.466414 42.21866812 0.17243727 42.15499621
  jla_mock 0.268624 40.99364162 0.12820280 40.75859431
  jla_mock 0.946890 43.94078950 0.29224985 44.02068105
  jla_mock 0.924917 43.91546845 0.31213110 43.95800648
  jla_mock 0.693165 43.23724958 0.29243158 43.19137081
  jla_mock 0.625233 42.78190808 0.19088816 42.91933154
  jla_mock 0.896944 43.46179056 0.26745476 43.87607256
  jla_mock 0.608261 42.76375496 0.15987482 42.84698635
  jla_mock 0.789054 44.02935355 0.26932700 43.53484560
  jla_mock 0.578292 42.43738648 0.14637659 42.71444998
  jla_mock 0.590280 42.93727213 0.18966931 42.76822720
  jla_mock 0.719626 43.53449138 0.25305179 43.29050179
  jla_mock 0.210032 40.17389091 0.13132256 40.15508565
  jla_mock 0.766590 43.00330208 0.22576765 43.45813147
  jla_mock 0.858513 43.70273187 0.22289539 43.75933955
  jla_mock 0.367904 41.53636185 0.09931133 41.54726971
  jla_mock 0.558746 42.70439892 0.15678156 42.62447408
  jla_mock 0.848509 44.06771163 0.21739327 43.72811733
  jla_mock 0.996390 44.00436530 0.24266005 44.15678878
  jla_mock 0.776594 43.22075650 0.26449227 43.49255925
  jla_mock 0.582932 42.92332511 0.13306958 42.73538825
  jla_mock 0.583743 42.85219674 0.16752875 42.73903180
  jla_mock 0.796552 43.59650633 0.22887969 43.55998229
  jla_mock 0.588721 42.44756588 0.15579306 42.76129222
  jla_mock 0.913473 44.00468723 0.24294053 43.92478371
  jla_mock 0.768587 43.43922535 0.23905376 43.46503842
  jla_mock 0.948455 43.98278201 0.26528102 44.02509035
  jla_mock 0.513793 42.53662320 0.15287930 42.40577946
  jla_mock 0.733609 43.33123099 0.19294483 43.34148483
  jla_mock 0.637701 43.07900660 0.27010736 42.97130188
  jla_mock 0.765588 44.00661040 0.21113574 43.45465935
  jla_mock 0.434861 42.21183311 0.15772880 41.97446567
  jla_mock 0.983407 43.81894376 0.25879722 44.12174547
  jla_mock 0.583743 42.64553528 0.16232669 42.73903180
  jla_mock 0.700631 43.69856393 0.21687358 43.21970245
  jla_mock 0.662058 42.82653023 0.21294856 43.07010358
  jla_mock 0.838126 44.03125151 0.28077453 43.69533139
  jla_mock 0.621874 43.12641195 0.17546981 42.90516222
  jla_mock 0.370586 41.69231330 0.14291643 41.56571521
  jla_mock 0.416632 41.86961729 0.13815441 41.86454678
  jla_mock 0.358570 41.47570109 0.10704088 41.48209300
  jla_mock 0.451681 42.20815896 0.15278703 42.07216096
  jla_mock 0.522762 42.55306458 0.16112888 42.45080836
  jla_mock 0.733996 43.83513999 0.30408870 43.34288256
  jla_mock 0.701965 43.18228200 0.31176741 43.22473424
  jla_mock 0.742008 43.34066865 0.29013165 43.37166168
  jla_mock 0.746118 43.55982949 0.21822021 43.38630913
  jla_mock 0.349560 41.57517440 0.13472825 41.41767712
  jla_mock 0.591835 42.79779720 0.15357327 42.77512718
  jla_mock 0.514746 42.67790482 0.15561143 42.41059876
  jla_mock 0.620632 42.79333355 0.18447364 42.89990471
  jla_mock 0.643646 42.51340221 0.24392132 42.99574384
  jla_mock 1.002795 44.07273794 0.33216844 44.17391138
  jla_mock 0.470586 42.27909313 0.14420733 42.17801083
  jla_mock 0.610643 42.64808313 0.15877872 42.85725432
  jla_mock 0.263487 40.79435806 0.12804977 40.71081308
  jla_mock 0.358336 41.26215739 0.12918713 41.48043901
  jla_mock 0.742697 43.28481001 0.25908753 43.37412260
  jla_mock 0.451556 42.05880606 0.11538935 42.07144747
  jla_mock 0.910752 43.90818193 0.26164869 43.91682448
  jla_mock 0.552605 42.62008272 0.15821060 42.59559344
  jla_mock 0.337534 41.45902146 0.12813367 41.32927134
  jla_mock 0.750681 43.46894708 0.24281434 43.40248043
  jla_mock 0.983777 43.96133410 0.34665096 44.12275046
  jla_mock 0.822697 43.54061735 0.22175759 43.64587597
  jla_mock 0.813696 43.74942423 0.24256727 43.61660738
  jla_mock 0.950763 44.33349308 0.26472927 44.03158000
  jla_mock 0.817732 43.40267516 0.24643394 43.62976987
  jla_mock 0.340520 41.31550135 0.12574260 41.35148976
  jla_mock 0.960751 44.02253382 0.28766046 44.05948701
  jla_mock 0.810720 43.61945965 0.27275574 43.60686128
  jla_mock 0.756687 44.02324592 0.24755189 43.42362217
  jla_mock 0.611252 43.11231495 0.18572910 42.85987342
  jla_mock 0.877971 44.10418816 0.22378685 43.81906566
  jla_mock 0.548325 42.63019005 0.14258079 42.57528608
  jla_mock 0.809032 43.81748104 0.23222084 43.60131782
  jla_mock 1.028800 44.28491690 0.28337345 44.24233887
  jla_mock 0.627239 43.00463985 0.17555461 42.92775911
  jla_mock 0.422452 41.89052531 0.15606690 41.90011713
  jla_mock 0.933900 43.98298147 0.34999950 43.98380379
  jla_mock 0.701158 43.53545534 0.22740618 43.22169137
  jla_mock 0.697164 43.37823817 0.20952266 43.20658211
  jla_mock 0.685179 43.19165169 0.27044472 43.16074133
  jla_mock 0.767075 43.45561752 0.25233801 43.45981051
  jla_mock 0.931901 44.13088777 0.25136810 43.97808419
  jla_mock 0.863978 44.00301430 0.24510246 43.77624644
  jla_mock 0.749100 43.47709912 0.22590126 43.39688808
  jla_mock 0.514353 42.24691735 0.15357466 42.40861238
  jla_mock 0.468406 42.16126210 0.11440416 42.16600877
  jla_mock 0.470398 42.11004328 0.15654577 42.17697783
  jla_mock 0.958871 43.68963827 0.27681249 44.05425605
  jla_mock 0.927909 44.10927603 0.29724149 43.96662606
  jla_mock 0.840522 43.86713230 0.21913135 43.70293203
  jla_mock 0.630699 42.95514005 0.17083127 42.94223535
  jla_mock 0.562751 42.68565803 0.14440652 42.64314895
  jla_mock 0.615698 42.89751902 0.16969222 42.87891969
  jla_mock 0.828528 43.80196272 0.22446355 43.66467138
  jla_mock 0.564741 42.46486180 0.16042692 42.65238167
  jla_mock 0.578745 42.52861137 0.14758356 42.71650114
  jla_mock 0.557743 42.44702504 0.15831963 42.61977749
  jla_mock 0.864497 43.84639354 0.22870035 43.77784663
  jla_mock 0.735608 43.48284212 0.23468503 43.34869704
  jla_mock 0.858507 43.56604554 0.28336591 43.75932093
  jla_mock 0.261984 40.65846334 0.10443414 40.69667086
  jla_mock 0.585743 42.64929930 0.18660838 42.74799676
  jla_mock 0.761580 43.57085763 0.21598834 43.44072697
  jla_mock 0.488800 42.30468374 0.11155101 42.27631225
  jla_mock 0.858516 43.93175658 0.27431051 43.75934886
  jla_mock 0.688656 43.17048282 0.18053033 43.17411869
  jla_mock 0.558743 42.82442165 0.15491557 42.62446004
  jla_mock 0.324532 41.05428647 0.12601850 41.23036431
  jla_mock 0.480704 42.18743692 0.10839252 42.23304676
  jla_mock 0.185371 40.10458951 0.13095679 39.85305148
  jla_mock 0.922221 44.11723431 0.33854809 43.95021620
  jla_mock 0.681942 43.05230935 0.19640351 43.14822898
  jla_mock 0.475707 42.18721949 0.10811298 42.20600231
  jla_mock 0.922210 44.06032840 0.27644363 43.95018437
  jla_mock 0.893183 44.17119150 0.25783329 43.86486632
  jla_mock 0.428646 42.06751903 0.14143599 41.93747792
  jla_mock 0.631882 42.89719607 0.23474045 42.94716761
  jla_mock 0.699960 42.56638563 0.25834877 43.21716801
  jla_mock 0.736007 43.15558857 0.26468680 43.35013433
  jla_mock 0.575823 43.02814132 0.15953941 42.70324385
  jla_mock 0.418633 41.76331459 0.10651651 41.87682801
  jla_mock 0.511746 42.44131157 0.12000546 42.39539947
  jla_mock 0.535771 42.58510863 0.12653138 42.51485102
  jla_mock 0.641893 43.40955483 0.21547239 42.98855901
  jla_mock 0.734996 43.47391219 0.22720400 43.34649100
  jla_mock 0.351560 41.68197618 0.13079492 41.43210698
  jla_mock 0.609860 42.77371000 0.17401244 42.85388326
  jla_mock 0.349557 41.32714286 0.13436921 41.41765542
  jla_mock 0.701969 43.30341638 0.18819535 43.22474932
  jla_mock 0.355261 41.33829714 0.10427939 41.45861096
  jla_mock 0.983280 44.26577377 0.25756994 44.12140043
  jla_mock 0.872152 43.45948117 0.26597542 43.80134063
  jla_mock 0.759030 43.38228608 0.20819082 43.43182601
  jla_mock 0.926220 43.96616954 0.24599386 43.96176361
  jla_mock 0.643642 43.14183165 0.22846121 42.99572746
  jla_mock 0.419569 41.89237101 0.13772753 41.88255410
  jla_mock 0.515587 42.43086876 0.20313602 42.41484477
  jla_mock 0.890729 43.71297963 0.21057911 43.85752952
  jla_mock 0.805696 43.63561743 0.22987004 43.59032927
  jla_mock 0.480568 42.07189921 0.10874993 42.23231419
  jla_mock 0.800697 43.64979843 0.24546005 43.57378020
  jla_mock 0.580604 42.42432517 0.18881444 42.72490274
  jla_mock 0.715652 42.87640247 0.24396561 43.27583891
  jla_mock 0.805695 43.65137228 0.23276535 43.59032597
  jla_mock 0.766684 43.31126339 0.25283777 43.45845698
  jla_mock 0.664638 43.31036219 0.19578546 43.08036579
  jla_mock 0.901736 44.10722558 0.25190507 43.89028441
  jla_mock 0.745665 43.21151066 0.21142864 43.38469852
  jla_mock 0.718680 42.94612040 0.20380008 43.28701838
  jla_mock 0.736690 43.24493695 0.19636251 43.35259294
  jla_mock 0.579600 42.75140938 0.12084594 42.72036839
  jla_mock 0.370531 41.26311359 0.10256736 41.56533819
  jla_mock 0.960740 44.49365107 0.23956115 44.05945643
  jla_mock 0.850729 43.64013369 0.21179952 43.73507669
  jla_mock 0.648640 43.09546617 0.19254569 43.01611076
  jla_mock 0.219462 40.14436432 0.13036783 40.26196681
  jla_mock 0.936755 43.55128834 0.24129989 43.99195180
  jla_mock 0.647639 43.13011692 0.17876349 43.01204038
  jla_mock 0.461564 42.12964983 0.13341110 42.12799943
  jla_mock 0.600603 42.87980241 0.17945434 42.81371586
  jla_mock 0.670654 43.54203216 0.23100742 43.10414845
  jla_mock 0.760698 43.13608853 0.20946016 43.43765154
  jla_mock 0.246492 40.62809577 0.13212126 40.54637902
  jla_mock 0.470573 42.27647999 0.14759396 42.17793941
  jla_mock 0.169455 39.69779611 0.11209573 39.63766354
  jla_mock 0.497379 42.37606049 0.12912927 42.32143557
  jla_mock 0.638234 43.20894263 0.19688575 42.97350203
  jla_mock 0.507371 42.23820025 0.14542671 42.37308383
  jla_mock 0.535327 42.78219803 0.14229510 42.51268936
  jla_mock 0.587285 42.83090449 0.16639385 42.75488905
  jla_mock 0.773081 43.99616626 0.25620999 43.48051857
  jla_mock 0.699166 42.90771983 0.22210270 43.21416597
  jla_mock 0.370511 41.35236869 0.12736057 41.56520108
  jla_mock 0.761089 43.58945482 0.22808946 43.43901534
  jla_mock 0.699169 43.21524196 0.21959570 43.21417732
  jla_mock 0.788060 43.71435842 0.19242158 43.53149594
  jla_mock 0.373513 41.63217147 0.13202741 41.58570563
  jla_mock 0.405478 41.96548153 0.13198879 41.79507130
  jla_mock 0.852994 44.06682333 0.25729076 43.74215894
  jla_mock 0.808048 43.35343048 0.24185374 43.59808117
  jla_mock 0.603272 42.89324362 0.18397635 42.82535672
  jla_mock 0.583290 42.60288188 0.17902789 42.73699721
  jla_mock 0.534335 42.79753803 0.14774220 42.50785365
  jla_mock 0.720140 43.32051609 0.24070231 43.29239263
  jla_mock 0.400485 41.80412610 0.21060605 41.76339635
  jla_mock 0.837004 43.50022253 0.21502566 43.69176490
  jla_mock 0.371508 41.63405481 0.10193219 41.57202784
  jla_mock 0.806041 43.50028474 0.25907683 43.59146772
  jla_mock 0.840005 43.73755629 0.23506835 43.70129378
  jla_mock 0.500728 42.57250410 0.12981336 42.33885355
  jla_mock 0.532765 42.28026525 0.17422186 42.50018312
  jla_mock 0.533766 42.44053313 0.18215335 42.50507613
  jla_mock 0.932229 44.03200795 0.34152943 43.97902349
  jla_mock 0.822103 43.66662094 0.25790730 43.64395405
  jla_mock 0.553797 42.69578102 0.13544877 42.60122283
  jla_mock 0.125298 38.88614965 0.13709229 38.92293877
  jla_mock 0.842123 43.76369558 0.28302626 43.70799902
  jla_mock 0.443668 42.17829008 0.15186631 42.02604821
  jla_mock 0.727675 43.16187616 0.24978201 43.31996388
  jla_mock 0.683659 42.57364596 0.41253064 43.15487294
  jla_mock 0.442548 41.69359542 0.13367762 42.01954139
  jla_mock 0.726679 43.37387299 0.20021505 43.31633517
  jla_mock 0.282510 40.97694937 0.12747632 40.88366322
  jla_mock 0.404549 41.84273999 0.12965359 41.78920526
  jla_mock 0.519611 42.46982564 0.13964385 42.43507170
  jla_mock 0.690652 43.12359900 0.23214813 43.18176896
  jla_mock 1.060801 44.15855236 0.27869308 44.32423223
  jla_mock 0.576612 42.55939586 0.15376326 42.70682983
  jla_mock 0.268489 40.86256470 0.12614174 40.75734943
  jla_mock 0.720680 43.18328819 0.25106936 43.29437771
  jla_mock 0.250498 40.53746783 0.13111277 40.58605882
  jla_mock 0.760691 43.65041564 0.27664014 43.43762712
  jla_mock 0.698167 42.72402013 0.26129048 43.21038422
  jla_mock 0.550315 42.77045283 0.16854352 42.58474650
  jla_mock 0.730128 43.40913982 0.23524622 43.32888057
  jla_mock 0.847985 44.26217228 0.24702775 43.72647209
  jla_mock 0.997826 44.41307208 0.24705649 44.16063709
  jla_mock 0.435446 41.90186444 0.13052406 41.97792194
  jla_mock 0.409470 41.84907877 0.12922369 41.82013748
  jla_mock 0.301590 41.30421283 0.12598595 41.04658579
  jla_mock 1.299106 44.78243678 0.19340708 44.86622170
  jla_mock 1.020807 44.30109232 0.23668119 44.22149044
  jla_mock 0.839734 43.51741564 0.19264717 43.70043465
  jla_mock 1.120850 44.39532367 0.20807086 44.47149026
  jla_mock 1.230892 44.82903119 0.23900250 44.72198803
  jla_mock 0.974230 44.20072010 0.18427047 44.09669905
  jla_mock 0.970782 44.10441433 0.33863365 44.08722847
  jla_mock 0.064229 37.20508987 0.15072784 37.38367208
  jla_mock 0.129030 39.15388322 0.16416611 38.99181609
  jla_mock 0.102890 38.30701896 0.14983539 38.46361443
  jla_mock 0.044130 36.54858891 0.17359564 36.53790737
  jla_mock 0.113040 38.52153952 0.15276523 38.68228835
  jla_mock 0.256110 40.82013181 0.20496122 40.64067411
  jla_mock 0.380260 41.89069019 0.28702753 41.63124000
  jla_mock 0.145470 39.05909128 0.16218924 39.27457233
  jla_mock 0.088890 38.01624102 0.14636771 38.12583382
  jla_mock 0.260590 40.28380287 0.18294429 40.68348731
  jla_mock 0.078910 37.61673315 0.15602647 37.85259413
  jla_mock 0.083040 38.11560397 0.15331705 37.96945274
  jla_mock 0.165650 39.68467429 0.13854363 39.58339248
  jla_mock 0.168170 39.35742643 0.16196037 39.61946333
  jla_mock 0.170630 39.68394440 0.16520984 39.65419380
  jla_mock 0.170280 39.54816327 0.17035518 39.64928098
  jla_mock 0.120440 38.86389576 0.15109792 38.83033422
  jla_mock 0.276530 40.56190650 0.21443501 40.83051212
  jla_mock 0.231600 40.61032505 0.18253328 40.39346548
  jla_mock 0.305690 41.15369173 0.26735001 41.08035322
  jla_mock 0.079970 37.81501922 0.16566195 37.88313388
  jla_mock 0.174150 39.89676563 0.15831009 39.70308864
  jla_mock 0.138680 39.15855007 0.16604939 39.16160914
  jla_mock 0.146070 39.31149118 0.16391832 39.28431597
  jla_mock 0.081330 38.03163095 0.14393418 37.92175604
  jla_mock 0.233800 40.41407939 0.17178002 40.41661639
  jla_mock 0.256550 40.80099020 0.17733386 40.64490939
  jla_mock 0.245620 40.28026274 0.20041043 40.53766308
  jla_mock 0.125930 39.01541444 0.19132506 38.93473721
  jla_mock 0.223510 40.27152772 0.21582750 40.30655156
  jla_mock 0.102640 38.28254401 0.14663754 38.45797501
  jla_mock 0.119670 39.06585402 0.14566661 38.81533475
  jla_mock 0.180550 39.58588217 0.16851019 39.78968278
  jla_mock 0.197090 40.05932868 0.17389574 40.00093917
  jla_mock 0.229160 40.13205512 0.19939442 40.36755056
  jla_mock 0.264510 40.65297228 0.19876199 40.72039640
  jla_mock 0.103370 38.50282325 0.12264053 38.47440587
  jla_mock 0.364410 41.51528548 0.23042794 41.52305266
  jla_mock 0.205600 40.27908367 0.15584351 40.10331215
  jla_mock 0.179810 39.76741964 0.19620482 39.77981734
  jla_mock 0.199590 39.91346698 0.18224440 40.03143112
  jla_mock 0.156530 39.40229999 0.15012954 39.44843626
  jla_mock 0.161800 39.58733146 0.14760764 39.52728616
  jla_mock 0.209530 40.47554831 0.20608020 40.14927240
  jla_mock 0.241790 40.79442752 0.19813238 40.49904000
  jla_mock 0.236460 40.63013519 0.16266354 40.44434112
  jla_mock 0.226680 40.15169679 0.21050732 40.34094863
  jla_mock 0.296780 41.00254606 0.19716042 41.00642792
  jla_mock 0.208520 40.23384721 0.16317028 40.13753731
  jla_mock 0.251040 40.40075209 0.22085837 40.59138241
  jla_mock 0.250120 40.42247055 0.17967388 40.58233978
  jla_mock 0.117710 38.82057980 0.14551100 38.77674059
  jla_mock 0.219710 40.19033509 0.16999397 40.26472003
  jla_mock 0.149010 39.26330485 0.14890457 39.33152597
  jla_mock 0.287420 41.16705910 0.18840122 40.92653533
  jla_mock 0.143600 39.15818660 0.16639625 39.24396193
  jla_mock 0.328370 40.79481412 0.19601268 41.25993440
  jla_mock 0.246250 40.73187258 0.16506508 40.54396300
  jla_mock 0.119660 38.81926584 0.15026680 38.81513935
  jla_mock 0.328380 41.23229421 0.27642285 41.26001103
  jla_mock 0.215130 40.47722162 0.18366862 40.21340500
  jla_mock 0.144780 39.42897316 0.13616902 39.26332062
  jla_mock 0.132430 38.86311928 0.12839376 39.05295780
  jla_mock 0.210820 40.27528279 0.16235031 40.16418499
  jla_mock 0.203990 40.12612980 0.15780808 40.08424872
  jla_mock 0.279520 40.61347152 0.16701092 40.85721851
  jla_mock 0.044280 36.59383380 0.15509722 36.54550888
  jla_mock 0.180370 39.65902128 0.15078404 39.78728654
  jla_mock 0.260700 40.33026493 0.18972170 40.68452998
  jla_mock 0.056540 37.27015991 0.18696980 37.09512776
  jla_mock 0.212600 40.23342971 0.19194689 40.18462419
  jla_mock 0.369410 41.57759974 0.23700047 41.55764247
  jla_mock 0.173860 39.86110776 0.13051969 39.69909525
  jla_mock 0.142650 39.32443703 0.16862649 39.22826819
  jla_mock 0.177890 39.46197557 0.17323466 39.75404371
  jla_mock 0.328370 41.16054260 0.20656404 41.25993440
  jla_mock 0.253510 40.66882978 0.19560920 40.61550974
  jla_mock 0.300010 41.01617238 0.19320267 41.03346007
  jla_mock 0.105890 38.65314724 0.14607715 38.53029502
  jla_mock 0.223280 40.45312879 0.16843887 40.30403838
  jla_mock 0.118450 38.88971337 0.12252294 38.79138243
  jla_mock 0.176530 39.82602571 0.17118858 39.73563069
  jla_mock 0.182800 39.79169994 0.18906536 39.81945031
  jla_mock 0.297620 40.87873447 0.22708191 41.01348391
  jla_mock 0.196990 40.09926940 0.16336648 39.99971206
  jla_mock 0.152950 39.42297348 0.14755004 39.39344849
  jla_mock 0.248500 40.29897077 0.17447627 40.56634213
  jla_mock 0.138180 39.02559209 0.12408786 39.15308754
  jla_mock 0.207040 39.96933460 0.17044837 40.12024608
  jla_mock 0.214680 40.22906334 0.18059604 40.20830882
  jla_mock 0.306320 41.27507889 0.21502986 41.08550488
  jla_mock 0.246950 40.54610177 0.17120148 40.55094551
  jla_mock 0.198010 40.02943891 0.14489973 40.01220161
  jla_mock 0.222560 40.23048919 0.15195110 40.29615558
  jla_mock 0.135080 39.20519800 0.15130600 39.09960029
  jla_mock 0.210540 39.89149921 0.18260591 40.16095532
  jla_mock 0.272580 40.88977364 0.16910743 40.79482057
  jla_mock 0.246600 40.18623144 0.16168519 40.54745654
  jla_mock 0.220680 40.07534389 0.19428942 40.27546119
  jla_mock 0.274470 41.00014622 0.19147108 40.81195729
  jla_mock 0.176560 39.85351498 0.15540451 39.73603828
  jla_mock 0.310880 41.28518504 0.22015615 41.12250493
  jla_mock 0.184350 40.11299764 0.17307932 39.83975978
  jla_mock 0.159350 39.79446408 0.14827050 39.49093145
  jla_mock 0.219760 40.46543898 0.16604587 40.26527477
  jla_mock 0.252050 40.51766876 0.18410044 40.60127456
  jla_mock 0.181220 39.66730757 0.14940352 39.79858271
  jla_mock 0.173730 39.81957592 0.13336424 39.69730310
  jla_mock 0.380470 41.81391275 0.24246083 41.63264525
  jla_mock 0.178650 39.72252117 0.17172186 39.76427650
  jla_mock 0.245680 40.80718447 0.18910008 40.53826371
  jla_mock 0.209100 40.22356862 0.16102286 40.14428268
  jla_mock 0.249470 40.48120814 0.20970726 40.57593247
  jla_mock 0.133920 38.88841148 0.16606211 39.07928968
  jla_mock 0.177060 39.77425512 0.16039966 39.74282196
  jla_mock 0.281110 40.76208081 0.18775324 40.87131332
  jla_mock 0.173830 39.76649705 0.15186906 39.69868179
  jla_mock 0.196540 39.85221194 0.16513423 39.99418292
  jla_mock 0.363970 41.48985417 0.22724835 41.51998782
  jla_mock 0.378350 41.65965287 0.26733097 41.61842592
  jla_mock 0.316460 40.90426326 0.21038880 41.16710744
  jla_mock 0.183220 39.89311670 0.13519430 39.82496925
  jla_mock 0.241020 40.43054438 0.16773658 40.49120702
  jla_mock 0.202030 40.31410813 0.19953174 40.06085237
  jla_mock 0.168690 39.58903236 0.16511959 39.62684391
  jla_mock 0.197940 39.75910935 0.17492454 40.01134639
  jla_mock 0.122760 38.84369424 0.14574653 38.87498830
  jla_mock 0.203180 40.02369164 0.16105255 40.07460514
  jla_mock 0.127390 38.99926935 0.14895509 38.96178192
  jla_mock 0.275490 40.82865084 0.19972760 40.82116060
  jla_mock 0.144680 39.46202321 0.14721731 39.26168579
  jla_mock 0.334360 41.52438749 0.24977783 41.30545460
  jla_mock 0.195800 39.62789461 0.15392559 39.98506502
  jla_mock 0.193920 40.04599969 0.16374737 39.96175638
  jla_mock 0.249730 40.57563208 0.18580683 40.57849724
  jla_mock 0.148600 39.32966728 0.14879989 39.32499474
  jla_mock 0.155960 39.33918911 0.14872192 39.43976020
  jla_mock 0.095820 38.39595877 0.15034816 38.29888959
  jla_mock 0.150650 39.40121533 0.15872946 39.35748429
  jla_mock 0.309330 41.15573048 0.24715745 41.10998454
  jla_mock 0.248570 40.40842492 0.17340396 40.56703537
  jla_mock 0.365540 41.38049252 0.24311996 41.53090809
  jla_mock 0.117710 38.76712896 0.12847626 38.77674059
  jla_mock 0.191760 39.74024642 0.14428474 39.93471648
  jla_mock 0.182550 39.88569743 0.16171197 39.81615965
  jla_mock 0.234720 40.51497279 0.18444964 40.42623815
  jla_mock 0.246470 40.68521502 0.19927669 40.54615947
  jla_mock 0.288450 40.75489583 0.18873457 40.93544325
  jla_mock 0.209600 40.45035488 0.19927022 40.15008378
  jla_mock 0.191980 39.93335386 0.17965405 39.93748342
  jla_mock 0.114020 38.61342277 0.12215388 38.70241012
  jla_mock 0.113890 38.91976503 0.18397194 38.69975030
  jla_mock 0.198800 39.95155783 0.20967258 40.02183405
  jla_mock 0.220580 40.24571553 0.22796022 40.27435587
  jla_mock 0.182570 39.97929438 0.16453718 39.81642306
  jla_mock 0.158950 39.62152363 0.16372575 39.48494661
  jla_mock 0.078490 37.95074594 0.14911597 37.84038499
  jla_mock 0.138640 39.21175480 0.13217046 39.16092847
  jla_mock 0.180790 40.06171621 0.15445548 39.79287433
  jla_mock 0.177570 39.80778024 0.18629282 39.74972302
  jla_mock 0.170660 39.70785137 0.16102003 39.65461446
  jla_mock 0.233810 40.44413076 0.20858516 40.41672116
  jla_mock 0.071530 37.30174005 0.17410666 37.62841570
  jla_mock 0.154630 39.48834104 0.18791656 39.41940058
  jla_mock 0.090100 37.99969146 0.15950858 38.15695339
  jla_mock 0.176580 39.73045498 0.20448697 39.73630997
  jla_mock 0.130450 38.60537499 0.16440638 39.01753336
  jla_mock 0.182040 39.77673913 0.17166998 39.80943370
  jla_mock 0.256170 40.71519171 0.17261330 40.64125204
  jla_mock 0.138110 39.23279626 0.14854031 39.15189221
  jla_mock 0.170700 39.51383167 0.16749506 39.65517524
  jla_mock 0.216740 40.38259245 0.14793120 40.23155770
  jla_mock 0.245550 40.45551576 0.17887642 40.53696217
  jla_mock 0.143820 39.07873357 0.16709807 39.24758242
  jla_mock 0.248620 40.69845541 0.18856198 40.56753043
  jla_mock 0.145330 39.22683975 0.17138622 39.27229342
  jla_mock 0.135880 39.12255109 0.12760365 39.11351263
  jla_mock 0.058740 37.27222915 0.12754402 37.18137021
  jla_mock 0.036520 36.03124471 0.15191506 36.11499823
  jla_mock 0.277490 40.92645717 0.22703402 40.83911561
  jla_mock 0.205150 39.46424331 0.29701418 40.09799780
  jla_mock 0.280510 40.70229110 0.20078942 40.86600318
  jla_mock 0.198670 40.15719379 0.16215673 40.02025140
  jla_mock 0.159990 39.27835102 0.15164286 39.50047815
  jla_mock 0.210750 40.40378544 0.18113105 40.16337794
  jla_mock 0.071950 37.46547987 0.17245857 37.64175542
  jla_mock 0.237820 40.66748375 0.19074175 40.45840525
  jla_mock 0.141390 39.06059932 0.17359013 39.20730191
  jla_mock 0.155060 39.35318599 0.15760876 39.42600081
  jla_mock 0.370130 41.65736450 0.22886799 41.56258778
  jla_mock 0.093910 38.37185775 0.17056414 38.25241093
  jla_mock 0.118630 38.72177489 0.17057943 38.79493094
  jla_mock 0.153630 39.47107759 0.15381057 39.40398478
  jla_mock 0.253560 40.17395549 0.16809525 40.61599591
  jla_mock 0.107250 38.80482305 0.14420228 38.55993725
  jla_mock 0.129610 39.01246248 0.15302154 39.00235225
  jla_mock 0.266650 40.86430304 0.19376454 40.74033372
  jla_mock 0.212260 40.06695905 0.16262819 40.18073232
  jla_mock 0.278220 40.81698671 0.18167466 40.84563951
  jla_mock 0.245400 40.53885826 0.16811689 40.53545960
  jla_mock 0.133620 39.04904780 0.15059378 39.07401011
  jla_mock 0.176560 39.86220007 0.16208219 39.73603828
  jla_mock 0.113680 38.59841456 0.14584429 38.69544762
  jla_mock 0.320380 41.23068556 0.26368273 41.19801010
  jla_mock 0.112710 38.72583956 0.12253270 38.67547563
  jla_mock 0.106020 38.59591225 0.14472955 38.53314397
  jla_mock 0.391350 42.22125135 0.26610488 41.70448789
  jla_mock 0.155750 39.28816055 0.14611530 39.43655631
  jla_mock 0.186670 39.89926165 0.16762102 39.86986452
  jla_mock 0.196710 40.12405140 0.16669908 39.99627308
  jla_mock 0.191910 40.08479657 0.17339098 39.93660335
  jla_mock 0.190840 40.00118738 0.15087610 39.92311374
  jla_mock 0.176250 39.93813892 0.15361286 39.73182344
  jla_mock 0.128370 38.92118514 0.15035584 38.97977249
  jla_mock 0.122620 38.88265381 0.14734428 38.87231625
  jla_mock 0.127150 39.01599131 0.14706216 38.95735627
  jla_mock 0.213230 40.38596185 0.17620944 40.19182042
  jla_mock 0.218610 40.35283436 0.18110338 40.25248623
  jla_mock 0.268560 40.95711088 0.19152223 40.75800422
  jla_mock 0.204660 39.79878323 0.16518790 40.09219879
  jla_mock 0.267100 40.63423596 0.17377576 40.74450740
  jla_mock 0.217570 40.32246957 0.17264916 40.24086733
  jla_mock 0.241850 40.58943453 0.17151433 40.49964940
  jla_mock 0.293500 40.92217492 0.20071643 40.97869876
  jla_mock 0.353460 41.39596847 0.23113786 41.44574541
  jla_mock 0.185630 39.83847091 0.15494760 39.85641243
  jla_mock 0.285430 40.74121303 0.19928385 40.90924132
  jla_mock 0.194940 39.58820882 0.16836015 39.97442839
  jla_mock 0.075920 38.19995715 0.14499851 37.76428887
  jla_mock 0.163570 39.66420587 0.15777754 39.55323307
  jla_mock 0.257210 40.31272306 0.20821329 40.65124979
  jla_mock 0.219550 40.55703195 0.18725136 40.26294408
  jla_mock 0.175580 40.02341196 0.15163366 39.72269036
  jla_mock 0.226670 40.42189611 0.18608202 40.34084082
  jla_mock 0.153220 39.33534720 0.15082218 39.39763723
  jla_mock 0.210250 40.17783006 0.19550076 40.15760614
  jla_mock 0.121640 38.77671656 0.12361443 38.85353115
  jla_mock 0.291350 40.99085054 0.19904915 40.96036745
  jla_mock 0.294480 41.36127126 0.27859702 40.98701345
  jla_mock 0.164550 39.47422558 0.12599124 39.56748698
  jla_mock 0.307020 40.78210658 0.20906564 41.09121752
  jla_mock 0.198630 39.86474847 0.16157737 40.01976424
  jla_mock 0.268210 40.62091155 0.21539519 40.75477485
  jla_mock 0.401280 41.79848239 0.24823001 41.76846410
  jla_mock 0.136680 38.89573500 0.15334431 39.12734848
  jla_mock 0.295420 41.01618608 0.24720467 40.99496487
  jla_mock 0.291920 41.03700184 0.19219946 40.96523948
  jla_mock 0.090070 38.30532856 0.12096556 38.15618664
  jla_mock 0.205570 39.89116201 0.18292629 40.10295819
  jla_mock 0.145820 39.17541678 0.14934529 39.28026067
  jla_mock 0.117670 38.97589934 0.14486540 38.77594667
  jla_mock 0.054990 36.88586319 0.14997934 37.03239938
  jla_mock 0.174200 39.83470753 0.15142908 39.70377654
  jla_mock 0.244950 40.56630106 0.18020903 40.53094681
  jla_mock 0.224520 40.13060328 0.18249954 40.31755948
  jla_mock 0.245580 40.60820738 0.16228277 40.53726258
  jla_mock 0.283510 40.91120540 0.21250233 40.89245014
  jla_mock 0.180560 39.92182858 0.17619167 39.78981584
  jla_mock 0.103910 38.55675064 0.12352191 38.48648974
  jla_mock 0.129610 38.94766687 0.15326847 39.00235225
  jla_mock 0.243520 40.51543944 0.16045597 40.51655525
  jla_mock 0.331360 41.13679357 0.26935111 41.28275125
  jla_mock 0.243480 40.26549482 0.19048000 40.51615157
  jla_mock 0.314680 41.30103463 0.17577640 41.15295859
  jla_mock 0.218650 40.08743950 0.18935500 40.25293209
  jla_mock 0.260140 40.80491547 0.21925656 40.67921764
  jla_mock 0.282430 40.69276277 0.19830733 40.88295904
  jla_mock 0.300410 41.21388577 0.20581539 41.03678905
  jla_mock 0.151860 39.64974571 0.14864409 39.37646794
  jla_mock 0.263570 40.72904868 0.18936772 40.71159189
  jla_mock 0.213820 40.39258220 0.20621233 40.19854195
  jla_mock 0.162840 39.52537598 0.16761662 39.54256362
  jla_mock 0.124400 38.88691603 0.17140549 38.90607803
  jla_mock 0.194650 40.14884543 0.13938689 39.97083181
  jla_mock 0.205540 39.93519292 0.18299408 40.10260419
  jla_mock 0.106670 38.48411573 0.14588621 38.54733939
  jla_mock 0.187720 39.81708295 0.18724598 39.88337565
  jla_mock 0.163870 39.37385846 0.15682059 39.55760493
  jla_mock 0.290210 41.01391685 0.19470283 40.95059702
  jla_mock 0.094010 38.27917146 0.12497638 38.25486653
  jla_mock 0.227860 40.45637766 0.18009820 40.35363931
  jla_mock 0.107510 38.36777219 0.14764565 38.56556368
  jla_mock 0.310650 41.15463664 0.22259423 41.12065070
  jla_mock 0.145640 39.31488792 0.15575872 39.27733684
  jla_mock 0.087840 38.01029671 0.12609586 38.09850103
  jla_mock 0.148390 39.42600943 0.15572534 39.32164294
  jla_mock 0.286620 41.17986286 0.19365541 40.91959626
  jla_mock 0.122810 38.84934467 0.13329108 38.87594191
  jla_mock 0.186550 39.64339759 0.20280242 39.86831590
  jla_mock 0.128930 39.04358358 0.15503539 38.98999503
  jla_mock 0.194220 39.73610847 0.16863568 39.96548983
  jla_mock 0.148000 39.47749646 0.14676099 39.31540643
  jla_mock 0.211790 40.22756585 0.22866165 40.17534289
  jla_mock 0.179620 39.66117834 0.17351314 39.77727823
  jla_mock 0.263490 40.80458224 0.18130204 40.71084123
  jla_mock 0.192150 39.99087430 0.15956887 39.93961949
  jla_mock 0.338800 41.30388866 0.22987627 41.33871350
  jla_mock 0.117410 38.68803957 0.14766783 38.77078001
  jla_mock 0.143100 39.22572309 0.16841647 39.23571421
  jla_mock 0.160350 39.45203379 0.13218212 39.50583255
  jla_mock 0.288720 41.32489662 0.21129560 40.93777350
  jla_mock 0.123030 38.75507016 0.15464992 38.88013347
  jla_mock 0.264050 40.59204669 0.18533646 40.71609141
  jla_mock 0.126080 38.76671217 0.17182656 38.93752932
  jla_mock 0.173740 39.69503787 0.14981160 39.69744100
  jla_mock 0.164400 39.59712918 0.14972618 39.56531039
  jla_mock 0.249610 40.45546517 0.16242204 40.57731380
  jla_mock 0.159990 39.44383561 0.15136580 39.50047815
  jla_mock 0.244480 40.62697092 0.15150476 40.52622528
  jla_mock 0.248510 40.62993456 0.17707716 40.56644117
  jla_mock 0.228930 40.39324064 0.16847625 40.36509465
  jla_mock 0.085280 37.82605917 0.14384543 38.03053562
  jla_mock 0.062818 37.17286261 0.14854713 37.33330552
  jla_mock 0.277450 41.04212815 0.23370164 40.83875768
  jla_mock 0.275440 40.68696142 0.21508178 40.82071019
  jla_mock 0.330510 40.99454684 0.21087893 41.27628421
  jla_mock 0.361930 41.69497171 0.24565378 41.50573334
  jla_mock 0.331030 41.13944640 0.21800830 41.28024234
  jla_mock 0.160500 39.64139528 0.12714994 39.50806025
  jla_mock 0.300210 41.19034536 0.20430208 41.03512507
  jla_mock 0.116350 38.56392749 0.12231010 38.74960383
  jla_mock 0.218290 40.33597984 0.16062208 40.24891663
  jla_mock 0.119670 38.78287733 0.12046332 38.81533475
  jla_mock 0.154730 39.22711965 0.12395445 39.42093704
  jla_mock 0.178100 39.84429997 0.16562813 39.75687524
  jla_mock 0.250370 40.51672467 0.16560962 40.58480004
  jla_mock 0.251740 40.55124417 0.14466362 40.59824225
  jla_mock 0.129530 39.23541124 0.14518911 39.00090162
  jla_mock 0.309290 41.23792456 0.18810950 41.10966066
  jla_mock 0.278520 40.64784026 0.17881943 40.84831601
  jla_mock 0.185810 39.81397791 0.13605911 39.85874567
  jla_mock 0.066510 37.56870005 0.17228058 37.46288716
  jla_mock 0.258000 40.83566439 0.18756945 40.65881939
  jla_mock 0.298880 40.93476556 0.21609463 41.02403360
  jla_mock 0.270440 40.85936739 0.22437165 40.77528452
  jla_mock 0.279160 40.97976259 0.17183675 40.85401700
  jla_mock 0.292870 40.87346819 0.21554431 40.97334010
  jla_mock 0.189650 40.10124003 0.15711153 39.90802874
  jla_mock 0.265760 40.90103136 0.19291042 40.73205999
  jla_mock 0.123760 39.00993010 0.14509081 38.89399154
  jla_mock 0.182550 39.98620092 0.14971699 39.81615965
  jla_mock 0.056340 36.89620332 0.14895035 37.08712772
  jla_mock 0.312880 41.00965447 0.18264477 41.13857562
  jla_mock 0.309150 40.98110191 0.22328713 41.10852682
  jla_mock 0.200610 40.26238053 0.15587566 40.04377042
  jla_mock 0.326400 41.16158695 0.20549386 41.24479642
  jla_mock 0.211630 40.09425811 0.13899445 40.17350567
  jla_mock 0.179690 39.70337954 0.15636245 39.77821398
  jla_mock 0.302400 41.32139024 0.19662226 41.05329027
  jla_mock 0.109240 38.35182815 0.14870399 38.60267717
  jla_mock 0.085220 38.06513389 0.15002378 38.02891950
  jla_mock 0.202310 40.39582424 0.16131988 40.06420752
  jla_mock 0.126490 38.87299387 0.15584855 38.94514516
  jla_mock 0.214570 40.26921199 0.16812914 40.20706159
  jla_mock 0.320450 41.41258876 0.19168742 41.19855877
  jla_mock 0.218350 40.25118756 0.17273249 40.24958630
  jla_mock 0.190100 40.08041247 0.15982384 39.91374343
  jla_mock 0.092430 38.08604920 0.15614025 38.21577494
  jla_mock 0.379860 41.70939296 0.18489314 41.62856135
  jla_mock 0.211340 40.43657352 0.16607978 40.17017243
  jla_mock 0.258330 40.49600951 0.18011571 40.66197505
  jla_mock 0.183270 39.63582476 0.16855779 39.82562548
  jla_mock 0.212950 40.08412460 0.17784935 40.18862452
  jla_mock 0.116510 38.68628637 0.15544019 38.75281185
  jla_mock 0.144010 39.10508596 0.17185674 39.25070505
  jla_mock 0.252490 40.80467892 0.18599877 40.60557260
  jla_mock 0.255390 40.94923485 0.21319916 40.63372916
  jla_mock 0.216980 40.62733003 0.18860575 40.23425302
  jla_mock 1.265901 44.83020546 0.22380442 44.79698974
  jla_mock 0.935774 43.89085176 0.22958872 43.98915483
  jla_mock 0.049519 36.65596164 0.20228994 36.79643881
  jla_mock 0.030325 35.47519926 0.18207848 35.70156680
  jla_mock 0.074579 37.48325354 0.21872943 37.72359936
  jla_mock 0.025198 35.07560760 0.22034080 35.29122886
  jla_mock 0.014411 34.27776122 0.20528439 34.06048197
  jla_mock 0.020792 34.65925867 0.19750056 34.86681304
  jla_mock 0.035218 36.25742904 0.20378488 36.03411951
  jla_mock 0.041657 36.57615958 0.21523275 36.40882742
  jla_mock 0.042400 36.41122322 0.20618664 36.44837502
  jla_mock 0.018902 34.62660880 0.18361956 34.65682456
  jla_mock 0.078840 38.23291479 0.21534076 37.85056359
  jla_mock 0.063345 37.43549443 0.20758765 37.35224323
  jla_mock 0.027637 35.40749835 0.23141589 35.49574473
  jla_mock 0.049325 36.66336268 0.21068097 36.78761579
  jla_mock 0.070153 37.61727200 0.22041411 37.58414793
  jla_mock 0.023909 35.30492038 0.18367797 35.17514301
  jla_mock 0.053126 36.96137754 0.22335947 36.95466158
  jla_mock 0.024951 35.16531003 0.18978288 35.26944337
  jla_mock 0.015664 34.36822813 0.20165316 34.24355971
  jla_mock 0.048984 36.93785588 0.15985830 36.77202553
  jla_mock 0.022399 35.11106455 0.18927946 35.03105780
  jla_mock 0.034854 35.61756825 0.23666209 36.01098585
  jla_mock 0.016966 34.61756100 0.20291443 34.41905369
  jla_mock 0.030721 35.63321678 0.18171781 35.73036747
  jla_mock 0.030482 35.78890760 0.18203752 35.71302906
  jla_mock 0.010550 32.96562039 0.21945028 33.37697498
  jla_mock 0.014256 34.18519618 0.17170736 34.03674778
  jla_mock 0.027688 35.73406346 0.18124529 35.49982939
  jla_mock 0.053860 37.01271980 0.15903793 36.98558282
  jla_mock 0.017672 34.81891788 0.19251135 34.50872719
  jla_mock 0.017450 34.60823231 0.17037052 34.48091679
  jla_mock 0.015573 34.21040224 0.20219934 34.23076011
  jla_mock 0.010060 33.33835152 0.23112569 33.27290010
  jla_mock 0.054931 37.13540947 0.18431298 37.02997807
  jla_mock 0.039083 36.31365802 0.16317419 36.26630443
  jla_mock 0.078317 37.98951794 0.18391968 37.83533784
  jla_mock 0.031764 35.89499169 0.15356487 35.80451887
  jla_mock 0.014440 33.93332939 0.22581465 34.06489449
  jla_mock 0.013533 33.47834415 0.22079334 33.92255325
  jla_mock 0.026677 35.49571729 0.19349962 35.41744509
  jla_mock 0.023360 35.12473502 0.17880596 35.12382045
  jla_mock 0.036934 36.35108040 0.19001518 36.14012659
  jla_mock 0.023552 34.75712477 0.17819828 35.14190296
  jla_mock 0.017483 34.62550137 0.19211831 34.48507280
  jla_mock 0.040259 36.28563603 0.17447686 36.33251957
  jla_mock 0.030381 36.03396985 0.20408145 35.70566190
  jla_mock 0.015504 34.52631819 0.20027602 34.22100552
  jla_mock 0.014151 34.01392968 0.18788306 34.02052423
  jla_mock 0.015487 34.10755934 0.18431337 34.21859562
  jla_mock 0.015554 34.11113151 0.19852180 34.22807833
  jla_mock 0.037075 35.85248714 0.15485493 36.14862211
  jla_mock 0.015482 34.29502980 0.20249750 34.21788633
  jla_mock 0.013324 34.03185342 0.18643777 33.88841558
  jla_mock 0.014575 33.94347185 0.20791179 34.08532079
  jla_mock 0.015791 34.59086875 0.19846605 34.26130051
  jla_mock 0.024746 35.39764328 0.17954713 35.25120075
  jla_mock 0.027748 35.57622620 0.17503344 35.50462544
  jla_mock 0.010888 33.87417200 0.25477943 33.44600638
  jla_mock 0.013652 33.89265276 0.18670962 33.94175799
  jla_mock 0.035755 36.03567398 0.16295663 36.06782528
  jla_mock 0.024725 35.03203435 0.17710562 35.24932362
  jla_mock 0.038086 36.23524699 0.17051564 36.20862960
  jla_mock 0.021541 35.02822407 0.17711857 34.94486566
  jla_mock 0.019581 34.71789444 0.17898631 34.73455541
  jla_mock 0.030416 35.94354737 0.17571774 35.70821759
  jla_mock 0.039219 36.31722846 0.17021381 36.27406046
  jla_mock 0.034971 36.12172088 0.15987848 36.01844730
  jla_mock 0.028561 35.46335713 0.17650121 35.56862791
  jla_mock 0.020997 34.87647521 0.18822756 34.88844780
  jla_mock 0.032538 35.87289581 0.18232286 35.85802163
  jla_mock 0.015469 34.19688129 0.19318910 34.21604112
  jla_mock 0.015678 34.48284987 0.20747940 34.24552235
  jla_mock 0.027499 35.45054320 0.15598630 35.48465493
  jla_mock 0.046856 36.79669504 0.17134850 36.67229170
  jla_mock 0.033173 36.11589994 0.18295753 35.90099459
  jla_mock 0.010291 33.13727541 0.23549671 33.32257649
  jla_mock 0.080103 37.67957812 0.17116407 37.88693845
  jla_mock 0.012317 33.86105642 0.20020781 33.71612539
  jla_mock 0.024586 35.43876982 0.20631378 35.23685912
  jla_mock 0.014467 33.97436249 0.20827809 34.06899482
  jla_mock 0.015154 34.22782230 0.18399751 34.17085499
  jla_mock 0.029086 35.72413298 0.17337203 35.60901553
  jla_mock 0.034781 36.01245110 0.17928903 36.00631801
  jla_mock 0.044920 36.78755192 0.14070569 36.57766347
  jla_mock 0.034074 35.85685462 0.16958177 35.96060864
  jla_mock 0.074870 37.56079658 0.14386215 37.73248819
  jla_mock 0.014960 33.84771173 0.19782876 34.14256149
  jla_mock 0.020396 34.81971294 0.17103812 34.82441926
  jla_mock 0.040689 36.47577499 0.17468105 36.35626161
  jla_mock 0.026567 35.02600420 0.18033141 35.40829726
  jla_mock 0.026881 35.40990992 0.15330990 35.43431258
  jla_mock 0.023471 35.10605099 0.17597781 35.13429215
  jla_mock 0.069122 37.59515941 0.19117659 37.55045468
  jla_mock 0.065193 37.64327229 0.15879632 37.41747470
  jla_mock 0.022980 35.35874138 0.17790505 35.08759706
  jla_mock 0.017387 34.45082544 0.19829162 34.47296098
  jla_mock 0.031485 35.84873664 0.15108749 35.78491972
  jla_mock 0.011184 33.47089316 0.19447979 33.50473574
  jla_mock 0.021956 35.07310118 0.17567209 34.98696935
  jla_mock 0.031484 35.62072718 0.15080691 35.78484917
  jla_mock 0.023321 35.29513028 0.20285194 35.12012958
  jla_mock 0.020390 34.94025734 0.18300723 34.82377071
  jla_mock 0.022466 34.72369341 0.18140785 35.03765097
  jla_mock 0.033614 36.23110651 0.18044129 35.93036816
  jla_mock 0.036969 36.41013060 0.17916902 36.14223835
  jla_mock 0.022629 35.04225787 0.18007478 35.05361062
  jla_mock 0.014700 34.49212185 0.18462322 34.10406779
  jla_mock 0.036950 36.35440585 0.14876338 36.14109221
  jla_mock 0.060959 37.26726877 0.12531329 37.26525946
  jla_mock 0.059289 37.39164034 0.12135718 37.20240586
  jla_mock 0.069751 37.71364088 0.15873536 37.57106733
  jla_mock 0.029526 35.82477211 0.17470465 35.64231764
  jla_mock 0.033255 35.44511238 0.17565362 35.90648512
  jla_mock 0.024159 35.16631911 0.18124182 35.19813107
  jla_mock 0.015999 34.06961916 0.19155982 34.29005387
  jla_mock 0.062961 37.42790920 0.16530929 37.33845928
  jla_mock 0.021706 35.07292096 0.19186355 34.96170055
  jla_mock 0.031638 35.68416890 0.18943844 35.79568859
  jla_mock 0.018599 34.53856402 0.17304818 34.62124460
  jla_mock 0.027064 35.36914221 0.17332763 35.44933715
  jla_mock 0.025468 35.35690527 0.18469991 35.31480424
  jla_mock 0.023810 35.07008936 0.19336693 35.16597435
  jla_mock 0.023867 35.07403873 0.18298494 35.17125784
  jla_mock 0.022068 35.07724004 0.16678206 34.99819802
