  jla_mock 0.503084 42.27223595 0.14571158 42.35104191
  jla_mock 0.580724 42.59509116 0.16122778 42.72544420
  jla_mock 0.494795 42.14329382 0.12070859 42.30792132
  jla_mock 0.345928 41.61100346 0.13253081 41.39127679
  jla_mock 0.677662 42.99213509 0.22871689 43.13159771
  jla_mock 0.610712 42.66360894 0.22548733 42.85755119
  jla_mock 0.866494 43.91547175 0.25803499 43.78399511
  jla_mock 0.330932 41.28022826 0.12801230 41.27949682
  jla_mock 0.798566 43.69305323 0.25919990 43.56669516
  jla_mock 0.449562 41.80552594 0.16139765 42.06004102
  jla_mock 0.371443 41.50194315 0.14921889 41.57158328
  jla_mock 0.291718 40.98332768 0.14231442 40.96351391
  jla_mock 0.355820 41.42602240 0.14101044 41.46259197
  jla_mock 0.461274 42.00569352 0.15587207 42.12637684
  jla_mock 0.283610 40.60953009 0.13055630 40.89332726
  jla_mock 0.632234 42.84675511 0.22182909 42.94863350
  jla_mock 0.466414 42.18068179 0.17243727 42.15499621
  jla_mock 0.268624 40.68492465 0.12820280 40.75859431
  jla_mock 0.946890 44.06780981 0.29224985 44.02068105
  jla_mock 0.924917 44.13850029 0.31213110 43.95800648
  jla_mock 0.693165 43.25633540 0.29243158 43.19137081
  jla_mock 0.625233 42.81071922 0.19088816 42.91933154
  jla_mock 0.896944 44.16348004 0.26745476 43.87607256
  jla_mock 0.608261 43.13230547 0.15987482 42.84698635
  jla_mock 0.789054 43.40451882 0.26932700 43.53484560
  jla_mock 0.578292 42.75564452 0.14637659 42.71444998
  jla_mock 0.590280 42.65308548 0.18966931 42.76822720
  jla_mock 0.719626 43.07985860 0.25305179 43.29050179
  jla_mock 0.210032 40.20574903 0.13132256 40.15508565
  jla_mock 0.766590 43.44096912 0.22576765 43.45813147
  jla_mock 0.858513 43.68340558 0.22289539 43.75933955
  jla_mock 0.367904 41.59307223 0.09931133 41.54726971
  jla_mock 0.558746 42.59136843 0.15678156 42.62447408
  jla_mock 0.848509 43.76255790 0.21739327 43.72811733
  jla_mock 0.996390 44.24031727 0.24266005 44.15678878
  jla_mock 0.776594 43.12482954 0.26449227 43.49255925
  jla_mock 0.582932 42.68786212 0.13306958 42.73538825
  jla_mock 0.583743 42.68119303 0.16752875 42.73903180
  jla_mock 0.796552 43.28171172 0.22887969 43.55998229
  jla_mock 0.588721 42.60337670 0.15579306 42.76129222
  jla_mock 0.913473 43.82052444 0.24294053 43.92478371
  jla_mock 0.768587 43.62795232 0.23905376 43.46503842
  jla_mock 0.948455 44.05407086 0.26528102 44.02509035
  jla_mock 0.513793 42.45611733 0.15287930 42.40577946
  jla_mock 0.733609 43.26672378 0.19294483 43.34148483
  jla_mock 0.637701 43.35405658 0.27010736 42.97130188
  jla_mock 0.765588 43.86302062 0.21113574 43.45465935
  jla_mock 0.434861 42.03497273 0.15772880 41.97446567
  jla_mock 0.983407 43.87273402 0.25879722 44.12174547
  jla_mock 0.583743 42.77917568 0.16232669 42.73903180
  jla_mock 0.700631 43.08603475 0.21687358 43.21970245
  jla_mock 0.662058 43.06050377 0.21294856 43.07010358
  jla_mock 0.838126 44.25404675 0.28077453 43.69533139
  jla_mock 0.621874 42.75993524 0.17546981 42.90516222
  jla_mock 0.370586 41.66331871 0.14291643 41.56571521
  jla_mock 0.416632 42.04764305 0.13815441 41.86454678
  jla_mock 0.358570 41.43120967 0.10704088 41.48209300
  jla_mock 0.451681 42.06622428 0.15278703 42.07216096
  jla_mock 0.522762 42.37870700 0.16112888 42.45080836
  jla_mock 0.733996 43.38632907 0.30408870 43.34288256
  jla_mock 0.701965 42.90455407 0.31176741 43.22473424
  jla_mock 0.742008 43.17573246 0.29013165 43.37166168
  jla_mock 0.746118 43.73585693 0.21822021 43.38630913
  jla_mock 0.349560 41.43968764 0.13472825 41.41767712
  jla_mock 0.591835 42.78243538 0.15357327 42.77512718
  jla_mock 0.514746 42.73304477 0.15561143 42.41059876
  jla_mock 0.620632 42.67528010 0.18447364 42.89990471
  jla_mock 0.643646 42.97949822 0.24392132 42.99574384
  jla_mock 1.002795 44.32820480 0.33216844 44.17391138
  jla_mock 0.470586 42.32233200 0.14420733 42.17801083
  jla_mock 0.610643 42.91533144 0.15877872 42.85725432
  jla_mock 0.263487 40.72646864 0.12804977 40.71081308
  jla_mock 0.358336 41.37294206 0.12918713 41.48043901
  jla_mock 0.742697 42.96902145 0.25908753 43.37412260
  jla_mock 0.451556 42.24548018 0.11538935 42.07144747
  jla_mock 0.910752 43.25852142 0.26164869 43.91682448
  jla_mock 0.552605 42.48942628 0.15821060 42.59559344
  jla_mock 0.337534 41.24262131 0.12813367 41.32927134
  jla_mock 0.750681 43.47057573 0.24281434 43.40248043
  jla_mock 0.983777 44.77477811 0.34665096 44.12275046
  jla_mock 0.822697 43.64977547 0.22175759 43.64587597
  jla_mock 0.813696 43.63158561 0.24256727 43.61660738
  jla_mock 0.950763 43.77245292 0.26472927 44.03158000
  jla_mock 0.817732 43.81319133 0.24643394 43.62976987
  jla_mock 0.340520 41.37209175 0.12574260 41.35148976
  jla_mock 0.960751 44.04147465 0.28766046 44.05948701
  jla_mock 0.810720 43.86291762 0.27275574 43.60686128
  jla_mock 0.756687 43.18014406 0.24755189 43.42362217
  jla_mock 0.611252 42.86542827 0.18572910 42.85987342
  jla_mock 0.877971 44.10174136 0.22378685 43.81906566
  jla_mock 0.548325 42.55504995 0.14258079 42.57528608
  jla_mock 0.809032 43.28935706 0.23222084 43.60131782
  jla_mock 1.028800 44.41993847 0.28337345 44.24233887
  jla_mock 0.627239 42.89850413 0.17555461 42.92775911
  jla_mock 0.422452 41.99518985 0.15606690 41.90011713
  jla_mock 0.933900 44.15933487 0.34999950 43.98380379
  jla_mock 0.701158 43.03711709 0.22740618 43.22169137
  jla_mock 0.697164 43.30032891 0.20952266 43.20658211
  jla_mock 0.685179 43.17745099 0.27044472 43.16074133
  jla_mock 0.767075 43.87921163 0.25233801 43.45981051
  jla_mock 0.931901 43.87374255 0.25136810 43.97808419
  jla_mock 0.863978 43.64534984 0.24510246 43.77624644
  jla_mock 0.749100 43.48802164 0.22590126 43.39688808
  jla_mock 0.514353 42.38075638 0.15357466 42.40861238
  jla_mock 0.468406 42.26795237 0.11440416 42.16600877
  jla_mock 0.470398 41.92871265 0.15654577 42.17697783
  jla_mock 0.958871 44.12101428 0.27681249 44.05425605
  jla_mock 0.927909 44.03233662 0.29724149 43.96662606
  jla_mock 0.840522 43.56008451 0.21913135 43.70293203
  jla_mock 0.630699 43.01930137 0.17083127 42.94223535
  jla_mock 0.562751 42.65442206 0.14440652 42.64314895
  jla_mock 0.615698 42.93861115 0.16969222 42.87891969
  jla_mock 0.828528 44.07538078 0.22446355 43.66467138
  jla_mock 0.564741 42.46786805 0.16042692 42.65238167
  jla_mock 0.578745 42.73272166 0.14758356 42.71650114
  jla_mock 0.557743 42.68473891 0.15831963 42.61977749
  jla_mock 0.864497 44.00241952 0.22870035 43.77784663
  jla_mock 0.735608 43.75640906 0.23468503 43.34869704
  jla_mock 0.858507 43.46318257 0.28336591 43.75932093
  jla_mock 0.261984 40.71586602 0.10443414 40.69667086
  jla_mock 0.585743 42.79398237 0.18660838 42.74799676
  jla_mock 0.761580 43.23463716 0.21598834 43.44072697
  jla_mock 0.488800 42.21459444 0.11155101 42.27631225
  jla_mock 0.858516 43.68339244 0.27431051 43.75934886
  jla_mock 0.688656 43.11836033 0.18053033 43.17411869
  jla_mock 0.558743 42.59022854 0.15491557 42.62446004
  jla_mock 0.324532 41.23172333 0.12601850 41.23036431
  jla_mock 0.480704 42.08629405 0.10839252 42.23304676
  jla_mock 0.185371 39.85192796 0.13095679 39.85305148
  jla_mock 0.922221 43.53372331 0.33854809 43.95021620
  jla_mock 0.681942 43.10180149 0.19640351 43.14822898
  jla_mock 0.475707 42.37758491 0.10811298 42.20600231
  jla_mock 0.922210 43.83627694 0.27644363 43.95018437
  jla_mock 0.893183 43.74008792 0.25783329 43.86486632
  jla_mock 0.428646 41.98844931 0.14143599 41.93747792
  jla_mock 0.631882 42.75837523 0.23474045 42.94716761
  jla_mock 0.699960 43.23802080 0.25834877 43.21716801
  jla_mock 0.736007 43.35078851 0.26468680 43.35013433
  jla_mock 0.575823 42.56445614 0.15953941 42.70324385
  jla_mock 0.418633 41.78449401 0.10651651 41.87682801
  jla_mock 0.511746 42.35339284 0.12000546 42.39539947
  jla_mock 0.535771 42.15587701 0.12653138 42.51485102
  jla_mock 0.641893 43.27697677 0.21547239 42.98855901
  jla_mock 0.734996 43.24477840 0.22720400 43.34649100
  jla_mock 0.351560 41.60537460 0.13079492 41.43210698
  jla_mock 0.609860 42.93637567 0.17401244 42.85388326
  jla_mock 0.349557 41.32006853 0.13436921 41.41765542
  jla_mock 0.701969 43.27360905 0.18819535 43.22474932
  jla_mock 0.355261 41.49413713 0.10427939 41.45861096
  jla_mock 0.983280 44.52994814 0.25756994 44.12140043
  jla_mock 0.872152 43.70879079 0.26597542 43.80134063
  jla_mock 0.759030 43.58520816 0.20819082 43.43182601
  jla_mock 0.926220 43.96591092 0.24599386 43.96176361
  jla_mock 0.643642 42.65777448 0.22846121 42.99572746
  jla_mock 0.419569 41.88549118 0.13772753 41.88255410
  jla_mock 0.515587 42.67138796 0.20313602 42.41484477
  jla_mock 0.890729 43.76895303 0.21057911 43.85752952
  jla_mock 0.805696 43.46218506 0.22987004 43.59032927
  jla_mock 0.480568 42.14262592 0.10874993 42.23231419
  jla_mock 0.800697 43.39527847 0.24546005 43.57378020
  jla_mock 0.580604 42.94832957 0.18881444 42.72490274
  jla_mock 0.715652 42.92292625 0.24396561 43.27583891
  jla_mock 0.805695 43.65146054 0.23276535 43.59032597
  jla_mock 0.766684 43.13331279 0.25283777 43.45845698
  jla_mock 0.664638 43.11439081 0.19578546 43.08036579
  jla_mock 0.901736 43.38854924 0.25190507 43.89028441
  jla_mock 0.745665 43.72871378 0.21142864 43.38469852
  jla_mock 0.718680 42.97627702 0.20380008 43.28701838
  jla_mock 0.736690 43.21348966 0.19636251 43.35259294
  jla_mock 0.579600 42.81306267 0.12084594 42.72036839
  jla_mock 0.370531 41.62343583 0.10256736 41.56533819
  jla_mock 0.960740 44.34929173 0.23956115 44.05945643
  jla_mock 0.850729 43.45687040 0.21179952 43.73507669
  jla_mock 0.648640 43.31852991 0.19254569 43.01611076
  jla_mock 0.219462 40.33446875 0.13036783 40.26196681
  jla_mock 0.936755 44.00791065 0.24129989 43.99195180
  jla_mock 0.647639 42.93313624 0.17876349 43.01204038
  jla_mock 0.461564 41.89868543 0.13341110 42.12799943
  jla_mock 0.600603 43.05561004 0.17945434 42.81371586
  jla_mock 0.670654 43.06908804 0.23100742 43.10414845
  jla_mock 0.760698 43.31914011 0.20946016 43.43765154
  jla_mock 0.246492 40.58512409 0.13212126 40.54637902
  jla_mock 0.470573 42.26876480 0.14759396 42.17793941
  jla_mock 0.169455 39.78843543 0.11209573 39.63766354
  jla_mock 0.497379 42.18775567 0.12912927 42.32143557
  jla_mock 0.638234 42.97432529 0.19688575 42.97350203
  jla_mock 0.507371 42.15052224 0.14542671 42.37308383
  jla_mock 0.535327 42.26628476 0.14229510 42.51268936
  jla_mock 0.587285 42.54984291 0.16639385 42.75488905
  jla_mock 0.773081 43.68013979 0.25620999 43.48051857
  jla_mock 0.699166 42.91343118 0.22210270 43.21416597
  jla_mock 0.370511 41.59854840 0.12736057 41.56520108
  jla_mock 0.761089 43.39256490 0.22808946 43.43901534
  jla_mock 0.699169 43.22314042 0.21959570 43.21417732
  jla_mock 0.788060 43.70911344 0.19242158 43.53149594
  jla_mock 0.373513 41.40722214 0.13202741 41.58570563
  jla_mock 0.405478 41.69156192 0.13198879 41.79507130
  jla_mock 0.852994 44.10704844 0.25729076 43.74215894
  jla_mock 0.808048 43.15631456 0.24185374 43.59808117
  jla_mock 0.603272 42.64538788 0.18397635 42.82535672
  jla_mock 0.583290 42.63079941 0.17902789 42.73699721
  jla_mock 0.534335 42.44877046 0.14774220 42.50785365
  jla_mock 0.720140 43.24655307 0.24070231 43.29239263
  jla_mock 0.400485 41.79556879 0.21060605 41.76339635
  jla_mock 0.837004 43.50235687 0.21502566 43.69176490
  jla_mock 0.371508 41.66297868 0.10193219 41.57202784
  jla_mock 0.806041 43.86861167 0.25907683 43.59146772
  jla_mock 0.840005 43.74019396 0.23506835 43.70129378
  jla_mock 0.500728 42.19090060 0.12981336 42.33885355
  jla_mock 0.532765 42.44661506 0.17422186 42.50018312
  jla_mock 0.533766 42.54338928 0.18215335 42.50507613
  jla_mock 0.932229 44.29961505 0.34152943 43.97902349
  jla_mock 0.822103 43.93539376 0.25790730 43.64395405
  jla_mock 0.553797 42.61309363 0.13544877 42.60122283
  jla_mock 0.125298 38.65730586 0.13709229 38.92293877
  jla_mock 0.842123 44.04543740 0.28302626 43.70799902
  jla_mock 0.443668 42.07943469 0.15186631 42.02604821
  jla_mock 0.727675 43.43929431 0.24978201 43.31996388
  jla_mock 0.683659 42.79797775 0.41253064 43.15487294
  jla_mock 0.442548 41.84664014 0.13367762 42.01954139
  jla_mock 0.726679 43.15331215 0.20021505 43.31633517
  jla_mock 0.282510 40.73953312 0.12747632 40.88366322
  jla_mock 0.404549 41.93201455 0.12965359 41.78920526
  jla_mock 0.519611 42.46614261 0.13964385 42.43507170
  jla_mock 0.690652 42.90157359 0.23214813 43.18176896
  jla_mock 1.060801 43.99684177 0.27869308 44.32423223
  jla_mock 0.576612 42.78427854 0.15376326 42.70682983
  jla_mock 0.268489 40.75047313 0.12614174 40.75734943
  jla_mock 0.720680 43.40829857 0.25106936 43.29437771
  jla_mock 0.250498 40.48803863 0.13111277 40.58605882
  jla_mock 0.760691 43.41784553 0.27664014 43.43762712
  jla_mock 0.698167 43.23714467 0.26129048 43.21038422
  jla_mock 0.550315 42.42111600 0.16854352 42.58474650
  jla_mock 0.730128 42.96041520 0.23524622 43.32888057
  jla_mock 0.847985 43.26805304 0.24702775 43.72647209
  jla_mock 0.997826 44.10749270 0.24705649 44.16063709
  jla_mock 0.435446 41.85910267 0.13052406 41.97792194
  jla_mock 0.409470 42.01745429 0.12922369 41.82013748
  jla_mock 0.301590 41.02094818 0.12598595 41.04658579
  jla_mock 1.299106 44.74175100 0.19340708 44.86622170
  jla_mock 1.020807 43.86401481 0.23668119 44.22149044
  jla_mock 0.839734 43.42542671 0.19264717 43.70043465
  jla_mock 1.120850 44.74550048 0.20807086 44.47149026
  jla_mock 1.230892 44.83700381 0.23900250 44.72198803
  jla_mock 0.974230 44.04348503 0.18427047 44.09669905
  jla_mock 0.970782 43.54525493 0.33863365 44.08722847
  jla_mock 0.064229 37.33281607 0.15072784 37.38367208
  jla_mock 0.129030 38.88031769 0.16416611 38.99181609
  jla_mock 0.102890 38.55534460 0.14983539 38.46361443
  jla_mock 0.044130 36.60756990 0.17359564 36.53790737
  jla_mock 0.113040 38.52387997 0.15276523 38.68228835
  jla_mock 0.256110 40.85549855 0.20496122 40.64067411
  jla_mock 0.380260 41.62568778 0.28702753 41.63124000
  jla_mock 0.145470 39.11071270 0.16218924 39.27457233
  jla_mock 0.088890 38.16727110 0.14636771 38.12583382
  jla_mock 0.260590 40.72887569 0.18294429 40.68348731
  jla_mock 0.078910 37.70792130 0.15602647 37.85259413
  jla_mock 0.083040 37.93361519 0.15331705 37.96945274
  jla_mock 0.165650 39.46647943 0.13854363 39.58339248
  jla_mock 0.168170 39.73578088 0.16196037 39.61946333
  jla_mock 0.170630 39.57368508 0.16520984 39.65419380
  jla_mock 0.170280 39.41467385 0.17035518 39.64928098
  jla_mock 0.120440 38.71649339 0.15109792 38.83033422
  jla_mock 0.276530 40.70855973 0.21443501 40.83051212
  jla_mock 0.231600 40.25565570 0.18253328 40.39346548
  jla_mock 0.305690 40.83699764 0.26735001 41.08035322
  jla_mock 0.079970 37.44557597 0.16566195 37.88313388
  jla_mock 0.174150 39.68714653 0.15831009 39.70308864
  jla_mock 0.138680 39.09436685 0.16604939 39.16160914
  jla_mock 0.146070 39.09834407 0.16391832 39.28431597
  jla_mock 0.081330 37.98105467 0.14393418 37.92175604
  jla_mock 0.233800 40.48746259 0.17178002 40.41661639
  jla_mock 0.256550 40.61254946 0.17733386 40.64490939
  jla_mock 0.245620 40.53917114 0.20041043 40.53766308
  jla_mock 0.125930 39.04324961 0.19132506 38.93473721
  jla_mock 0.223510 40.12240042 0.21582750 40.30655156
  jla_mock 0.102640 38.52299708 0.14663754 38.45797501
  jla_mock 0.119670 38.91835044 0.14566661 38.81533475
  jla_mock 0.180550 39.70177927 0.16851019 39.78968278
  jla_mock 0.197090 40.09463310 0.17389574 40.00093917
  jla_mock 0.229160 40.34288744 0.19939442 40.36755056
  jla_mock 0.264510 40.55480301 0.19876199 40.72039640
  jla_mock 0.103370 38.70055226 0.12264053 38.47440587
  jla_mock 0.364410 41.77707641 0.23042794 41.52305266
  jla_mock 0.205600 40.15924869 0.15584351 40.10331215
  jla_mock 0.179810 39.62766693 0.19620482 39.77981734
  jla_mock 0.199590 40.13297047 0.18224440 40.03143112
  jla_mock 0.156530 39.79409353 0.15012954 39.44843626
  jla_mock 0.161800 39.57781504 0.14760764 39.52728616
  jla_mock 0.209530 39.71032000 0.20608020 40.14927240
  jla_mock 0.241790 40.65375840 0.19813238 40.49904000
  jla_mock 0.236460 40.59186626 0.16266354 40.44434112
  jla_mock 0.226680 40.46370296 0.21050732 40.34094863
  jla_mock 0.296780 41.17765472 0.19716042 41.00642792
  jla_mock 0.208520 40.20749214 0.16317028 40.13753731
  jla_mock 0.251040 41.03726443 0.22085837 40.59138241
  jla_mock 0.250120 40.42476981 0.17967388 40.58233978
  jla_mock 0.117710 38.76700070 0.14551100 38.77674059
  jla_mock 0.219710 40.06276354 0.16999397 40.26472003
  jla_mock 0.149010 39.36833498 0.14890457 39.33152597
  jla_mock 0.287420 40.84328384 0.18840122 40.92653533
  jla_mock 0.143600 39.37316547 0.16639625 39.24396193
  jla_mock 0.328370 41.32292413 0.19601268 41.25993440
  jla_mock 0.246250 40.54629176 0.16506508 40.54396300
  jla_mock 0.119660 38.94844023 0.15026680 38.81513935
  jla_mock 0.328380 41.59086080 0.27642285 41.26001103
  jla_mock 0.215130 40.24140385 0.18366862 40.21340500
  jla_mock 0.144780 39.30903108 0.13616902 39.26332062
  jla_mock 0.132430 38.99440590 0.12839376 39.05295780
  jla_mock 0.210820 40.01786123 0.16235031 40.16418499
  jla_mock 0.203990 40.06452397 0.15780808 40.08424872
  jla_mock 0.279520 40.95823358 0.16701092 40.85721851
  jla_mock 0.044280 36.50823846 0.15509722 36.54550888
  jla_mock 0.180370 39.66488165 0.15078404 39.78728654
  jla_mock 0.260700 40.61998120 0.18972170 40.68452998
  jla_mock 0.056540 37.09264690 0.18696980 37.09512776
  jla_mock 0.212600 40.36162652 0.19194689 40.18462419
  jla_mock 0.369410 41.47073186 0.23700047 41.55764247
  jla_mock 0.173860 39.66573838 0.13051969 39.69909525
  jla_mock 0.142650 39.28007278 0.16862649 39.22826819
  jla_mock 0.177890 39.80080403 0.17323466 39.75404371
  jla_mock 0.328370 41.15183847 0.20656404 41.25993440
  jla_mock 0.253510 40.49447305 0.19560920 40.61550974
  jla_mock 0.300010 41.17267685 0.19320267 41.03346007
  jla_mock 0.105890 38.65509025 0.14607715 38.53029502
  jla_mock 0.223280 40.31290790 0.16843887 40.30403838
  jla_mock 0.118450 38.70483008 0.12252294 38.79138243
  jla_mock 0.176530 39.76189797 0.17118858 39.73563069
  jla_mock 0.182800 39.37290807 0.18906536 39.81945031
  jla_mock 0.297620 41.17577245 0.22708191 41.01348391
  jla_mock 0.196990 39.56372367 0.16336648 39.99971206
  jla_mock 0.152950 39.45086445 0.14755004 39.39344849
  jla_mock 0.248500 40.68026738 0.17447627 40.56634213
  jla_mock 0.138180 39.19239767 0.12408786 39.15308754
  jla_mock 0.207040 40.16736629 0.17044837 40.12024608
  jla_mock 0.214680 39.89558623 0.18059604 40.20830882
  jla_mock 0.306320 40.97223403 0.21502986 41.08550488
  jla_mock 0.246950 40.44255303 0.17120148 40.55094551
  jla_mock 0.198010 40.04337034 0.14489973 40.01220161
  jla_mock 0.222560 40.20779528 0.15195110 40.29615558
  jla_mock 0.135080 39.09206345 0.15130600 39.09960029
  jla_mock 0.210540 39.70290195 0.18260591 40.16095532
  jla_mock 0.272580 40.61762290 0.16910743 40.79482057
  jla_mock 0.246600 40.76912228 0.16168519 40.54745654
  jla_mock 0.220680 40.33117407 0.19428942 40.27546119
  jla_mock 0.274470 41.02000645 0.19147108 40.81195729
  jla_mock 0.176560 39.77933324 0.15540451 39.73603828
  jla_mock 0.310880 41.10139483 0.22015615 41.12250493
  jla_mock 0.184350 39.79556015 0.17307932 39.83975978
  jla_mock 0.159350 39.52676650 0.14827050 39.49093145
  jla_mock 0.219760 39.96191431 0.16604587 40.26527477
  jla_mock 0.252050 40.76966885 0.18410044 40.60127456
  jla_mock 0.181220 39.76289898 0.14940352 39.79858271
  jla_mock 0.173730 39.76098429 0.13336424 39.69730310
  jla_mock 0.380470 41.83147532 0.24246083 41.63264525
  jla_mock 0.178650 39.78522632 0.17172186 39.76427650
  jla_mock 0.245680 40.44372069 0.18910008 40.53826371
  jla_mock 0.209100 40.11245928 0.16102286 40.14428268
  jla_mock 0.249470 40.40465385 0.20970726 40.57593247
  jla_mock 0.133920 38.94125378 0.16606211 39.07928968
  jla_mock 0.177060 39.68135347 0.16039966 39.74282196
  jla_mock 0.281110 40.99246104 0.18775324 40.87131332
  jla_mock 0.173830 39.77679237 0.15186906 39.69868179
  jla_mock 0.196540 40.15684263 0.16513423 39.99418292
  jla_mock 0.363970 41.18383851 0.22724835 41.51998782
  jla_mock 0.378350 41.28936780 0.26733097 41.61842592
  jla_mock 0.316460 41.32880195 0.21038880 41.16710744
  jla_mock 0.183220 39.86181020 0.13519430 39.82496925
  jla_mock 0.241020 40.53719113 0.16773658 40.49120702
  jla_mock 0.202030 40.18868971 0.19953174 40.06085237
  jla_mock 0.168690 39.45738997 0.16511959 39.62684391
  jla_mock 0.197940 40.10036696 0.17492454 40.01134639
  jla_mock 0.122760 38.74594554 0.14574653 38.87498830
  jla_mock 0.203180 40.01869453 0.16105255 40.07460514
  jla_mock 0.127390 38.49376917 0.14895509 38.96178192
  jla_mock 0.275490 40.93060066 0.19972760 40.82116060
  jla_mock 0.144680 39.27093348 0.14721731 39.26168579
  jla_mock 0.334360 41.26423565 0.24977783 41.30545460
  jla_mock 0.195800 39.81489888 0.15392559 39.98506502
  jla_mock 0.193920 39.77453925 0.16374737 39.96175638
  jla_mock 0.249730 40.58260331 0.18580683 40.57849724
  jla_mock 0.148600 39.21066618 0.14879989 39.32499474
  jla_mock 0.155960 39.46050649 0.14872192 39.43976020
  jla_mock 0.095820 38.33918066 0.15034816 38.29888959
  jla_mock 0.150650 39.42406851 0.15872946 39.35748429
  jla_mock 0.309330 41.22881341 0.24715745 41.10998454
  jla_mock 0.248570 40.77419424 0.17340396 40.56703537
  jla_mock 0.365540 41.49832044 0.24311996 41.53090809
  jla_mock 0.117710 38.84053046 0.12847626 38.77674059
  jla_mock 0.191760 39.89631290 0.14428474 39.93471648
  jla_mock 0.182550 40.10328033 0.16171197 39.81615965
  jla_mock 0.234720 40.31462068 0.18444964 40.42623815
  jla_mock 0.246470 40.67465733 0.19927669 40.54615947
  jla_mock 0.288450 41.11901722 0.18873457 40.93544325
  jla_mock 0.209600 40.17485309 0.19927022 40.15008378
  jla_mock 0.191980 39.93471574 0.17965405 39.93748342
  jla_mock 0.114020 38.84821442 0.12215388 38.70241012
  jla_mock 0.113890 38.44648857 0.18397194 38.69975030
  jla_mock 0.198800 40.43006016 0.20967258 40.02183405
  jla_mock 0.220580 40.06130170 0.22796022 40.27435587
  jla_mock 0.182570 39.71733714 0.16453718 39.81642306
  jla_mock 0.158950 39.43964134 0.16372575 39.48494661
  jla_mock 0.078490 37.79155827 0.14911597 37.84038499
  jla_mock 0.138640 39.11465413 0.13217046 39.16092847
  jla_mock 0.180790 39.81127873 0.15445548 39.79287433
  jla_mock 0.177570 39.61809267 0.18629282 39.74972302
  jla_mock 0.170660 39.68223184 0.16102003 39.65461446
  jla_mock 0.233810 40.29213168 0.20858516 40.41672116
  jla_mock 0.071530 37.94438345 0.17410666 37.62841570
  jla_mock 0.154630 39.27299200 0.18791656 39.41940058
  jla_mock 0.090100 38.22047788 0.15950858 38.15695339
  jla_mock 0.176580 39.54775900 0.20448697 39.73630997
  jla_mock 0.130450 38.90969403 0.16440638 39.01753336
  jla_mock 0.182040 39.82564113 0.17166998 39.80943370
  jla_mock 0.256170 40.99189395 0.17261330 40.64125204
  jla_mock 0.138110 39.11318354 0.14854031 39.15189221
  jla_mock 0.170700 39.45511423 0.16749506 39.65517524
  jla_mock 0.216740 40.26863658 0.14793120 40.23155770
  jla_mock 0.245550 40.73297385 0.17887642 40.53696217
  jla_mock 0.143820 39.49443247 0.16709807 39.24758242
  jla_mock 0.248620 40.43704459 0.18856198 40.56753043
  jla_mock 0.145330 39.41639585 0.17138622 39.27229342
  jla_mock 0.135880 39.28074959 0.12760365 39.11351263
  jla_mock 0.058740 37.27996466 0.12754402 37.18137021
  jla_mock 0.036520 36.14692520 0.15191506 36.11499823
  jla_mock 0.277490 40.99184555 0.22703402 40.83911561
  jla_mock 0.205150 39.78561728 0.29701418 40.09799780
  jla_mock 0.280510 40.93926363 0.20078942 40.86600318
  jla_mock 0.198670 39.95112183 0.16215673 40.02025140
  jla_mock 0.159990 39.67583102 0.15164286 39.50047815
  jla_mock 0.210750 40.13451245 0.18113105 40.16337794
  jla_mock 0.071950 37.53808490 0.17245857 37.64175542
  jla_mock 0.237820 40.40883548 0.19074175 40.45840525
  jla_mock 0.141390 39.05646708 0.17359013 39.20730191
  jla_mock 0.155060 39.39310125 0.15760876 39.42600081
  jla_mock 0.370130 41.38603986 0.22886799 41.56258778
  jla_mock 0.093910 38.36790854 0.17056414 38.25241093
  jla_mock 0.118630 38.99984869 0.17057943 38.79493094
  jla_mock 0.153630 39.32098522 0.15381057 39.40398478
  jla_mock 0.253560 40.50825967 0.16809525 40.61599591
  jla_mock 0.107250 38.14491019 0.14420228 38.55993725
  jla_mock 0.129610 39.03365125 0.15302154 39.00235225
  jla_mock 0.266650 40.61908230 0.19376454 40.74033372
  jla_mock 0.212260 39.99945288 0.16262819 40.18073232
  jla_mock 0.278220 40.98146198 0.18167466 40.84563951
  jla_mock 0.245400 40.61698587 0.16811689 40.53545960
  jla_mock 0.133620 39.02371415 0.15059378 39.07401011
  jla_mock 0.176560 39.76885579 0.16208219 39.73603828
  jla_mock 0.113680 38.59957976 0.14584429 38.69544762
  jla_mock 0.320380 41.19497949 0.26368273 41.19801010
  jla_mock 0.112710 38.85363643 0.12253270 38.67547563
  jla_mock 0.106020 38.74433015 0.14472955 38.53314397
  jla_mock 0.391350 41.42381496 0.26610488 41.70448789
  jla_mock 0.155750 39.85918462 0.14611530 39.43655631
  jla_mock 0.186670 39.53843743 0.16762102 39.86986452
  jla_mock 0.196710 40.09344176 0.16669908 39.99627308
  jla_mock 0.191910 39.90362913 0.17339098 39.93660335
  jla_mock 0.190840 39.88434528 0.15087610 39.92311374
  jla_mock 0.176250 39.75273027 0.15361286 39.73182344
  jla_mock 0.128370 39.15550733 0.15035584 38.97977249
  jla_mock 0.122620 38.86822494 0.14734428 38.87231625
  jla_mock 0.127150 38.95980978 0.14706216 38.95735627
  jla_mock 0.213230 40.12782643 0.17620944 40.19182042
  jla_mock 0.218610 39.84607995 0.18110338 40.25248623
  jla_mock 0.268560 40.83814185 0.19152223 40.75800422
  jla_mock 0.204660 40.09614620 0.16518790 40.09219879
  jla_mock 0.267100 40.65332665 0.17377576 40.74450740
  jla_mock 0.217570 40.14894374 0.17264916 40.24086733
  jla_mock 0.241850 40.66617165 0.17151433 40.49964940
  jla_mock 0.293500 40.63149170 0.20071643 40.97869876
  jla_mock 0.353460 41.86689439 0.23113786 41.44574541
  jla_mock 0.185630 39.75704562 0.15494760 39.85641243
  jla_mock 0.285430 40.80937972 0.19928385 40.90924132
  jla_mock 0.194940 40.30149943 0.16836015 39.97442839
  jla_mock 0.075920 37.68968513 0.14499851 37.76428887
  jla_mock 0.163570 39.61567158 0.15777754 39.55323307
  jla_mock 0.257210 40.73440236 0.20821329 40.65124979
  jla_mock 0.219550 40.41337643 0.18725136 40.26294408
  jla_mock 0.175580 39.79874521 0.15163366 39.72269036
  jla_mock 0.226670 40.42907005 0.18608202 40.34084082
  jla_mock 0.153220 39.38533859 0.15082218 39.39763723
  jla_mock 0.210250 40.06729472 0.19550076 40.15760614
  jla_mock 0.121640 38.84215484 0.12361443 38.85353115
  jla_mock 0.291350 41.09277224 0.19904915 40.96036745
  jla_mock 0.294480 41.45577413 0.27859702 40.98701345
  jla_mock 0.164550 39.41877813 0.12599124 39.56748698
  jla_mock 0.307020 40.83291075 0.20906564 41.09121752
  jla_mock 0.198630 40.04438334 0.16157737 40.01976424
  jla_mock 0.268210 40.77556983 0.21539519 40.75477485
  jla_mock 0.401280 41.36571805 0.24823001 41.76846410
  jla_mock 0.136680 39.13778618 0.15334431 39.12734848
  jla_mock 0.295420 40.82907584 0.24720467 40.99496487
  jla_mock 0.291920 40.77713660 0.19219946 40.96523948
  jla_mock 0.090070 37.98621490 0.12096556 38.15618664
  jla_mock 0.205570 40.05612647 0.18292629 40.10295819
  jla_mock 0.145820 39.33412072 0.14934529 39.28026067
  jla_mock 0.117670 38.76727870 0.14486540 38.77594667
  jla_mock 0.054990 37.32428383 0.14997934 37.03239938
  jla_mock 0.174200 39.94694000 0.15142908 39.70377654
  jla_mock 0.244950 40.39408870 0.18020903 40.53094681
  jla_mock 0.224520 40.82588014 0.18249954 40.31755948
  jla_mock 0.245580 40.36015612 0.16228277 40.53726258
  jla_mock 0.283510 41.03722774 0.21250233 40.89245014
  jla_mock 0.180560 39.71681796 0.17619167 39.78981584
  jla_mock 0.103910 38.61747580 0.12352191 38.48648974
  jla_mock 0.129610 38.75562997 0.15326847 39.00235225
  jla_mock 0.243520 40.30793766 0.16045597 40.51655525
  jla_mock 0.331360 41.16358625 0.26935111 41.28275125
  jla_mock 0.243480 40.34334264 0.19048000 40.51615157
  jla_mock 0.314680 41.00264775 0.17577640 41.15295859
  jla_mock 0.218650 40.26375606 0.18935500 40.25293209
  jla_mock 0.260140 40.70278234 0.21925656 40.67921764
  jla_mock 0.282430 41.07701348 0.19830733 40.88295904
  jla_mock 0.300410 41.06645264 0.20581539 41.03678905
  jla_mock 0.151860 39.33972875 0.14864409 39.37646794
  jla_mock 0.263570 40.87918446 0.18936772 40.71159189
  jla_mock 0.213820 39.94645489 0.20621233 40.19854195
  jla_mock 0.162840 39.41483922 0.16761662 39.54256362
  jla_mock 0.124400 39.23065042 0.17140549 38.90607803
  jla_mock 0.194650 39.89282503 0.13938689 39.97083181
  jla_mock 0.205540 40.37255818 0.18299408 40.10260419
  jla_mock 0.106670 38.56579240 0.14588621 38.54733939
  jla_mock 0.187720 40.10857377 0.18724598 39.88337565
  jla_mock 0.163870 39.52114968 0.15682059 39.55760493
  jla_mock 0.290210 40.87418048 0.19470283 40.95059702
  jla_mock 0.094010 38.09773714 0.12497638 38.25486653
  jla_mock 0.227860 40.33366981 0.18009820 40.35363931
  jla_mock 0.107510 38.31316509 0.14764565 38.56556368
  jla_mock 0.310650 41.28729205 0.22259423 41.12065070
  jla_mock 0.145640 39.26689442 0.15575872 39.27733684
  jla_mock 0.087840 38.10423591 0.12609586 38.09850103
  jla_mock 0.148390 39.09070876 0.15572534 39.32164294
  jla_mock 0.286620 41.00175620 0.19365541 40.91959626
  jla_mock 0.122810 38.89306441 0.13329108 38.87594191
  jla_mock 0.186550 39.90411580 0.20280242 39.86831590
  jla_mock 0.128930 38.80937581 0.15503539 38.98999503
  jla_mock 0.194220 39.86561860 0.16863568 39.96548983
  jla_mock 0.148000 39.19332319 0.14676099 39.31540643
  jla_mock 0.211790 40.34667871 0.22866165 40.17534289
  jla_mock 0.179620 39.90402289 0.17351314 39.77727823
  jla_mock 0.263490 40.77322144 0.18130204 40.71084123
  jla_mock 0.192150 40.08373081 0.15956887 39.93961949
  jla_mock 0.338800 41.60401616 0.22987627 41.33871350
  jla_mock 0.117410 38.78499028 0.14766783 38.77078001
  jla_mock 0.143100 39.04170039 0.16841647 39.23571421
  jla_mock 0.160350 39.59812423 0.13218212 39.50583255
  jla_mock 0.288720 41.23704467 0.21129560 40.93777350
  jla_mock 0.123030 38.75265792 0.15464992 38.88013347
  jla_mock 0.264050 40.68246871 0.18533646 40.71609141
  jla_mock 0.126080 39.03772381 0.17182656 38.93752932
  jla_mock 0.173740 39.96663671 0.14981160 39.69744100
  jla_mock 0.164400 39.87515339 0.14972618 39.56531039
  jla_mock 0.249610 40.51705823 0.16242204 40.57731380
  jla_mock 0.159990 39.38165399 0.15136580 39.50047815
  jla_mock 0.244480 40.42828702 0.15150476 40.52622528
  jla_mock 0.248510 40.43526505 0.17707716 40.56644117
  jla_mock 0.228930 40.41021739 0.16847625 40.36509465
  jla_mock 0.085280 38.08168253 0.14384543 38.03053562
  jla_mock 0.062818 37.55905395 0.14854713 37.33330552
  jla_mock 0.277450 40.73350242 0.23370164 40.83875768
  jla_mock 0.275440 40.82417235 0.21508178 40.82071019
  jla_mock 0.330510 41.37561509 0.21087893 41.27628421
  jla_mock 0.361930 41.35726828 0.24565378 41.50573334
  jla_mock 0.331030 40.96809355 0.21800830 41.28024234
  jla_mock 0.160500 39.54554138 0.12714994 39.50806025
  jla_mock 0.300210 41.07390705 0.20430208 41.03512507
  jla_mock 0.116350 39.02324305 0.12231010 38.74960383
  jla_mock 0.218290 40.21188965 0.16062208 40.24891663
  jla_mock 0.119670 38.58417370 0.12046332 38.81533475
  jla_mock 0.154730 39.34036325 0.12395445 39.42093704
  jla_mock 0.178100 39.66194545 0.16562813 39.75687524
  jla_mock 0.250370 40.57641802 0.16560962 40.58480004
  jla_mock 0.251740 40.53290987 0.14466362 40.59824225
  jla_mock 0.129530 38.79676135 0.14518911 39.00090162
  jla_mock 0.309290 40.98263821 0.18810950 41.10966066
  jla_mock 0.278520 40.82640943 0.17881943 40.84831601
  jla_mock 0.185810 39.80156707 0.13605911 39.85874567
  jla_mock 0.066510 37.37381767 0.17228058 37.46288716
  jla_mock 0.258000 40.62925368 0.18756945 40.65881939
  jla_mock 0.298880 41.29597750 0.21609463 41.02403360
  jla_mock 0.270440 40.87536295 0.22437165 40.77528452
  jla_mock 0.279160 41.03156469 0.17183675 40.85401700
  jla_mock 0.292870 41.21310592 0.21554431 40.97334010
  jla_mock 0.189650 39.69326454 0.15711153 39.90802874
  jla_mock 0.265760 40.47642578 0.19291042 40.73205999
  jla_mock 0.123760 38.94279837 0.14509081 38.89399154
  jla_mock 0.182550 39.96311159 0.14971699 39.81615965
  jla_mock 0.056340 36.99826717 0.14895035 37.08712772
  jla_mock 0.312880 40.92845190 0.18264477 41.13857562
  jla_mock 0.309150 40.92921817 0.22328713 41.10852682
  jla_mock 0.200610 39.95426054 0.15587566 40.04377042
  jla_mock 0.326400 41.45054309 0.20549386 41.24479642
  jla_mock 0.211630 40.16742523 0.13899445 40.17350567
  jla_mock 0.179690 39.50037904 0.15636245 39.77821398
  jla_mock 0.302400 41.33836917 0.19662226 41.05329027
  jla_mock 0.109240 38.40482319 0.14870399 38.60267717
  jla_mock 0.085220 37.80108320 0.15002378 38.02891950
  jla_mock 0.202310 39.99602007 0.16131988 40.06420752
  jla_mock 0.126490 38.85618749 0.15584855 38.94514516
  jla_mock 0.214570 40.13781395 0.16812914 40.20706159
  jla_mock 0.320450 41.34686471 0.19168742 41.19855877
  jla_mock 0.218350 40.37875326 0.17273249 40.24958630
  jla_mock 0.190100 39.97340415 0.15982384 39.91374343
  jla_mock 0.092430 38.03636524 0.15614025 38.21577494
  jla_mock 0.379860 41.51420723 0.18489314 41.62856135
  jla_mock 0.211340 40.09624771 0.16607978 40.17017243
  jla_mock 0.258330 40.56589109 0.18011571 40.66197505
  jla_mock 0.183270 39.85501916 0.16855779 39.82562548
  jla_mock 0.212950 40.15267902 0.17784935 40.18862452
  jla_mock 0.116510 38.81565850 0.15544019 38.75281185
  jla_mock 0.144010 39.12622783 0.17185674 39.25070505
  jla_mock 0.252490 40.65576306 0.18599877 40.60557260
  jla_mock 0.255390 40.80258263 0.21319916 40.63372916
  jla_mock 0.216980 39.98921964 0.18860575 40.23425302
  jla_mock 1.265901 44.49974823 0.22380442 44.79698974
  jla_mock 0.935774 43.70721189 0.22958872 43.98915483
  jla_mock 0.049519 36.64947765 0.20228994 36.79643881
  jla_mock 0.030325 35.66235822 0.18207848 35.70156680
  jla_mock 0.074579 37.61953231 0.21872943 37.72359936
  jla_mock 0.025198 35.27818727 0.22034080 35.29122886
  jla_mock 0.014411 34.00247184 0.20528439 34.06048197
  jla_mock 0.020792 35.31776648 0.19750056 34.86681304
  jla_mock 0.035218 35.85195026 0.20378488 36.03411951
  jla_mock 0.041657 36.84006132 0.21523275 36.40882742
  jla_mock 0.042400 36.33393255 0.20618664 36.44837502
  jla_mock 0.018902 34.60503204 0.18361956 34.65682456
  jla_mock 0.078840 37.93287532 0.21534076 37.85056359
  jla_mock 0.063345 37.27504056 0.20758765 37.35224323
  jla_mock 0.027637 35.31534828 0.23141589 35.49574473
  jla_mock 0.049325 36.67635592 0.21068097 36.78761579
  jla_mock 0.070153 37.33441475 0.22041411 37.58414793
  jla_mock 0.023909 35.09343299 0.18367797 35.17514301
  jla_mock 0.053126 36.88168669 0.22335947 36.95466158
  jla_mock 0.024951 35.46660386 0.18978288 35.26944337
  jla_mock 0.015664 34.36217355 0.20165316 34.24355971
  jla_mock 0.048984 36.93168437 0.15985830 36.77202553
  jla_mock 0.022399 34.90276137 0.18927946 35.03105780
  jla_mock 0.034854 36.34044255 0.23666209 36.01098585
  jla_mock 0.016966 34.22956165 0.20291443 34.41905369
  jla_mock 0.030721 36.05962579 0.18171781 35.73036747
  jla_mock 0.030482 35.76475326 0.18203752 35.71302906
  jla_mock 0.010550 33.33416413 0.21945028 33.37697498
  jla_mock 0.014256 34.21258748 0.17170736 34.03674778
  jla_mock 0.027688 35.55115999 0.18124529 35.49982939
  jla_mock 0.053860 36.78245033 0.15903793 36.98558282
  jla_mock 0.017672 34.39395493 0.19251135 34.50872719
  jla_mock 0.017450 34.34220109 0.17037052 34.48091679
  jla_mock 0.015573 34.58152748 0.20219934 34.23076011
  jla_mock 0.010060 32.94973623 0.23112569 33.27290010
  jla_mock 0.054931 37.06401517 0.18431298 37.02997807
  jla_mock 0.039083 35.98343972 0.16317419 36.26630443
  jla_mock 0.078317 37.94165803 0.18391968 37.83533784
  jla_mock 0.031764 35.76560699 0.15356487 35.80451887
  jla_mock 0.014440 34.23166782 0.22581465 34.06489449
  jla_mock 0.013533 34.32871582 0.22079334 33.92255325
  jla_mock 0.026677 35.00842401 0.19349962 35.41744509
  jla_mock 0.023360 34.99646351 0.17880596 35.12382045
  jla_mock 0.036934 36.11265896 0.19001518 36.14012659
  jla_mock 0.023552 35.05951373 0.17819828 35.14190296
  jla_mock 0.017483 34.69753554 0.19211831 34.48507280
  jla_mock 0.040259 36.62183549 0.17447686 36.33251957
  jla_mock 0.030381 35.71019224 0.20408145 35.70566190
  jla_mock 0.015504 34.30110919 0.20027602 34.22100552
  jla_mock 0.014151 33.91213430 0.18788306 34.02052423
  jla_mock 0.015487 33.63350298 0.18431337 34.21859562
  jla_mock 0.015554 34.14500313 0.19852180 34.22807833
  jla_mock 0.037075 36.38837445 0.15485493 36.14862211
  jla_mock 0.015482 34.33456409 0.20249750 34.21788633
  jla_mock 0.013324 34.28613392 0.18643777 33.88841558
  jla_mock 0.014575 34.08332712 0.20791179 34.08532079
  jla_mock 0.015791 34.06617276 0.19846605 34.26130051
  jla_mock 0.024746 35.36312380 0.17954713 35.25120075
  jla_mock 0.027748 35.59041052 0.17503344 35.50462544
  jla_mock 0.010888 33.43373522 0.25477943 33.44600638
  jla_mock 0.013652 33.99395746 0.18670962 33.94175799
  jla_mock 0.035755 36.25055320 0.16295663 36.06782528
  jla_mock 0.024725 34.86045619 0.17710562 35.24932362
  jla_mock 0.038086 36.06406512 0.17051564 36.20862960
  jla_mock 0.021541 34.97853605 0.17711857 34.94486566
  jla_mock 0.019581 34.85940357 0.17898631 34.73455541
  jla_mock 0.030416 35.77051980 0.17571774 35.70821759
  jla_mock 0.039219 36.34117375 0.17021381 36.27406046
  jla_mock 0.034971 35.91647354 0.15987848 36.01844730
  jla_mock 0.028561 35.32844418 0.17650121 35.56862791
  jla_mock 0.020997 35.04302226 0.18822756 34.88844780
  jla_mock 0.032538 35.58872249 0.18232286 35.85802163
  jla_mock 0.015469 34.20803947 0.19318910 34.21604112
  jla_mock 0.015678 34.23567300 0.20747940 34.24552235
  jla_mock 0.027499 35.32792117 0.15598630 35.48465493
  jla_mock 0.046856 36.90853438 0.17134850 36.67229170
  jla_mock 0.033173 36.15405311 0.18295753 35.90099459
  jla_mock 0.010291 33.62686627 0.23549671 33.32257649
  jla_mock 0.080103 37.52958765 0.17116407 37.88693845
  jla_mock 0.012317 33.93914049 0.20020781 33.71612539
  jla_mock 0.024586 35.11604447 0.20631378 35.23685912
  jla_mock 0.014467 34.06478421 0.20827809 34.06899482
  jla_mock 0.015154 34.26162741 0.18399751 34.17085499
  jla_mock 0.029086 35.46975908 0.17337203 35.60901553
  jla_mock 0.034781 36.09482747 0.17928903 36.00631801
  jla_mock 0.044920 36.51653258 0.14070569 36.57766347
  jla_mock 0.034074 35.87161384 0.16958177 35.96060864
  jla_mock 0.074870 37.85426932 0.14386215 37.73248819
  jla_mock 0.014960 33.80796662 0.19782876 34.14256149
  jla_mock 0.020396 34.80168631 0.17103812 34.82441926
  jla_mock 0.040689 36.57057843 0.17468105 36.35626161
  jla_mock 0.026567 35.52846517 0.18033141 35.40829726
  jla_mock 0.026881 35.38103723 0.15330990 35.43431258
  jla_mock 0.023471 35.07575710 0.17597781 35.13429215
  jla_mock 0.069122 37.97060041 0.19117659 37.55045468
  jla_mock 0.065193 37.59046184 0.15879632 37.41747470
  jla_mock 0.022980 35.19163445 0.17790505 35.08759706
  jla_mock 0.017387 34.51407510 0.19829162 34.47296098
  jla_mock 0.031485 35.61904370 0.15108749 35.78491972
  jla_mock 0.011184 33.49256929 0.19447979 33.50473574
  jla_mock 0.021956 35.03012269 0.17567209 34.98696935
  jla_mock 0.031484 35.72451866 0.15080691 35.78484917
  jla_mock 0.023321 34.84050564 0.20285194 35.12012958
  jla_mock 0.020390 34.97783801 0.18300723 34.82377071
  jla_mock 0.022466 35.31670030 0.18140785 35.03765097
  jla_mock 0.033614 36.19538068 0.18044129 35.93036816
  jla_mock 0.036969 36.04460721 0.17916902 36.14223835
  jla_mock 0.022629 35.13302178 0.18007478 35.05361062
  jla_mock 0.014700 34.29558550 0.18462322 34.10406779
  jla_mock 0.036950 35.99786330 0.14876338 36.14109221
  jla_mock 0.060959 37.13807964 0.12531329 37.26525946
  jla_mock 0.059289 37.24729634 0.12135718 37.20240586
  jla_mock 0.069751 37.47600410 0.15873536 37.57106733
  jla_mock 0.029526 35.32553729 0.17470465 35.64231764
  jla_mock 0.033255 35.76106605 0.17565362 35.90648512
  jla_mock 0.024159 34.89746784 0.18124182 35.19813107
  jla_mock 0.015999 34.19146173 0.19155982 34.29005387
  jla_mock 0.062961 37.50681124 0.16530929 37.33845928
  jla_mock 0.021706 35.32677693 0.19186355 34.96170055
  jla_mock 0.031638 35.69837862 0.18943844 35.79568859
  jla_mock 0.018599 34.30813945 0.17304818 34.62124460
  jla_mock 0.027064 35.11782213 0.17332763 35.44933715
  jla_mock 0.025468 35.45345790 0.18469991 35.31480424
  jla_mock 0.023810 34.85097556 0.19336693 35.16597435
  jla_mock 0.023867 34.93266024 0.18298494 35.17125784
  jla_mock 0.022068 34.98188899 0.16678206 34.99819802
