  jla_mock 0.503084 42.46183919 0.14571158 42.35104191
  jla_mock 0.580724 42.59030122 0.16122778 42.72544420
  jla_mock 0.494795 42.24010150 0.12070859 42.30792132
  jla_mock 0.345928 41.48890581 0.13253081 41.39127679
  jla_mock 0.677662 43.45115537 0.22871689 43.13159771
  jla_mock 0.610712 42.98259407 0.22548733 42.85755119
  jla_mock 0.866494 42.96052728 0.25803499 43.78399511
  jla_mock 0.330932 41.22528069 0.12801230 41.27949682
  jla_mock 0.798566 43.71490339 0.25919990 43.56669516
  jla_mock 0.449562 42.07117132 0.16139765 42.06004102
  jla_mock 0.371443 41.79754049 0.14921889 41.57158328
  jla_mock 0.291718 41.21066858 0.14231442 40.96351391
  jla_mock 0.355820 41.22963525 0.14101044 41.46259197
  jla_mock 0.461274 41.84323723 0.15587207 42.12637684
  jla_mock 0.283610 40.82809346 0.13055630 40.89332726
  jla_mock 0.632234 42.92134070 0.22182909 42.94863350
  jla_mock 0.466414 41.76699949 0.17243727 42.15499621
  jla_mock 0.268624 40.73355790 0.12820280 40.75859431
  jla_mock 0.946890 43.39599819 0.29224985 44.02068105
  jla_mock 0.924917 43.65056720 0.31213110 43.95800648
  jla_mock 0.693165 42.94268684 0.29243158 43.19137081
  jla_mock 0.625233 42.93996778 0.19088816 42.91933154
  jla_mock 0.896944 44.42843974 0.26745476 43.87607256
  jla_mock 0.608261 42.82735481 0.15987482 42.84698635
  jla_mock 0.789054 43.93166180 0.26932700 43.53484560
  jla_mock 0.578292 42.71989445 0.14637659 42.71444998
  jla_mock 0.590280 42.54168599 0.18966931 42.76822720
  jla_mock 0.719626 43.70534734 0.25305179 43.29050179
  jla_mock 0.210032 40.30276181 0.13132256 40.15508565
  jla_mock 0.766590 43.66168678 0.22576765 43.45813147
  jla_mock 0.858513 43.60718242 0.22289539 43.75933955
  jla_mock 0.367904 41.41894089 0.09931133 41.54726971
  jla_mock 0.558746 42.53222946 0.15678156 42.62447408
  jla_mock 0.848509 43.76374562 0.21739327 43.72811733
  jla_mock 0.996390 44.36255533 0.24266005 44.15678878
  jla_mock 0.776594 43.76915133 0.26449227 43.49255925
  jla_mock 0.582932 42.70701288 0.13306958 42.73538825
  jla_mock 0.583743 42.86880301 0.16752875 42.73903180
  jla_mock 0.796552 43.10127340 0.22887969 43.55998229
  jla_mock 0.588721 42.62253945 0.15579306 42.76129222
  jla_mock 0.913473 44.53718958 0.24294053 43.92478371
  jla_mock 0.768587 43.17153037 0.23905376 43.46503842
  jla_mock 0.948455 44.24889538 0.26528102 44.02509035
  jla_mock 0.513793 42.57862203 0.15287930 42.40577946
  jla_mock 0.733609 43.57702591 0.19294483 43.34148483
  jla_mock 0.637701 43.79732729 0.27010736 42.97130188
  jla_mock 0.765588 43.72061785 0.21113574 43.45465935
  jla_mock 0.434861 41.90807381 0.15772880 41.97446567
  jla_mock 0.983407 43.73867139 0.25879722 44.12174547
  jla_mock 0.583743 42.76297884 0.16232669 42.73903180
  jla_mock 0.700631 43.40547057 0.21687358 43.21970245
  jla_mock 0.662058 42.72133094 0.21294856 43.07010358
  jla_mock 0.838126 43.74804258 0.28077453 43.69533139
  jla_mock 0.621874 42.93695908 0.17546981 42.90516222
  jla_mock 0.370586 41.77651851 0.14291643 41.56571521
  jla_mock 0.416632 41.69865296 0.13815441 41.86454678
  jla_mock 0.358570 41.37779607 0.10704088 41.48209300
  jla_mock 0.451681 41.82388368 0.15278703 42.07216096
  jla_mock 0.522762 42.28717147 0.16112888 42.45080836
  jla_mock 0.733996 43.31062510 0.30408870 43.34288256
  jla_mock 0.701965 42.66662206 0.31176741 43.22473424
  jla_mock 0.742008 43.74284244 0.29013165 43.37166168
  jla_mock 0.746118 43.19338710 0.21822021 43.38630913
  jla_mock 0.349560 41.41933953 0.13472825 41.41767712
  jla_mock 0.591835 42.81576793 0.15357327 42.77512718
  jla_mock 0.514746 42.35106577 0.15561143 42.41059876
  jla_mock 0.620632 42.74814770 0.18447364 42.89990471
  jla_mock 0.643646 43.46643722 0.24392132 42.99574384
  jla_mock 1.002795 44.17779876 0.33216844 44.17391138
  jla_mock 0.470586 42.03843468 0.14420733 42.17801083
  jla_mock 0.610643 42.45320894 0.15877872 42.85725432
  jla_mock 0.263487 40.80669862 0.12804977 40.71081308
  jla_mock 0.358336 41.55342415 0.12918713 41.48043901
  jla_mock 0.742697 43.38284471 0.25908753 43.37412260
  jla_mock 0.451556 42.18675246 0.11538935 42.07144747
  jla_mock 0.910752 44.11835640 0.26164869 43.91682448
  jla_mock 0.552605 43.04090141 0.15821060 42.59559344
  jla_mock 0.337534 41.65187192 0.12813367 41.32927134
  jla_mock 0.750681 43.44146015 0.24281434 43.40248043
  jla_mock 0.983777 43.68795531 0.34665096 44.12275046
  jla_mock 0.822697 43.70442096 0.22175759 43.64587597
  jla_mock 0.813696 43.76038433 0.24256727 43.61660738
  jla_mock 0.950763 44.11592826 0.26472927 44.03158000
  jla_mock 0.817732 43.94660963 0.24643394 43.62976987
  jla_mock 0.340520 41.24515180 0.12574260 41.35148976
  jla_mock 0.960751 43.88692849 0.28766046 44.05948701
  jla_mock 0.810720 43.49680766 0.27275574 43.60686128
  jla_mock 0.756687 43.56549270 0.24755189 43.42362217
  jla_mock 0.611252 42.94222168 0.18572910 42.85987342
  jla_mock 0.877971 43.76332179 0.22378685 43.81906566
  jla_mock 0.548325 42.57524064 0.14258079 42.57528608
  jla_mock 0.809032 43.68630928 0.23222084 43.60131782
  jla_mock 1.028800 44.06100220 0.28337345 44.24233887
  jla_mock 0.627239 42.89918388 0.17555461 42.92775911
  jla_mock 0.422452 41.71017013 0.15606690 41.90011713
  jla_mock 0.933900 43.67677280 0.34999950 43.98380379
  jla_mock 0.701158 43.15659311 0.22740618 43.22169137
  jla_mock 0.697164 42.95026185 0.20952266 43.20658211
  jla_mock 0.685179 43.17530678 0.27044472 43.16074133
  jla_mock 0.767075 43.43582319 0.25233801 43.45981051
  jla_mock 0.931901 44.16606895 0.25136810 43.97808419
  jla_mock 0.863978 43.56129726 0.24510246 43.77624644
  jla_mock 0.749100 43.36951598 0.22590126 43.39688808
  jla_mock 0.514353 42.47286900 0.15357466 42.40861238
  jla_mock 0.468406 42.25325208 0.11440416 42.16600877
  jla_mock 0.470398 42.10807042 0.15654577 42.17697783
  jla_mock 0.958871 43.44415011 0.27681249 44.05425605
  jla_mock 0.927909 44.04231728 0.29724149 43.96662606
  jla_mock 0.840522 43.73294590 0.21913135 43.70293203
  jla_mock 0.630699 43.11740282 0.17083127 42.94223535
  jla_mock 0.562751 42.37915140 0.14440652 42.64314895
  jla_mock 0.615698 42.88055244 0.16969222 42.87891969
  jla_mock 0.828528 43.96231871 0.22446355 43.66467138
  jla_mock 0.564741 42.70404475 0.16042692 42.65238167
  jla_mock 0.578745 42.65641722 0.14758356 42.71650114
  jla_mock 0.557743 43.10845377 0.15831963 42.61977749
  jla_mock 0.864497 43.74883491 0.22870035 43.77784663
  jla_mock 0.735608 43.51064083 0.23468503 43.34869704
  jla_mock 0.858507 43.87454580 0.28336591 43.75932093
  jla_mock 0.261984 40.60543202 0.10443414 40.69667086
  jla_mock 0.585743 42.99657476 0.18660838 42.74799676
  jla_mock 0.761580 43.46362709 0.21598834 43.44072697
  jla_mock 0.488800 42.26689385 0.11155101 42.27631225
  jla_mock 0.858516 44.27974978 0.27431051 43.75934886
  jla_mock 0.688656 43.20266474 0.18053033 43.17411869
  jla_mock 0.558743 42.47741955 0.15491557 42.62446004
  jla_mock 0.324532 41.32169936 0.12601850 41.23036431
  jla_mock 0.480704 42.38451746 0.10839252 42.23304676
  jla_mock 0.185371 39.82965220 0.13095679 39.85305148
  jla_mock 0.922221 43.57542693 0.33854809 43.95021620
  jla_mock 0.681942 43.42921673 0.19640351 43.14822898
  jla_mock 0.475707 42.27480080 0.10811298 42.20600231
  jla_mock 0.922210 43.66834281 0.27644363 43.95018437
  jla_mock 0.893183 44.04430025 0.25783329 43.86486632
  jla_mock 0.428646 42.29359809 0.14143599 41.93747792
  jla_mock 0.631882 43.23822793 0.23474045 42.94716761
  jla_mock 0.699960 43.02174801 0.25834877 43.21716801
  jla_mock 0.736007 43.53442664 0.26468680 43.35013433
  jla_mock 0.575823 42.79177944 0.15953941 42.70324385
  jla_mock 0.418633 41.86449833 0.10651651 41.87682801
  jla_mock 0.511746 42.44789154 0.12000546 42.39539947
  jla_mock 0.535771 42.74658594 0.12653138 42.51485102
  jla_mock 0.641893 42.82776604 0.21547239 42.98855901
  jla_mock 0.734996 42.99844017 0.22720400 43.34649100
  jla_mock 0.351560 41.53767087 0.13079492 41.43210698
  jla_mock 0.609860 42.99838143 0.17401244 42.85388326
  jla_mock 0.349557 41.59117937 0.13436921 41.41765542
  jla_mock 0.701969 42.91926780 0.18819535 43.22474932
  jla_mock 0.355261 41.32092601 0.10427939 41.45861096
  jla_mock 0.983280 44.02570587 0.25756994 44.12140043
  jla_mock 0.872152 43.93668712 0.26597542 43.80134063
  jla_mock 0.759030 43.46433597 0.20819082 43.43182601
  jla_mock 0.926220 44.11752977 0.24599386 43.96176361
  jla_mock 0.643642 42.99143290 0.22846121 42.99572746
  jla_mock 0.419569 41.95049905 0.13772753 41.88255410
  jla_mock 0.515587 42.28248159 0.20313602 42.41484477
  jla_mock 0.890729 43.69750697 0.21057911 43.85752952
  jla_mock 0.805696 43.62827414 0.22987004 43.59032927
  jla_mock 0.480568 42.42039437 0.10874993 42.23231419
  jla_mock 0.800697 43.78215535 0.24546005 43.57378020
  jla_mock 0.580604 42.98246365 0.18881444 42.72490274
  jla_mock 0.715652 43.58806913 0.24396561 43.27583891
  jla_mock 0.805695 43.72224059 0.23276535 43.59032597
  jla_mock 0.766684 43.04625549 0.25283777 43.45845698
  jla_mock 0.664638 43.34839286 0.19578546 43.08036579
  jla_mock 0.901736 44.15156080 0.25190507 43.89028441
  jla_mock 0.745665 43.24560911 0.21142864 43.38469852
  jla_mock 0.718680 43.29736873 0.20380008 43.28701838
  jla_mock 0.736690 43.50910398 0.19636251 43.35259294
  jla_mock 0.579600 42.64739270 0.12084594 42.72036839
  jla_mock 0.370531 41.44139737 0.10256736 41.56533819
  jla_mock 0.960740 43.86837379 0.23956115 44.05945643
  jla_mock 0.850729 43.75659863 0.21179952 43.73507669
  jla_mock 0.648640 43.33134236 0.19254569 43.01611076
  jla_mock 0.219462 40.43299976 0.13036783 40.26196681
  jla_mock 0.936755 43.95192942 0.24129989 43.99195180
  jla_mock 0.647639 43.07876168 0.17876349 43.01204038
  jla_mock 0.461564 42.05023146 0.13341110 42.12799943
  jla_mock 0.600603 42.97172728 0.17945434 42.81371586
  jla_mock 0.670654 43.45683323 0.23100742 43.10414845
  jla_mock 0.760698 43.03689867 0.20946016 43.43765154
  jla_mock 0.246492 40.57107462 0.13212126 40.54637902
  jla_mock 0.470573 42.16929211 0.14759396 42.17793941
  jla_mock 0.169455 39.55794259 0.11209573 39.63766354
  jla_mock 0.497379 42.35291791 0.12912927 42.32143557
  jla_mock 0.638234 43.27486060 0.19688575 42.97350203
  jla_mock 0.507371 42.49357762 0.14542671 42.37308383
  jla_mock 0.535327 42.37556596 0.14229510 42.51268936
  jla_mock 0.587285 42.64379372 0.16639385 42.75488905
  jla_mock 0.773081 43.39572230 0.25620999 43.48051857
  jla_mock 0.699166 43.42908727 0.22210270 43.21416597
  jla_mock 0.370511 41.50983909 0.12736057 41.56520108
  jla_mock 0.761089 43.68584341 0.22808946 43.43901534
  jla_mock 0.699169 43.24751570 0.21959570 43.21417732
  jla_mock 0.788060 43.63819181 0.19242158 43.53149594
  jla_mock 0.373513 41.52284674 0.13202741 41.58570563
  jla_mock 0.405478 41.51881643 0.13198879 41.79507130
  jla_mock 0.852994 43.58524143 0.25729076 43.74215894
  jla_mock 0.808048 43.67264340 0.24185374 43.59808117
  jla_mock 0.603272 43.04847215 0.18397635 42.82535672
  jla_mock 0.583290 42.72419597 0.17902789 42.73699721
  jla_mock 0.534335 42.73361175 0.14774220 42.50785365
  jla_mock 0.720140 43.12860924 0.24070231 43.29239263
  jla_mock 0.400485 41.87442547 0.21060605 41.76339635
  jla_mock 0.837004 43.77708071 0.21502566 43.69176490
  jla_mock 0.371508 41.45928097 0.10193219 41.57202784
  jla_mock 0.806041 43.46529339 0.25907683 43.59146772
  jla_mock 0.840005 43.52260099 0.23506835 43.70129378
  jla_mock 0.500728 42.33207619 0.12981336 42.33885355
  jla_mock 0.532765 42.47133829 0.17422186 42.50018312
  jla_mock 0.533766 42.80122011 0.18215335 42.50507613
  jla_mock 0.932229 43.89659781 0.34152943 43.97902349
  jla_mock 0.822103 43.53861304 0.25790730 43.64395405
  jla_mock 0.553797 42.15278741 0.13544877 42.60122283
  jla_mock 0.125298 38.85670961 0.13709229 38.92293877
  jla_mock 0.842123 43.66494054 0.28302626 43.70799902
  jla_mock 0.443668 42.15921885 0.15186631 42.02604821
  jla_mock 0.727675 43.49685055 0.24978201 43.31996388
  jla_mock 0.683659 43.21964933 0.41253064 43.15487294
  jla_mock 0.442548 41.90222330 0.13367762 42.01954139
  jla_mock 0.726679 43.20798258 0.20021505 43.31633517
  jla_mock 0.282510 40.88035544 0.12747632 40.88366322
  jla_mock 0.404549 41.85867189 0.12965359 41.78920526
  jla_mock 0.519611 42.66088753 0.13964385 42.43507170
  jla_mock 0.690652 43.19986989 0.23214813 43.18176896
  jla_mock 1.060801 44.48773338 0.27869308 44.32423223
  jla_mock 0.576612 42.53545420 0.15376326 42.70682983
  jla_mock 0.268489 40.59763378 0.12614174 40.75734943
  jla_mock 0.720680 43.09635622 0.25106936 43.29437771
  jla_mock 0.250498 40.24264931 0.13111277 40.58605882
  jla_mock 0.760691 43.60004667 0.27664014 43.43762712
  jla_mock 0.698167 43.06323169 0.26129048 43.21038422
  jla_mock 0.550315 42.65255100 0.16854352 42.58474650
  jla_mock 0.730128 43.17523114 0.23524622 43.32888057
  jla_mock 0.847985 43.91678032 0.24702775 43.72647209
  jla_mock 0.997826 44.01448208 0.24705649 44.16063709
  jla_mock 0.435446 41.87927878 0.13052406 41.97792194
  jla_mock 0.409470 41.80903125 0.12922369 41.82013748
  jla_mock 0.301590 40.78653147 0.12598595 41.04658579
  jla_mock 1.299106 45.04965719 0.19340708 44.86622170
  jla_mock 1.020807 44.04472284 0.23668119 44.22149044
  jla_mock 0.839734 43.90310028 0.19264717 43.70043465
  jla_mock 1.120850 44.81262501 0.20807086 44.47149026
  jla_mock 1.230892 44.67496930 0.23900250 44.72198803
  jla_mock 0.974230 44.14573380 0.18427047 44.09669905
  jla_mock 0.970782 44.15392026 0.33863365 44.08722847
  jla_mock 0.064229 37.37614594 0.15072784 37.38367208
  jla_mock 0.129030 39.20793167 0.16416611 38.99181609
  jla_mock 0.102890 38.49451623 0.14983539 38.46361443
  jla_mock 0.044130 36.50675879 0.17359564 36.53790737
  jla_mock 0.113040 38.61760977 0.15276523 38.68228835
  jla_mock 0.256110 40.33435181 0.20496122 40.64067411
  jla_mock 0.380260 41.39973720 0.28702753 41.63124000
  jla_mock 0.145470 39.23971992 0.16218924 39.27457233
  jla_mock 0.088890 38.13569683 0.14636771 38.12583382
  jla_mock 0.260590 40.99679399 0.18294429 40.68348731
  jla_mock 0.078910 37.88390475 0.15602647 37.85259413
  jla_mock 0.083040 37.84816486 0.15331705 37.96945274
  jla_mock 0.165650 39.62894609 0.13854363 39.58339248
  jla_mock 0.168170 39.63496150 0.16196037 39.61946333
  jla_mock 0.170630 39.61530143 0.16520984 39.65419380
  jla_mock 0.170280 39.55803938 0.17035518 39.64928098
  jla_mock 0.120440 38.75978057 0.15109792 38.83033422
  jla_mock 0.276530 40.81802905 0.21443501 40.83051212
  jla_mock 0.231600 40.09024547 0.18253328 40.39346548
  jla_mock 0.305690 41.24050222 0.26735001 41.08035322
  jla_mock 0.079970 37.78491431 0.16566195 37.88313388
  jla_mock 0.174150 39.86020576 0.15831009 39.70308864
  jla_mock 0.138680 39.06526270 0.16604939 39.16160914
  jla_mock 0.146070 39.45372446 0.16391832 39.28431597
  jla_mock 0.081330 37.87757755 0.14393418 37.92175604
  jla_mock 0.233800 40.50580845 0.17178002 40.41661639
  jla_mock 0.256550 40.76863448 0.17733386 40.64490939
  jla_mock 0.245620 40.78225996 0.20041043 40.53766308
  jla_mock 0.125930 39.04301411 0.19132506 38.93473721
  jla_mock 0.223510 40.40226188 0.21582750 40.30655156
  jla_mock 0.102640 38.50056857 0.14663754 38.45797501
  jla_mock 0.119670 38.49457948 0.14566661 38.81533475
  jla_mock 0.180550 39.80309700 0.16851019 39.78968278
  jla_mock 0.197090 40.00746630 0.17389574 40.00093917
  jla_mock 0.229160 40.21662486 0.19939442 40.36755056
  jla_mock 0.264510 40.44567974 0.19876199 40.72039640
  jla_mock 0.103370 38.49541019 0.12264053 38.47440587
  jla_mock 0.364410 41.43796686 0.23042794 41.52305266
  jla_mock 0.205600 40.06331633 0.15584351 40.10331215
  jla_mock 0.179810 39.91079779 0.19620482 39.77981734
  jla_mock 0.199590 40.18268591 0.18224440 40.03143112
  jla_mock 0.156530 39.55340881 0.15012954 39.44843626
  jla_mock 0.161800 39.21904219 0.14760764 39.52728616
  jla_mock 0.209530 39.95859739 0.20608020 40.14927240
  jla_mock 0.241790 40.11009128 0.19813238 40.49904000
  jla_mock 0.236460 40.39163656 0.16266354 40.44434112
  jla_mock 0.226680 40.18482656 0.21050732 40.34094863
  jla_mock 0.296780 41.24186487 0.19716042 41.00642792
  jla_mock 0.208520 40.40455773 0.16317028 40.13753731
  jla_mock 0.251040 40.65360427 0.22085837 40.59138241
  jla_mock 0.250120 40.37909235 0.17967388 40.58233978
  jla_mock 0.117710 38.65413525 0.14551100 38.77674059
  jla_mock 0.219710 40.12364709 0.16999397 40.26472003
  jla_mock 0.149010 39.17194033 0.14890457 39.33152597
  jla_mock 0.287420 41.07501887 0.18840122 40.92653533
  jla_mock 0.143600 39.24712011 0.16639625 39.24396193
  jla_mock 0.328370 41.33522103 0.19601268 41.25993440
  jla_mock 0.246250 40.50488851 0.16506508 40.54396300
  jla_mock 0.119660 38.80431350 0.15026680 38.81513935
  jla_mock 0.328380 41.24463824 0.27642285 41.26001103
  jla_mock 0.215130 40.13432824 0.18366862 40.21340500
  jla_mock 0.144780 39.16191896 0.13616902 39.26332062
  jla_mock 0.132430 39.26666618 0.12839376 39.05295780
  jla_mock 0.210820 39.94694896 0.16235031 40.16418499
  jla_mock 0.203990 40.23184741 0.15780808 40.08424872
  jla_mock 0.279520 40.97366195 0.16701092 40.85721851
  jla_mock 0.044280 36.83687160 0.15509722 36.54550888
  jla_mock 0.180370 39.84867679 0.15078404 39.78728654
  jla_mock 0.260700 40.91838495 0.18972170 40.68452998
  jla_mock 0.056540 37.13290332 0.18696980 37.09512776
  jla_mock 0.212600 40.16215555 0.19194689 40.18462419
  jla_mock 0.369410 41.22613318 0.23700047 41.55764247
  jla_mock 0.173860 39.52761879 0.13051969 39.69909525
  jla_mock 0.142650 39.39397711 0.16862649 39.22826819
  jla_mock 0.177890 39.75638872 0.17323466 39.75404371
  jla_mock 0.328370 41.75944919 0.20656404 41.25993440
  jla_mock 0.253510 40.57409179 0.19560920 40.61550974
  jla_mock 0.300010 41.08400723 0.19320267 41.03346007
  jla_mock 0.105890 38.35222987 0.14607715 38.53029502
  jla_mock 0.223280 40.54399911 0.16843887 40.30403838
  jla_mock 0.118450 38.88236519 0.12252294 38.79138243
  jla_mock 0.176530 39.46035943 0.17118858 39.73563069
  jla_mock 0.182800 40.07372242 0.18906536 39.81945031
  jla_mock 0.297620 41.06515987 0.22708191 41.01348391
  jla_mock 0.196990 39.97954333 0.16336648 39.99971206
  jla_mock 0.152950 39.36834344 0.14755004 39.39344849
  jla_mock 0.248500 40.65567133 0.17447627 40.56634213
  jla_mock 0.138180 39.13482509 0.12408786 39.15308754
  jla_mock 0.207040 39.92474152 0.17044837 40.12024608
  jla_mock 0.214680 40.15727857 0.18059604 40.20830882
  jla_mock 0.306320 41.08278585 0.21502986 41.08550488
  jla_mock 0.246950 40.16837432 0.17120148 40.55094551
  jla_mock 0.198010 40.11285816 0.14489973 40.01220161
  jla_mock 0.222560 40.34189552 0.15195110 40.29615558
  jla_mock 0.135080 39.11683255 0.15130600 39.09960029
  jla_mock 0.210540 39.85068548 0.18260591 40.16095532
  jla_mock 0.272580 40.98391928 0.16910743 40.79482057
  jla_mock 0.246600 40.53978794 0.16168519 40.54745654
  jla_mock 0.220680 40.15211593 0.19428942 40.27546119
  jla_mock 0.274470 40.60626567 0.19147108 40.81195729
  jla_mock 0.176560 39.54138071 0.15540451 39.73603828
  jla_mock 0.310880 41.46459447 0.22015615 41.12250493
  jla_mock 0.184350 39.91972447 0.17307932 39.83975978
  jla_mock 0.159350 39.48492274 0.14827050 39.49093145
  jla_mock 0.219760 40.18823484 0.16604587 40.26527477
  jla_mock 0.252050 40.43884025 0.18410044 40.60127456
  jla_mock 0.181220 39.97108437 0.14940352 39.79858271
  jla_mock 0.173730 39.89782076 0.13336424 39.69730310
  jla_mock 0.380470 41.56783872 0.24246083 41.63264525
  jla_mock 0.178650 39.58623372 0.17172186 39.76427650
  jla_mock 0.245680 40.63125534 0.18910008 40.53826371
  jla_mock 0.209100 40.29591820 0.16102286 40.14428268
  jla_mock 0.249470 40.29993506 0.20970726 40.57593247
  jla_mock 0.133920 38.98462893 0.16606211 39.07928968
  jla_mock 0.177060 39.86959344 0.16039966 39.74282196
  jla_mock 0.281110 40.53740716 0.18775324 40.87131332
  jla_mock 0.173830 39.58928387 0.15186906 39.69868179
  jla_mock 0.196540 40.04361703 0.16513423 39.99418292
  jla_mock 0.363970 41.13934916 0.22724835 41.51998782
  jla_mock 0.378350 41.94626841 0.26733097 41.61842592
  jla_mock 0.316460 41.08609933 0.21038880 41.16710744
  jla_mock 0.183220 40.05406652 0.13519430 39.82496925
  jla_mock 0.241020 40.40210689 0.16773658 40.49120702
  jla_mock 0.202030 40.17585601 0.19953174 40.06085237
  jla_mock 0.168690 39.65739001 0.16511959 39.62684391
  jla_mock 0.197940 40.01575893 0.17492454 40.01134639
  jla_mock 0.122760 38.83667672 0.14574653 38.87498830
  jla_mock 0.203180 39.97533547 0.16105255 40.07460514
  jla_mock 0.127390 39.06298110 0.14895509 38.96178192
  jla_mock 0.275490 40.57446518 0.19972760 40.82116060
  jla_mock 0.144680 39.47482595 0.14721731 39.26168579
  jla_mock 0.334360 41.39941038 0.24977783 41.30545460
  jla_mock 0.195800 40.12697067 0.15392559 39.98506502
  jla_mock 0.193920 39.73571138 0.16374737 39.96175638
  jla_mock 0.249730 40.65463111 0.18580683 40.57849724
  jla_mock 0.148600 39.27906731 0.14879989 39.32499474
  jla_mock 0.155960 39.32995272 0.14872192 39.43976020
  jla_mock 0.095820 38.11740694 0.15034816 38.29888959
  jla_mock 0.150650 39.37609266 0.15872946 39.35748429
  jla_mock 0.309330 40.97420124 0.24715745 41.10998454
  jla_mock 0.248570 40.50122915 0.17340396 40.56703537
  jla_mock 0.365540 41.73337422 0.24311996 41.53090809
  jla_mock 0.117710 38.55264581 0.12847626 38.77674059
  jla_mock 0.191760 39.96766591 0.14428474 39.93471648
  jla_mock 0.182550 39.66351487 0.16171197 39.81615965
  jla_mock 0.234720 40.17168866 0.18444964 40.42623815
  jla_mock 0.246470 40.34209330 0.19927669 40.54615947
  jla_mock 0.288450 40.94409174 0.18873457 40.93544325
  jla_mock 0.209600 40.32367968 0.19927022 40.15008378
  jla_mock 0.191980 39.70059987 0.17965405 39.93748342
  jla_mock 0.114020 38.57020939 0.12215388 38.70241012
  jla_mock 0.113890 38.95095728 0.18397194 38.69975030
  jla_mock 0.198800 39.78690980 0.20967258 40.02183405
  jla_mock 0.220580 40.05240722 0.22796022 40.27435587
  jla_mock 0.182570 40.16854268 0.16453718 39.81642306
  jla_mock 0.158950 39.50426729 0.16372575 39.48494661
  jla_mock 0.078490 37.58477696 0.14911597 37.84038499
  jla_mock 0.138640 39.30064766 0.13217046 39.16092847
  jla_mock 0.180790 39.57750547 0.15445548 39.79287433
  jla_mock 0.177570 39.83743289 0.18629282 39.74972302
  jla_mock 0.170660 39.36933072 0.16102003 39.65461446
  jla_mock 0.233810 40.31798414 0.20858516 40.41672116
  jla_mock 0.071530 37.74375655 0.17410666 37.62841570
  jla_mock 0.154630 39.42720851 0.18791656 39.41940058
  jla_mock 0.090100 38.05241041 0.15950858 38.15695339
  jla_mock 0.176580 39.90326252 0.20448697 39.73630997
  jla_mock 0.130450 38.64561683 0.16440638 39.01753336
  jla_mock 0.182040 39.98062266 0.17166998 39.80943370
  jla_mock 0.256170 40.81208221 0.17261330 40.64125204
  jla_mock 0.138110 39.17863476 0.14854031 39.15189221
  jla_mock 0.170700 39.37455206 0.16749506 39.65517524
  jla_mock 0.216740 40.34205876 0.14793120 40.23155770
  jla_mock 0.245550 40.48465723 0.17887642 40.53696217
  jla_mock 0.143820 38.98661109 0.16709807 39.24758242
  jla_mock 0.248620 40.58522722 0.18856198 40.56753043
  jla_mock 0.145330 39.20055314 0.17138622 39.27229342
  jla_mock 0.135880 39.03109229 0.12760365 39.11351263
  jla_mock 0.058740 37.12174838 0.12754402 37.18137021
  jla_mock 0.036520 36.33680020 0.15191506 36.11499823
  jla_mock 0.277490 40.78359427 0.22703402 40.83911561
  jla_mock 0.205150 39.95351504 0.29701418 40.09799780
  jla_mock 0.280510 40.73793672 0.20078942 40.86600318
  jla_mock 0.198670 39.98666397 0.16215673 40.02025140
  jla_mock 0.159990 39.50152446 0.15164286 39.50047815
  jla_mock 0.210750 40.21107632 0.18113105 40.16337794
  jla_mock 0.071950 38.02299812 0.17245857 37.64175542
  jla_mock 0.237820 40.38421452 0.19074175 40.45840525
  jla_mock 0.141390 38.97381308 0.17359013 39.20730191
  jla_mock 0.155060 39.47617364 0.15760876 39.42600081
  jla_mock 0.370130 41.55475395 0.22886799 41.56258778
  jla_mock 0.093910 38.04706019 0.17056414 38.25241093
  jla_mock 0.118630 38.72106948 0.17057943 38.79493094
  jla_mock 0.153630 39.32936629 0.15381057 39.40398478
  jla_mock 0.253560 40.67917239 0.16809525 40.61599591
  jla_mock 0.107250 38.67180164 0.14420228 38.55993725
  jla_mock 0.129610 38.99932442 0.15302154 39.00235225
  jla_mock 0.266650 40.55355170 0.19376454 40.74033372
  jla_mock 0.212260 40.28989323 0.16262819 40.18073232
  jla_mock 0.278220 40.78875614 0.18167466 40.84563951
  jla_mock 0.245400 40.46473464 0.16811689 40.53545960
  jla_mock 0.133620 39.13035032 0.15059378 39.07401011
  jla_mock 0.176560 39.52521023 0.16208219 39.73603828
  jla_mock 0.113680 38.82781619 0.14584429 38.69544762
  jla_mock 0.320380 41.03740018 0.26368273 41.19801010
  jla_mock 0.112710 38.76830037 0.12253270 38.67547563
  jla_mock 0.106020 38.68104368 0.14472955 38.53314397
  jla_mock 0.391350 41.95192892 0.26610488 41.70448789
  jla_mock 0.155750 39.70163910 0.14611530 39.43655631
  jla_mock 0.186670 39.98313987 0.16762102 39.86986452
  jla_mock 0.196710 40.34376668 0.16669908 39.99627308
  jla_mock 0.191910 39.87108698 0.17339098 39.93660335
  jla_mock 0.190840 39.82404956 0.15087610 39.92311374
  jla_mock 0.176250 39.50917507 0.15361286 39.73182344
  jla_mock 0.128370 38.90784739 0.15035584 38.97977249
  jla_mock 0.122620 38.96645439 0.14734428 38.87231625
  jla_mock 0.127150 38.81062252 0.14706216 38.95735627
  jla_mock 0.213230 40.02053811 0.17620944 40.19182042
  jla_mock 0.218610 40.08984724 0.18110338 40.25248623
  jla_mock 0.268560 40.85186208 0.19152223 40.75800422
  jla_mock 0.204660 39.98935254 0.16518790 40.09219879
  jla_mock 0.267100 40.47286137 0.17377576 40.74450740
  jla_mock 0.217570 40.07856731 0.17264916 40.24086733
  jla_mock 0.241850 40.58340624 0.17151433 40.49964940
  jla_mock 0.293500 40.79215960 0.20071643 40.97869876
  jla_mock 0.353460 41.67970725 0.23113786 41.44574541
  jla_mock 0.185630 39.63652698 0.15494760 39.85641243
  jla_mock 0.285430 40.79377157 0.19928385 40.90924132
  jla_mock 0.194940 39.92292570 0.16836015 39.97442839
  jla_mock 0.075920 37.61139652 0.14499851 37.76428887
  jla_mock 0.163570 39.75003274 0.15777754 39.55323307
  jla_mock 0.257210 40.95215328 0.20821329 40.65124979
  jla_mock 0.219550 39.97075813 0.18725136 40.26294408
  jla_mock 0.175580 39.48375280 0.15163366 39.72269036
  jla_mock 0.226670 40.28988248 0.18608202 40.34084082
  jla_mock 0.153220 39.20224091 0.15082218 39.39763723
  jla_mock 0.210250 39.81896564 0.19550076 40.15760614
  jla_mock 0.121640 38.82853346 0.12361443 38.85353115
  jla_mock 0.291350 40.80952059 0.19904915 40.96036745
  jla_mock 0.294480 40.88084764 0.27859702 40.98701345
  jla_mock 0.164550 39.46047121 0.12599124 39.56748698
  jla_mock 0.307020 41.42846971 0.20906564 41.09121752
  jla_mock 0.198630 40.08251663 0.16157737 40.01976424
  jla_mock 0.268210 40.44535867 0.21539519 40.75477485
  jla_mock 0.401280 41.20388752 0.24823001 41.76846410
  jla_mock 0.136680 39.14169520 0.15334431 39.12734848
  jla_mock 0.295420 40.70732597 0.24720467 40.99496487
  jla_mock 0.291920 40.91480116 0.19219946 40.96523948
  jla_mock 0.090070 38.03217091 0.12096556 38.15618664
  jla_mock 0.205570 39.89327683 0.18292629 40.10295819
  jla_mock 0.145820 39.44751784 0.14934529 39.28026067
  jla_mock 0.117670 38.67277447 0.14486540 38.77594667
  jla_mock 0.054990 36.94741963 0.14997934 37.03239938
  jla_mock 0.174200 39.64491767 0.15142908 39.70377654
  jla_mock 0.244950 40.40962037 0.18020903 40.53094681
  jla_mock 0.224520 40.30215811 0.18249954 40.31755948
  jla_mock 0.245580 40.32363907 0.16228277 40.53726258
  jla_mock 0.283510 41.01683454 0.21250233 40.89245014
  jla_mock 0.180560 39.93933341 0.17619167 39.78981584
  jla_mock 0.103910 38.24812357 0.12352191 38.48648974
  jla_mock 0.129610 39.02862545 0.15326847 39.00235225
  jla_mock 0.243520 40.62093527 0.16045597 40.51655525
  jla_mock 0.331360 40.77836068 0.26935111 41.28275125
  jla_mock 0.243480 40.31761611 0.19048000 40.51615157
  jla_mock 0.314680 41.15851439 0.17577640 41.15295859
  jla_mock 0.218650 40.36505179 0.18935500 40.25293209
  jla_mock 0.260140 40.78247619 0.21925656 40.67921764
  jla_mock 0.282430 40.76548447 0.19830733 40.88295904
  jla_mock 0.300410 40.97139986 0.20581539 41.03678905
  jla_mock 0.151860 39.33978941 0.14864409 39.37646794
  jla_mock 0.263570 41.14426676 0.18936772 40.71159189
  jla_mock 0.213820 39.97038456 0.20621233 40.19854195
  jla_mock 0.162840 39.38849541 0.16761662 39.54256362
  jla_mock 0.124400 38.99695686 0.17140549 38.90607803
  jla_mock 0.194650 39.99496188 0.13938689 39.97083181
  jla_mock 0.205540 40.14783191 0.18299408 40.10260419
  jla_mock 0.106670 38.65462487 0.14588621 38.54733939
  jla_mock 0.187720 39.85803906 0.18724598 39.88337565
  jla_mock 0.163870 39.80999925 0.15682059 39.55760493
  jla_mock 0.290210 41.10517100 0.19470283 40.95059702
  jla_mock 0.094010 38.18061418 0.12497638 38.25486653
  jla_mock 0.227860 40.57862009 0.18009820 40.35363931
  jla_mock 0.107510 38.62477935 0.14764565 38.56556368
  jla_mock 0.310650 41.25668661 0.22259423 41.12065070
  jla_mock 0.145640 39.26032701 0.15575872 39.27733684
  jla_mock 0.087840 38.10560011 0.12609586 38.09850103
  jla_mock 0.148390 39.32892123 0.15572534 39.32164294
  jla_mock 0.286620 40.69125200 0.19365541 40.91959626
  jla_mock 0.122810 38.77422469 0.13329108 38.87594191
  jla_mock 0.186550 39.82988536 0.20280242 39.86831590
  jla_mock 0.128930 38.79236007 0.15503539 38.98999503
  jla_mock 0.194220 39.84652944 0.16863568 39.96548983
  jla_mock 0.148000 39.55131550 0.14676099 39.31540643
  jla_mock 0.211790 39.66670374 0.22866165 40.17534289
  jla_mock 0.179620 39.88369762 0.17351314 39.77727823
  jla_mock 0.263490 40.58735502 0.18130204 40.71084123
  jla_mock 0.192150 39.84898097 0.15956887 39.93961949
  jla_mock 0.338800 41.04925804 0.22987627 41.33871350
  jla_mock 0.117410 38.95617227 0.14766783 38.77078001
  jla_mock 0.143100 39.52878977 0.16841647 39.23571421
  jla_mock 0.160350 39.60368630 0.13218212 39.50583255
  jla_mock 0.288720 40.49294233 0.21129560 40.93777350
  jla_mock 0.123030 38.83203298 0.15464992 38.88013347
  jla_mock 0.264050 40.89970266 0.18533646 40.71609141
  jla_mock 0.126080 39.02990322 0.17182656 38.93752932
  jla_mock 0.173740 39.66722761 0.14981160 39.69744100
  jla_mock 0.164400 39.48377055 0.14972618 39.56531039
  jla_mock 0.249610 40.52931004 0.16242204 40.57731380
  jla_mock 0.159990 39.40052752 0.15136580 39.50047815
  jla_mock 0.244480 40.25604375 0.15150476 40.52622528
  jla_mock 0.248510 40.77582815 0.17707716 40.56644117
  jla_mock 0.228930 40.36759319 0.16847625 40.36509465
  jla_mock 0.085280 37.94959414 0.14384543 38.03053562
  jla_mock 0.062818 37.47903378 0.14854713 37.33330552
  jla_mock 0.277450 41.10050472 0.23370164 40.83875768
  jla_mock 0.275440 40.76148310 0.21508178 40.82071019
  jla_mock 0.330510 41.24888347 0.21087893 41.27628421
  jla_mock 0.361930 41.53846302 0.24565378 41.50573334
  jla_mock 0.331030 41.86167200 0.21800830 41.28024234
  jla_mock 0.160500 39.45757168 0.12714994 39.50806025
  jla_mock 0.300210 41.08759816 0.20430208 41.03512507
  jla_mock 0.116350 38.65462606 0.12231010 38.74960383
  jla_mock 0.218290 40.17508644 0.16062208 40.24891663
  jla_mock 0.119670 38.92436700 0.12046332 38.81533475
  jla_mock 0.154730 39.19801887 0.12395445 39.42093704
  jla_mock 0.178100 39.67414173 0.16562813 39.75687524
  jla_mock 0.250370 40.73068318 0.16560962 40.58480004
  jla_mock 0.251740 40.66130772 0.14466362 40.59824225
  jla_mock 0.129530 38.82756809 0.14518911 39.00090162
  jla_mock 0.309290 41.34910037 0.18810950 41.10966066
  jla_mock 0.278520 40.69456455 0.17881943 40.84831601
  jla_mock 0.185810 40.08405421 0.13605911 39.85874567
  jla_mock 0.066510 37.44546633 0.17228058 37.46288716
  jla_mock 0.258000 40.97665644 0.18756945 40.65881939
  jla_mock 0.298880 40.98968000 0.21609463 41.02403360
  jla_mock 0.270440 40.87154504 0.22437165 40.77528452
  jla_mock 0.279160 40.75036739 0.17183675 40.85401700
  jla_mock 0.292870 41.13382979 0.21554431 40.97334010
  jla_mock 0.189650 39.72048609 0.15711153 39.90802874
  jla_mock 0.265760 40.31325773 0.19291042 40.73205999
  jla_mock 0.123760 39.09242023 0.14509081 38.89399154
  jla_mock 0.182550 39.84578238 0.14971699 39.81615965
  jla_mock 0.056340 37.02177595 0.14895035 37.08712772
  jla_mock 0.312880 41.13501984 0.18264477 41.13857562
  jla_mock 0.309150 41.35377603 0.22328713 41.10852682
  jla_mock 0.200610 40.31583766 0.15587566 40.04377042
  jla_mock 0.326400 41.09055804 0.20549386 41.24479642
  jla_mock 0.211630 40.07611060 0.13899445 40.17350567
  jla_mock 0.179690 39.76179801 0.15636245 39.77821398
  jla_mock 0.302400 41.12545175 0.19662226 41.05329027
  jla_mock 0.109240 38.70250760 0.14870399 38.60267717
  jla_mock 0.085220 38.24249064 0.15002378 38.02891950
  jla_mock 0.202310 40.06411563 0.16131988 40.06420752
  jla_mock 0.126490 38.84278887 0.15584855 38.94514516
  jla_mock 0.214570 40.15111707 0.16812914 40.20706159
  jla_mock 0.320450 41.38675853 0.19168742 41.19855877
  jla_mock 0.218350 40.16516037 0.17273249 40.24958630
  jla_mock 0.190100 39.90027288 0.15982384 39.91374343
  jla_mock 0.092430 38.29974065 0.15614025 38.21577494
  jla_mock 0.379860 41.78034888 0.18489314 41.62856135
  jla_mock 0.211340 40.31377513 0.16607978 40.17017243
  jla_mock 0.258330 40.63326541 0.18011571 40.66197505
  jla_mock 0.183270 39.74855294 0.16855779 39.82562548
  jla_mock 0.212950 40.16129845 0.17784935 40.18862452
  jla_mock 0.116510 38.71487065 0.15544019 38.75281185
  jla_mock 0.144010 39.43050985 0.17185674 39.25070505
  jla_mock 0.252490 40.66524600 0.18599877 40.60557260
  jla_mock 0.255390 40.74239655 0.21319916 40.63372916
  jla_mock 0.216980 40.24359271 0.18860575 40.23425302
  jla_mock 1.265901 44.76966681 0.22380442 44.79698974
  jla_mock 0.935774 43.87434118 0.22958872 43.98915483
  jla_mock 0.049519 37.01699108 0.20228994 36.79643881
  jla_mock 0.030325 35.73034294 0.18207848 35.70156680
  jla_mock 0.074579 37.67633744 0.21872943 37.72359936
  jla_mock 0.025198 35.82587462 0.22034080 35.29122886
  jla_mock 0.014411 33.96831308 0.20528439 34.06048197
  jla_mock 0.020792 35.31303251 0.19750056 34.86681304
  jla_mock 0.035218 35.93069205 0.20378488 36.03411951
  jla_mock 0.041657 36.38408455 0.21523275 36.40882742
  jla_mock 0.042400 36.20635020 0.20618664 36.44837502
  jla_mock 0.018902 34.73063391 0.18361956 34.65682456
  jla_mock 0.078840 38.16884702 0.21534076 37.85056359
  jla_mock 0.063345 37.63846117 0.20758765 37.35224323
  jla_mock 0.027637 35.58963575 0.23141589 35.49574473
  jla_mock 0.049325 36.95342891 0.21068097 36.78761579
  jla_mock 0.070153 37.41556243 0.22041411 37.58414793
  jla_mock 0.023909 35.41356591 0.18367797 35.17514301
  jla_mock 0.053126 36.88859517 0.22335947 36.95466158
  jla_mock 0.024951 35.11059386 0.18978288 35.26944337
  jla_mock 0.015664 33.99659070 0.20165316 34.24355971
  jla_mock 0.048984 37.02526296 0.15985830 36.77202553
  jla_mock 0.022399 35.40364032 0.18927946 35.03105780
  jla_mock 0.034854 36.14540298 0.23666209 36.01098585
  jla_mock 0.016966 34.94607982 0.20291443 34.41905369
  jla_mock 0.030721 35.78668896 0.18171781 35.73036747
  jla_mock 0.030482 35.68642415 0.18203752 35.71302906
  jla_mock 0.010550 33.07901513 0.21945028 33.37697498
  jla_mock 0.014256 33.86576786 0.17170736 34.03674778
  jla_mock 0.027688 35.26679384 0.18124529 35.49982939
  jla_mock 0.053860 36.89883418 0.15903793 36.98558282
  jla_mock 0.017672 34.64706599 0.19251135 34.50872719
  jla_mock 0.017450 34.60282005 0.17037052 34.48091679
  jla_mock 0.015573 34.21857124 0.20219934 34.23076011
  jla_mock 0.010060 33.46193162 0.23112569 33.27290010
  jla_mock 0.054931 36.71823363 0.18431298 37.02997807
  jla_mock 0.039083 36.12386115 0.16317419 36.26630443
  jla_mock 0.078317 37.89092273 0.18391968 37.83533784
  jla_mock 0.031764 35.76595767 0.15356487 35.80451887
  jla_mock 0.014440 34.03386013 0.22581465 34.06489449
  jla_mock 0.013533 34.08833297 0.22079334 33.92255325
  jla_mock 0.026677 35.12887353 0.19349962 35.41744509
  jla_mock 0.023360 35.09197381 0.17880596 35.12382045
  jla_mock 0.036934 36.01636345 0.19001518 36.14012659
  jla_mock 0.023552 35.09472279 0.17819828 35.14190296
  jla_mock 0.017483 34.04612659 0.19211831 34.48507280
  jla_mock 0.040259 36.32578671 0.17447686 36.33251957
  jla_mock 0.030381 35.93098689 0.20408145 35.70566190
  jla_mock 0.015504 34.09762566 0.20027602 34.22100552
  jla_mock 0.014151 33.88070257 0.18788306 34.02052423
  jla_mock 0.015487 33.89444784 0.18431337 34.21859562
  jla_mock 0.015554 34.06495073 0.19852180 34.22807833
  jla_mock 0.037075 35.68233716 0.15485493 36.14862211
  jla_mock 0.015482 34.40169992 0.20249750 34.21788633
  jla_mock 0.013324 33.79235215 0.18643777 33.88841558
  jla_mock 0.014575 34.10306967 0.20791179 34.08532079
  jla_mock 0.015791 34.51442989 0.19846605 34.26130051
  jla_mock 0.024746 35.28097875 0.17954713 35.25120075
  jla_mock 0.027748 35.52920820 0.17503344 35.50462544
  jla_mock 0.010888 33.21308669 0.25477943 33.44600638
  jla_mock 0.013652 34.08652083 0.18670962 33.94175799
  jla_mock 0.035755 35.89627240 0.16295663 36.06782528
  jla_mock 0.024725 35.18477391 0.17710562 35.24932362
  jla_mock 0.038086 36.13488999 0.17051564 36.20862960
  jla_mock 0.021541 34.98947153 0.17711857 34.94486566
  jla_mock 0.019581 34.40808155 0.17898631 34.73455541
  jla_mock 0.030416 35.93290251 0.17571774 35.70821759
  jla_mock 0.039219 36.26126524 0.17021381 36.27406046
  jla_mock 0.034971 35.61786205 0.15987848 36.01844730
  jla_mock 0.028561 35.68145360 0.17650121 35.56862791
  jla_mock 0.020997 34.81177644 0.18822756 34.88844780
  jla_mock 0.032538 35.84396571 0.18232286 35.85802163
  jla_mock 0.015469 33.95433740 0.19318910 34.21604112
  jla_mock 0.015678 34.04194058 0.20747940 34.24552235
  jla_mock 0.027499 35.58719028 0.15598630 35.48465493
  jla_mock 0.046856 36.93084116 0.17134850 36.67229170
  jla_mock 0.033173 36.01730655 0.18295753 35.90099459
  jla_mock 0.010291 33.42995664 0.23549671 33.32257649
  jla_mock 0.080103 38.15125571 0.17116407 37.88693845
  jla_mock 0.012317 33.65357443 0.20020781 33.71612539
  jla_mock 0.024586 35.24328539 0.20631378 35.23685912
  jla_mock 0.014467 34.03963434 0.20827809 34.06899482
  jla_mock 0.015154 33.92343246 0.18399751 34.17085499
  jla_mock 0.029086 35.52678601 0.17337203 35.60901553
  jla_mock 0.034781 36.06551787 0.17928903 36.00631801
  jla_mock 0.044920 36.70424520 0.14070569 36.57766347
  jla_mock 0.034074 36.07812168 0.16958177 35.96060864
  jla_mock 0.074870 37.66924531 0.14386215 37.73248819
  jla_mock 0.014960 34.32387746 0.19782876 34.14256149
  jla_mock 0.020396 34.68967557 0.17103812 34.82441926
  jla_mock 0.040689 36.35776148 0.17468105 36.35626161
  jla_mock 0.026567 35.18482555 0.18033141 35.40829726
  jla_mock 0.026881 35.32535902 0.15330990 35.43431258
  jla_mock 0.023471 35.06105934 0.17597781 35.13429215
  jla_mock 0.069122 37.75087930 0.19117659 37.55045468
  jla_mock 0.065193 37.44691229 0.15879632 37.41747470
  jla_mock 0.022980 35.07099096 0.17790505 35.08759706
  jla_mock 0.017387 34.51697936 0.19829162 34.47296098
  jla_mock 0.031485 35.53469993 0.15108749 35.78491972
  jla_mock 0.011184 33.40205963 0.19447979 33.50473574
  jla_mock 0.021956 34.74074376 0.17567209 34.98696935
  jla_mock 0.031484 35.86954238 0.15080691 35.78484917
  jla_mock 0.023321 35.15973822 0.20285194 35.12012958
  jla_mock 0.020390 34.69452426 0.18300723 34.82377071
  jla_mock 0.022466 34.87742822 0.18140785 35.03765097
  jla_mock 0.033614 36.02190910 0.18044129 35.93036816
  jla_mock 0.036969 35.82153693 0.17916902 36.14223835
  jla_mock 0.022629 34.83837427 0.18007478 35.05361062
  jla_mock 0.014700 34.21754640 0.18462322 34.10406779
  jla_mock 0.036950 36.30974136 0.14876338 36.14109221
  jla_mock 0.060959 37.37132164 0.12531329 37.26525946
  jla_mock 0.059289 37.46360508 0.12135718 37.20240586
  jla_mock 0.069751 37.45386901 0.15873536 37.57106733
  jla_mock 0.029526 35.83089639 0.17470465 35.64231764
  jla_mock 0.033255 35.67357797 0.17565362 35.90648512
  jla_mock 0.024159 35.17579076 0.18124182 35.19813107
  jla_mock 0.015999 33.86222561 0.19155982 34.29005387
  jla_mock 0.062961 37.07732339 0.16530929 37.33845928
  jla_mock 0.021706 35.08571150 0.19186355 34.96170055
  jla_mock 0.031638 35.87786246 0.18943844 35.79568859
  jla_mock 0.018599 34.68618008 0.17304818 34.62124460
  jla_mock 0.027064 35.82527293 0.17332763 35.44933715
  jla_mock 0.025468 35.19727563 0.18469991 35.31480424
  jla_mock 0.023810 35.24965123 0.19336693 35.16597435
  jla_mock 0.023867 34.86008528 0.18298494 35.17125784
  jla_mock 0.022068 35.25843902 0.16678206 34.99819802
