  jla_mock 0.503084 42.44962482 0.14571158 42.35104191
  jla_mock 0.580724 42.87030777 0.16122778 42.72544420
  jla_mock 0.494795 42.26306696 0.12070859 42.30792132
  jla_mock 0.345928 41.22677802 0.13253081 41.39127679
  jla_mock 0.677662 43.47201844 0.22871689 43.13159771
  jla_mock 0.610712 42.83502556 0.22548733 42.85755119
  jla_mock 0.866494 43.76245766 0.25803499 43.78399511
  jla_mock 0.330932 41.22696506 0.12801230 41.27949682
  jla_mock 0.798566 43.29111475 0.25919990 43.56669516
  jla_mock 0.449562 42.13243106 0.16139765 42.06004102
  jla_mock 0.371443 41.44693548 0.14921889 41.57158328
  jla_mock 0.291718 41.10836029 0.14231442 40.96351391
  jla_mock 0.355820 41.42101559 0.14101044 41.46259197
  jla_mock 0.461274 42.30791896 0.15587207 42.12637684
  jla_mock 0.283610 40.91933875 0.13055630 40.89332726
  jla_mock 0.632234 42.58609727 0.22182909 42.94863350
  jla_mock 0.466414 42.12805219 0.17243727 42.15499621
  jla_mock 0.268624 40.66328667 0.12820280 40.75859431
  jla_mock 0.946890 44.18632026 0.29224985 44.02068105
  jla_mock 0.924917 43.70852587 0.31213110 43.95800648
  jla_mock 0.693165 43.20328204 0.29243158 43.19137081
  jla_mock 0.625233 42.99240172 0.19088816 42.91933154
  jla_mock 0.896944 43.71806367 0.26745476 43.87607256
  jla_mock 0.608261 42.84112579 0.15987482 42.84698635
  jla_mock 0.789054 44.11312814 0.26932700 43.53484560
  jla_mock 0.578292 42.83748573 0.14637659 42.71444998
  jla_mock 0.590280 42.83611450 0.18966931 42.76822720
  jla_mock 0.719626 43.45704991 0.25305179 43.29050179
  jla_mock 0.210032 39.95813807 0.13132256 40.15508565
  jla_mock 0.766590 43.64133511 0.22576765 43.45813147
  jla_mock 0.858513 43.76032607 0.22289539 43.75933955
  jla_mock 0.367904 41.60975292 0.09931133 41.54726971
  jla_mock 0.558746 42.64613793 0.15678156 42.62447408
  jla_mock 0.848509 43.78740237 0.21739327 43.72811733
  jla_mock 0.996390 44.32708181 0.24266005 44.15678878
  jla_mock 0.776594 43.79512391 0.26449227 43.49255925
  jla_mock 0.582932 42.62566669 0.13306958 42.73538825
  jla_mock 0.583743 42.79312202 0.16752875 42.73903180
  jla_mock 0.796552 43.61780769 0.22887969 43.55998229
  jla_mock 0.588721 42.53639112 0.15579306 42.76129222
  jla_mock 0.913473 43.96292900 0.24294053 43.92478371
  jla_mock 0.768587 43.15715503 0.23905376 43.46503842
  jla_mock 0.948455 43.95294870 0.26528102 44.02509035
  jla_mock 0.513793 42.34129616 0.15287930 42.40577946
  jla_mock 0.733609 43.71505566 0.19294483 43.34148483
  jla_mock 0.637701 42.80135489 0.27010736 42.97130188
  jla_mock 0.765588 43.59942307 0.21113574 43.45465935
  jla_mock 0.434861 42.06817904 0.15772880 41.97446567
  jla_mock 0.983407 43.93185506 0.25879722 44.12174547
  jla_mock 0.583743 42.62453925 0.16232669 42.73903180
  jla_mock 0.700631 43.36133494 0.21687358 43.21970245
  jla_mock 0.662058 43.43449303 0.21294856 43.07010358
  jla_mock 0.838126 43.61344531 0.28077453 43.69533139
  jla_mock 0.621874 42.96178435 0.17546981 42.90516222
  jla_mock 0.370586 41.54284990 0.14291643 41.56571521
  jla_mock 0.416632 41.95589630 0.13815441 41.86454678
  jla_mock 0.358570 41.47178228 0.10704088 41.48209300
  jla_mock 0.451681 42.21299667 0.15278703 42.07216096
  jla_mock 0.522762 42.45525333 0.16112888 42.45080836
  jla_mock 0.733996 43.42994379 0.30408870 43.34288256
  jla_mock 0.701965 43.43145043 0.31176741 43.22473424
  jla_mock 0.742008 43.60840444 0.29013165 43.37166168
  jla_mock 0.746118 43.65291507 0.21822021 43.38630913
  jla_mock 0.349560 41.67624144 0.13472825 41.41767712
  jla_mock 0.591835 42.64498764 0.15357327 42.77512718
  jla_mock 0.514746 42.47923472 0.15561143 42.41059876
  jla_mock 0.620632 42.90125718 0.18447364 42.89990471
  jla_mock 0.643646 42.55412810 0.24392132 42.99574384
  jla_mock 1.002795 43.79817620 0.33216844 44.17391138
  jla_mock 0.470586 42.15833383 0.14420733 42.17801083
  jla_mock 0.610643 42.95069557 0.15877872 42.85725432
  jla_mock 0.263487 40.76330168 0.12804977 40.71081308
  jla_mock 0.358336 41.48087183 0.12918713 41.48043901
  jla_mock 0.742697 43.51731318 0.25908753 43.37412260
  jla_mock 0.451556 41.89718706 0.11538935 42.07144747
  jla_mock 0.910752 44.13717657 0.26164869 43.91682448
  jla_mock 0.552605 42.50426973 0.15821060 42.59559344
  jla_mock 0.337534 41.35335470 0.12813367 41.32927134
  jla_mock 0.750681 43.56372740 0.24281434 43.40248043
  jla_mock 0.983777 43.39740402 0.34665096 44.12275046
  jla_mock 0.822697 43.61356987 0.22175759 43.64587597
  jla_mock 0.813696 43.80062455 0.24256727 43.61660738
  jla_mock 0.950763 44.02659235 0.26472927 44.03158000
  jla_mock 0.817732 43.82091813 0.24643394 43.62976987
  jla_mock 0.340520 41.56337982 0.12574260 41.35148976
  jla_mock 0.960751 43.90229682 0.28766046 44.05948701
  jla_mock 0.810720 43.63050052 0.27275574 43.60686128
  jla_mock 0.756687 43.31994660 0.24755189 43.42362217
  jla_mock 0.611252 42.96751786 0.18572910 42.85987342
  jla_mock 0.877971 43.83023153 0.22378685 43.81906566
  jla_mock 0.548325 42.46700188 0.14258079 42.57528608
  jla_mock 0.809032 43.37568077 0.23222084 43.60131782
  jla_mock 1.028800 44.53262702 0.28337345 44.24233887
  jla_mock 0.627239 43.04563673 0.17555461 42.92775911
  jla_mock 0.422452 41.76680942 0.15606690 41.90011713
  jla_mock 0.933900 43.68546567 0.34999950 43.98380379
  jla_mock 0.701158 43.19550922 0.22740618 43.22169137
  jla_mock 0.697164 43.27147803 0.20952266 43.20658211
  jla_mock 0.685179 43.02615468 0.27044472 43.16074133
  jla_mock 0.767075 43.80338571 0.25233801 43.45981051
  jla_mock 0.931901 43.54361512 0.25136810 43.97808419
  jla_mock 0.863978 43.63613427 0.24510246 43.77624644
  jla_mock 0.749100 43.46359886 0.22590126 43.39688808
  jla_mock 0.514353 42.32743560 0.15357466 42.40861238
  jla_mock 0.468406 42.18712652 0.11440416 42.16600877
  jla_mock 0.470398 42.33296746 0.15654577 42.17697783
  jla_mock 0.958871 43.94634570 0.27681249 44.05425605
  jla_mock 0.927909 44.50327397 0.29724149 43.96662606
  jla_mock 0.840522 44.01173841 0.21913135 43.70293203
  jla_mock 0.630699 43.01670489 0.17083127 42.94223535
  jla_mock 0.562751 42.54899634 0.14440652 42.64314895
  jla_mock 0.615698 42.92822449 0.16969222 42.87891969
  jla_mock 0.828528 43.86257101 0.22446355 43.66467138
  jla_mock 0.564741 42.40924065 0.16042692 42.65238167
  jla_mock 0.578745 42.96149597 0.14758356 42.71650114
  jla_mock 0.557743 42.63293815 0.15831963 42.61977749
  jla_mock 0.864497 44.10247901 0.22870035 43.77784663
  jla_mock 0.735608 43.54412728 0.23468503 43.34869704
  jla_mock 0.858507 43.68715945 0.28336591 43.75932093
  jla_mock 0.261984 40.77103270 0.10443414 40.69667086
  jla_mock 0.585743 42.94149520 0.18660838 42.74799676
  jla_mock 0.761580 43.97164772 0.21598834 43.44072697
  jla_mock 0.488800 42.32443158 0.11155101 42.27631225
  jla_mock 0.858516 43.56493370 0.27431051 43.75934886
  jla_mock 0.688656 42.99456874 0.18053033 43.17411869
  jla_mock 0.558743 42.51408861 0.15491557 42.62446004
  jla_mock 0.324532 41.03325582 0.12601850 41.23036431
  jla_mock 0.480704 42.32730576 0.10839252 42.23304676
  jla_mock 0.185371 39.85560693 0.13095679 39.85305148
  jla_mock 0.922221 44.11858372 0.33854809 43.95021620
  jla_mock 0.681942 42.77945054 0.19640351 43.14822898
  jla_mock 0.475707 42.41513580 0.10811298 42.20600231
  jla_mock 0.922210 43.89360614 0.27644363 43.95018437
  jla_mock 0.893183 43.82710886 0.25783329 43.86486632
  jla_mock 0.428646 41.81914877 0.14143599 41.93747792
  jla_mock 0.631882 43.04168786 0.23474045 42.94716761
  jla_mock 0.699960 43.68167171 0.25834877 43.21716801
  jla_mock 0.736007 43.15194694 0.26468680 43.35013433
  jla_mock 0.575823 42.56722448 0.15953941 42.70324385
  jla_mock 0.418633 41.73840485 0.10651651 41.87682801
  jla_mock 0.511746 42.52400533 0.12000546 42.39539947
  jla_mock 0.535771 42.17621661 0.12653138 42.51485102
  jla_mock 0.641893 42.87895073 0.21547239 42.98855901
  jla_mock 0.734996 43.20194578 0.22720400 43.34649100
  jla_mock 0.351560 41.34380625 0.13079492 41.43210698
  jla_mock 0.609860 42.51639236 0.17401244 42.85388326
  jla_mock 0.349557 41.22982450 0.13436921 41.41765542
  jla_mock 0.701969 42.83416208 0.18819535 43.22474932
  jla_mock 0.355261 41.37758249 0.10427939 41.45861096
  jla_mock 0.983280 44.08190341 0.25756994 44.12140043
  jla_mock 0.872152 43.62201539 0.26597542 43.80134063
  jla_mock 0.759030 43.15094314 0.20819082 43.43182601
  jla_mock 0.926220 43.78995909 0.24599386 43.96176361
  jla_mock 0.643642 43.09734462 0.22846121 42.99572746
  jla_mock 0.419569 41.88798424 0.13772753 41.88255410
  jla_mock 0.515587 42.31547407 0.20313602 42.41484477
  jla_mock 0.890729 43.69249522 0.21057911 43.85752952
  jla_mock 0.805696 43.02944829 0.22987004 43.59032927
  jla_mock 0.480568 42.33464084 0.10874993 42.23231419
  jla_mock 0.800697 43.74561842 0.24546005 43.57378020
  jla_mock 0.580604 42.62754412 0.18881444 42.72490274
  jla_mock 0.715652 43.27866410 0.24396561 43.27583891
  jla_mock 0.805695 43.57546936 0.23276535 43.59032597
  jla_mock 0.766684 43.43840121 0.25283777 43.45845698
  jla_mock 0.664638 43.14080314 0.19578546 43.08036579
  jla_mock 0.901736 43.44808339 0.25190507 43.89028441
  jla_mock 0.745665 43.64552244 0.21142864 43.38469852
  jla_mock 0.718680 43.63782490 0.20380008 43.28701838
  jla_mock 0.736690 43.08294385 0.19636251 43.35259294
  jla_mock 0.579600 42.78830543 0.12084594 42.72036839
  jla_mock 0.370531 41.64796281 0.10256736 41.56533819
  jla_mock 0.960740 43.97985043 0.23956115 44.05945643
  jla_mock 0.850729 43.46293668 0.21179952 43.73507669
  jla_mock 0.648640 43.25400861 0.19254569 43.01611076
  jla_mock 0.219462 40.28483521 0.13036783 40.26196681
  jla_mock 0.936755 43.99763444 0.24129989 43.99195180
  jla_mock 0.647639 43.13853674 0.17876349 43.01204038
  jla_mock 0.461564 42.00779284 0.13341110 42.12799943
  jla_mock 0.600603 43.03991809 0.17945434 42.81371586
  jla_mock 0.670654 42.84559972 0.23100742 43.10414845
  jla_mock 0.760698 43.41358850 0.20946016 43.43765154
  jla_mock 0.246492 40.49197409 0.13212126 40.54637902
  jla_mock 0.470573 41.95093864 0.14759396 42.17793941
  jla_mock 0.169455 39.50520591 0.11209573 39.63766354
  jla_mock 0.497379 42.27835920 0.12912927 42.32143557
  jla_mock 0.638234 43.22422438 0.19688575 42.97350203
  jla_mock 0.507371 42.12741285 0.14542671 42.37308383
  jla_mock 0.535327 42.52107402 0.14229510 42.51268936
  jla_mock 0.587285 43.04546346 0.16639385 42.75488905
  jla_mock 0.773081 43.71291128 0.25620999 43.48051857
  jla_mock 0.699166 43.25682427 0.22210270 43.21416597
  jla_mock 0.370511 41.53652402 0.12736057 41.56520108
  jla_mock 0.761089 43.53786843 0.22808946 43.43901534
  jla_mock 0.699169 43.61594786 0.21959570 43.21417732
  jla_mock 0.788060 43.54263522 0.19242158 43.53149594
  jla_mock 0.373513 41.64224911 0.13202741 41.58570563
  jla_mock 0.405478 41.79902391 0.13198879 41.79507130
  jla_mock 0.852994 43.96698798 0.25729076 43.74215894
  jla_mock 0.808048 43.60928245 0.24185374 43.59808117
  jla_mock 0.603272 42.84985220 0.18397635 42.82535672
  jla_mock 0.583290 42.59579942 0.17902789 42.73699721
  jla_mock 0.534335 42.55919244 0.14774220 42.50785365
  jla_mock 0.720140 43.39446067 0.24070231 43.29239263
  jla_mock 0.400485 41.72843824 0.21060605 41.76339635
  jla_mock 0.837004 43.45328107 0.21502566 43.69176490
  jla_mock 0.371508 41.66332361 0.10193219 41.57202784
  jla_mock 0.806041 43.39258200 0.25907683 43.59146772
  jla_mock 0.840005 44.45591925 0.23506835 43.70129378
  jla_mock 0.500728 42.42441526 0.12981336 42.33885355
  jla_mock 0.532765 42.44355185 0.17422186 42.50018312
  jla_mock 0.533766 42.66907943 0.18215335 42.50507613
  jla_mock 0.932229 44.06228524 0.34152943 43.97902349
  jla_mock 0.822103 43.71106383 0.25790730 43.64395405
  jla_mock 0.553797 42.57715481 0.13544877 42.60122283
  jla_mock 0.125298 38.80273899 0.13709229 38.92293877
  jla_mock 0.842123 43.75424572 0.28302626 43.70799902
  jla_mock 0.443668 41.62303156 0.15186631 42.02604821
  jla_mock 0.727675 43.53941964 0.24978201 43.31996388
  jla_mock 0.683659 44.12986066 0.41253064 43.15487294
  jla_mock 0.442548 42.23356362 0.13367762 42.01954139
  jla_mock 0.726679 43.46819392 0.20021505 43.31633517
  jla_mock 0.282510 40.97887376 0.12747632 40.88366322
  jla_mock 0.404549 41.79886683 0.12965359 41.78920526
  jla_mock 0.519611 42.54885431 0.13964385 42.43507170
  jla_mock 0.690652 43.07004569 0.23214813 43.18176896
  jla_mock 1.060801 44.06853017 0.27869308 44.32423223
  jla_mock 0.576612 42.38802591 0.15376326 42.70682983
  jla_mock 0.268489 40.76966287 0.12614174 40.75734943
  jla_mock 0.720680 43.24983401 0.25106936 43.29437771
  jla_mock 0.250498 40.58616302 0.13111277 40.58605882
  jla_mock 0.760691 43.06299408 0.27664014 43.43762712
  jla_mock 0.698167 43.41009860 0.26129048 43.21038422
  jla_mock 0.550315 42.47359635 0.16854352 42.58474650
  jla_mock 0.730128 42.91444396 0.23524622 43.32888057
  jla_mock 0.847985 43.74427118 0.24702775 43.72647209
  jla_mock 0.997826 43.86518606 0.24705649 44.16063709
  jla_mock 0.435446 41.92056428 0.13052406 41.97792194
  jla_mock 0.409470 41.97133339 0.12922369 41.82013748
  jla_mock 0.301590 41.21232420 0.12598595 41.04658579
  jla_mock 1.299106 45.04598138 0.19340708 44.86622170
  jla_mock 1.020807 44.45072042 0.23668119 44.22149044
  jla_mock 0.839734 43.77444280 0.19264717 43.70043465
  jla_mock 1.120850 44.39789600 0.20807086 44.47149026
  jla_mock 1.230892 45.13547302 0.23900250 44.72198803
  jla_mock 0.974230 43.88910849 0.18427047 44.09669905
  jla_mock 0.970782 43.99740309 0.33863365 44.08722847
  jla_mock 0.064229 37.46889392 0.15072784 37.38367208
  jla_mock 0.129030 39.17352193 0.16416611 38.99181609
  jla_mock 0.102890 38.21196592 0.14983539 38.46361443
  jla_mock 0.044130 36.95703412 0.17359564 36.53790737
  jla_mock 0.113040 38.59919696 0.15276523 38.68228835
  jla_mock 0.256110 40.19757261 0.20496122 40.64067411
  jla_mock 0.380260 41.60875910 0.28702753 41.63124000
  jla_mock 0.145470 39.20314490 0.16218924 39.27457233
  jla_mock 0.088890 38.13728065 0.14636771 38.12583382
  jla_mock 0.260590 40.65632195 0.18294429 40.68348731
  jla_mock 0.078910 38.01380934 0.15602647 37.85259413
  jla_mock 0.083040 38.12982532 0.15331705 37.96945274
  jla_mock 0.165650 39.60949158 0.13854363 39.58339248
  jla_mock 0.168170 39.60530781 0.16196037 39.61946333
  jla_mock 0.170630 39.88037372 0.16520984 39.65419380
  jla_mock 0.170280 39.59019690 0.17035518 39.64928098
  jla_mock 0.120440 38.93612401 0.15109792 38.83033422
  jla_mock 0.276530 40.40479832 0.21443501 40.83051212
  jla_mock 0.231600 40.25558231 0.18253328 40.39346548
  jla_mock 0.305690 41.30409228 0.26735001 41.08035322
  jla_mock 0.079970 37.90203643 0.16566195 37.88313388
  jla_mock 0.174150 39.52519846 0.15831009 39.70308864
  jla_mock 0.138680 39.09379415 0.16604939 39.16160914
  jla_mock 0.146070 39.07675394 0.16391832 39.28431597
  jla_mock 0.081330 38.04641876 0.14393418 37.92175604
  jla_mock 0.233800 40.51499911 0.17178002 40.41661639
  jla_mock 0.256550 40.54856533 0.17733386 40.64490939
  jla_mock 0.245620 40.38227096 0.20041043 40.53766308
  jla_mock 0.125930 38.90751322 0.19132506 38.93473721
  jla_mock 0.223510 40.27443043 0.21582750 40.30655156
  jla_mock 0.102640 38.24293399 0.14663754 38.45797501
  jla_mock 0.119670 38.60837527 0.14566661 38.81533475
  jla_mock 0.180550 39.51640437 0.16851019 39.78968278
  jla_mock 0.197090 40.25516173 0.17389574 40.00093917
  jla_mock 0.229160 40.37781091 0.19939442 40.36755056
  jla_mock 0.264510 40.50600575 0.19876199 40.72039640
  jla_mock 0.103370 38.42249815 0.12264053 38.47440587
  jla_mock 0.364410 41.53662860 0.23042794 41.52305266
  jla_mock 0.205600 40.19429160 0.15584351 40.10331215
  jla_mock 0.179810 39.97645388 0.19620482 39.77981734
  jla_mock 0.199590 40.25974915 0.18224440 40.03143112
  jla_mock 0.156530 39.39120965 0.15012954 39.44843626
  jla_mock 0.161800 39.52401550 0.14760764 39.52728616
  jla_mock 0.209530 40.41156341 0.20608020 40.14927240
  jla_mock 0.241790 40.34465494 0.19813238 40.49904000
  jla_mock 0.236460 40.87315651 0.16266354 40.44434112
  jla_mock 0.226680 40.51134161 0.21050732 40.34094863
  jla_mock 0.296780 40.85442193 0.19716042 41.00642792
  jla_mock 0.208520 39.78170345 0.16317028 40.13753731
  jla_mock 0.251040 40.71795663 0.22085837 40.59138241
  jla_mock 0.250120 40.54589659 0.17967388 40.58233978
  jla_mock 0.117710 38.96246386 0.14551100 38.77674059
  jla_mock 0.219710 40.22892538 0.16999397 40.26472003
  jla_mock 0.149010 39.44650454 0.14890457 39.33152597
  jla_mock 0.287420 41.35398813 0.18840122 40.92653533
  jla_mock 0.143600 39.55275872 0.16639625 39.24396193
  jla_mock 0.328370 41.52602723 0.19601268 41.25993440
  jla_mock 0.246250 40.45211793 0.16506508 40.54396300
  jla_mock 0.119660 38.94900067 0.15026680 38.81513935
  jla_mock 0.328380 41.29834135 0.27642285 41.26001103
  jla_mock 0.215130 40.10763805 0.18366862 40.21340500
  jla_mock 0.144780 39.29566210 0.13616902 39.26332062
  jla_mock 0.132430 38.97231645 0.12839376 39.05295780
  jla_mock 0.210820 40.47899270 0.16235031 40.16418499
  jla_mock 0.203990 40.20942706 0.15780808 40.08424872
  jla_mock 0.279520 40.72103811 0.16701092 40.85721851
  jla_mock 0.044280 36.37038697 0.15509722 36.54550888
  jla_mock 0.180370 39.70538596 0.15078404 39.78728654
  jla_mock 0.260700 40.64657972 0.18972170 40.68452998
  jla_mock 0.056540 36.98171548 0.18696980 37.09512776
  jla_mock 0.212600 40.17307201 0.19194689 40.18462419
  jla_mock 0.369410 41.58863001 0.23700047 41.55764247
  jla_mock 0.173860 39.77183271 0.13051969 39.69909525
  jla_mock 0.142650 39.22018027 0.16862649 39.22826819
  jla_mock 0.177890 39.87244855 0.17323466 39.75404371
  jla_mock 0.328370 41.04932908 0.20656404 41.25993440
  jla_mock 0.253510 40.73728511 0.19560920 40.61550974
  jla_mock 0.300010 41.22674376 0.19320267 41.03346007
  jla_mock 0.105890 38.34678671 0.14607715 38.53029502
  jla_mock 0.223280 40.23958424 0.16843887 40.30403838
  jla_mock 0.118450 39.00583938 0.12252294 38.79138243
  jla_mock 0.176530 39.81009718 0.17118858 39.73563069
  jla_mock 0.182800 39.78588869 0.18906536 39.81945031
  jla_mock 0.297620 41.43770533 0.22708191 41.01348391
  jla_mock 0.196990 39.97988278 0.16336648 39.99971206
  jla_mock 0.152950 39.50429847 0.14755004 39.39344849
  jla_mock 0.248500 40.61687334 0.17447627 40.56634213
  jla_mock 0.138180 38.93797622 0.12408786 39.15308754
  jla_mock 0.207040 40.12335968 0.17044837 40.12024608
  jla_mock 0.214680 40.08029766 0.18059604 40.20830882
  jla_mock 0.306320 41.16259230 0.21502986 41.08550488
  jla_mock 0.246950 40.58765996 0.17120148 40.55094551
  jla_mock 0.198010 40.13903377 0.14489973 40.01220161
  jla_mock 0.222560 40.50158013 0.15195110 40.29615558
  jla_mock 0.135080 39.22387626 0.15130600 39.09960029
  jla_mock 0.210540 40.15633586 0.18260591 40.16095532
  jla_mock 0.272580 41.11959994 0.16910743 40.79482057
  jla_mock 0.246600 40.82923850 0.16168519 40.54745654
  jla_mock 0.220680 39.77493490 0.19428942 40.27546119
  jla_mock 0.274470 40.73913981 0.19147108 40.81195729
  jla_mock 0.176560 39.41062503 0.15540451 39.73603828
  jla_mock 0.310880 41.33418563 0.22015615 41.12250493
  jla_mock 0.184350 39.85006306 0.17307932 39.83975978
  jla_mock 0.159350 39.62097872 0.14827050 39.49093145
  jla_mock 0.219760 40.18214229 0.16604587 40.26527477
  jla_mock 0.252050 40.49335225 0.18410044 40.60127456
  jla_mock 0.181220 39.95553739 0.14940352 39.79858271
  jla_mock 0.173730 39.91100429 0.13336424 39.69730310
  jla_mock 0.380470 41.85074253 0.24246083 41.63264525
  jla_mock 0.178650 39.76157499 0.17172186 39.76427650
  jla_mock 0.245680 40.50950993 0.18910008 40.53826371
  jla_mock 0.209100 40.29924405 0.16102286 40.14428268
  jla_mock 0.249470 40.67582039 0.20970726 40.57593247
  jla_mock 0.133920 38.47722760 0.16606211 39.07928968
  jla_mock 0.177060 39.60882659 0.16039966 39.74282196
  jla_mock 0.281110 40.90209425 0.18775324 40.87131332
  jla_mock 0.173830 39.64248973 0.15186906 39.69868179
  jla_mock 0.196540 39.85839576 0.16513423 39.99418292
  jla_mock 0.363970 41.99882428 0.22724835 41.51998782
  jla_mock 0.378350 41.85899760 0.26733097 41.61842592
  jla_mock 0.316460 41.11395904 0.21038880 41.16710744
  jla_mock 0.183220 39.76943514 0.13519430 39.82496925
  jla_mock 0.241020 40.29142845 0.16773658 40.49120702
  jla_mock 0.202030 40.01057115 0.19953174 40.06085237
  jla_mock 0.168690 39.45482217 0.16511959 39.62684391
  jla_mock 0.197940 39.90825597 0.17492454 40.01134639
  jla_mock 0.122760 38.75298837 0.14574653 38.87498830
  jla_mock 0.203180 39.85431590 0.16105255 40.07460514
  jla_mock 0.127390 39.15361520 0.14895509 38.96178192
  jla_mock 0.275490 40.91134293 0.19972760 40.82116060
  jla_mock 0.144680 39.21759221 0.14721731 39.26168579
  jla_mock 0.334360 41.20360477 0.24977783 41.30545460
  jla_mock 0.195800 40.20313615 0.15392559 39.98506502
  jla_mock 0.193920 39.72946954 0.16374737 39.96175638
  jla_mock 0.249730 40.73967920 0.18580683 40.57849724
  jla_mock 0.148600 39.35108085 0.14879989 39.32499474
  jla_mock 0.155960 39.49402313 0.14872192 39.43976020
  jla_mock 0.095820 38.24761362 0.15034816 38.29888959
  jla_mock 0.150650 39.19336356 0.15872946 39.35748429
  jla_mock 0.309330 41.27859919 0.24715745 41.10998454
  jla_mock 0.248570 40.84569000 0.17340396 40.56703537
  jla_mock 0.365540 41.58953773 0.24311996 41.53090809
  jla_mock 0.117710 38.70912975 0.12847626 38.77674059
  jla_mock 0.191760 39.87369483 0.14428474 39.93471648
  jla_mock 0.182550 39.70307655 0.16171197 39.81615965
  jla_mock 0.234720 40.18135661 0.18444964 40.42623815
  jla_mock 0.246470 40.28672764 0.19927669 40.54615947
  jla_mock 0.288450 40.83417512 0.18873457 40.93544325
  jla_mock 0.209600 40.60253032 0.19927022 40.15008378
  jla_mock 0.191980 39.85616469 0.17965405 39.93748342
  jla_mock 0.114020 38.54662721 0.12215388 38.70241012
  jla_mock 0.113890 38.46347450 0.18397194 38.69975030
  jla_mock 0.198800 40.24624564 0.20967258 40.02183405
  jla_mock 0.220580 40.10983880 0.22796022 40.27435587
  jla_mock 0.182570 39.64779226 0.16453718 39.81642306
  jla_mock 0.158950 39.52222779 0.16372575 39.48494661
  jla_mock 0.078490 37.74746722 0.14911597 37.84038499
  jla_mock 0.138640 39.23138755 0.13217046 39.16092847
  jla_mock 0.180790 39.85989005 0.15445548 39.79287433
  jla_mock 0.177570 39.82632438 0.18629282 39.74972302
  jla_mock 0.170660 39.91236477 0.16102003 39.65461446
  jla_mock 0.233810 40.53694486 0.20858516 40.41672116
  jla_mock 0.071530 37.20365033 0.17410666 37.62841570
  jla_mock 0.154630 39.44565595 0.18791656 39.41940058
  jla_mock 0.090100 38.19351278 0.15950858 38.15695339
  jla_mock 0.176580 39.42149766 0.20448697 39.73630997
  jla_mock 0.130450 38.95895876 0.16440638 39.01753336
  jla_mock 0.182040 39.47064193 0.17166998 39.80943370
  jla_mock 0.256170 40.59588717 0.17261330 40.64125204
  jla_mock 0.138110 39.03957865 0.14854031 39.15189221
  jla_mock 0.170700 39.65438399 0.16749506 39.65517524
  jla_mock 0.216740 40.30442393 0.14793120 40.23155770
  jla_mock 0.245550 40.19668577 0.17887642 40.53696217
  jla_mock 0.143820 38.89933105 0.16709807 39.24758242
  jla_mock 0.248620 40.78645078 0.18856198 40.56753043
  jla_mock 0.145330 39.23901946 0.17138622 39.27229342
  jla_mock 0.135880 38.94210292 0.12760365 39.11351263
  jla_mock 0.058740 36.96792784 0.12754402 37.18137021
  jla_mock 0.036520 36.13411290 0.15191506 36.11499823
  jla_mock 0.277490 40.85636996 0.22703402 40.83911561
  jla_mock 0.205150 39.75679369 0.29701418 40.09799780
  jla_mock 0.280510 40.61685500 0.20078942 40.86600318
  jla_mock 0.198670 40.25086038 0.16215673 40.02025140
  jla_mock 0.159990 39.57035884 0.15164286 39.50047815
  jla_mock 0.210750 40.33500981 0.18113105 40.16337794
  jla_mock 0.071950 37.73892268 0.17245857 37.64175542
  jla_mock 0.237820 40.56059538 0.19074175 40.45840525
  jla_mock 0.141390 38.97100833 0.17359013 39.20730191
  jla_mock 0.155060 39.39139247 0.15760876 39.42600081
  jla_mock 0.370130 41.37658841 0.22886799 41.56258778
  jla_mock 0.093910 38.08777202 0.17056414 38.25241093
  jla_mock 0.118630 38.93180418 0.17057943 38.79493094
  jla_mock 0.153630 39.49286048 0.15381057 39.40398478
  jla_mock 0.253560 40.79255730 0.16809525 40.61599591
  jla_mock 0.107250 38.56420904 0.14420228 38.55993725
  jla_mock 0.129610 39.03685429 0.15302154 39.00235225
  jla_mock 0.266650 40.99710665 0.19376454 40.74033372
  jla_mock 0.212260 39.91060145 0.16262819 40.18073232
  jla_mock 0.278220 40.77684316 0.18167466 40.84563951
  jla_mock 0.245400 40.77859596 0.16811689 40.53545960
  jla_mock 0.133620 38.79234267 0.15059378 39.07401011
  jla_mock 0.176560 39.80431240 0.16208219 39.73603828
  jla_mock 0.113680 38.82823615 0.14584429 38.69544762
  jla_mock 0.320380 41.37610590 0.26368273 41.19801010
  jla_mock 0.112710 38.73459536 0.12253270 38.67547563
  jla_mock 0.106020 38.54721469 0.14472955 38.53314397
  jla_mock 0.391350 41.43058672 0.26610488 41.70448789
  jla_mock 0.155750 39.53251766 0.14611530 39.43655631
  jla_mock 0.186670 39.64106954 0.16762102 39.86986452
  jla_mock 0.196710 39.97262860 0.16669908 39.99627308
  jla_mock 0.191910 40.12771588 0.17339098 39.93660335
  jla_mock 0.190840 39.93990922 0.15087610 39.92311374
  jla_mock 0.176250 39.80356495 0.15361286 39.73182344
  jla_mock 0.128370 38.97505988 0.15035584 38.97977249
  jla_mock 0.122620 38.76216228 0.14734428 38.87231625
  jla_mock 0.127150 39.03612037 0.14706216 38.95735627
  jla_mock 0.213230 40.38262717 0.17620944 40.19182042
  jla_mock 0.218610 40.32175659 0.18110338 40.25248623
  jla_mock 0.268560 40.52876275 0.19152223 40.75800422
  jla_mock 0.204660 40.14619285 0.16518790 40.09219879
  jla_mock 0.267100 40.66517115 0.17377576 40.74450740
  jla_mock 0.217570 40.09083039 0.17264916 40.24086733
  jla_mock 0.241850 40.23133858 0.17151433 40.49964940
  jla_mock 0.293500 40.97804599 0.20071643 40.97869876
  jla_mock 0.353460 41.33514899 0.23113786 41.44574541
  jla_mock 0.185630 39.73266425 0.15494760 39.85641243
  jla_mock 0.285430 40.76966397 0.19928385 40.90924132
  jla_mock 0.194940 39.95123388 0.16836015 39.97442839
  jla_mock 0.075920 38.26058902 0.14499851 37.76428887
  jla_mock 0.163570 39.63509771 0.15777754 39.55323307
  jla_mock 0.257210 40.62471162 0.20821329 40.65124979
  jla_mock 0.219550 40.54140995 0.18725136 40.26294408
  jla_mock 0.175580 39.46270939 0.15163366 39.72269036
  jla_mock 0.226670 40.68921344 0.18608202 40.34084082
  jla_mock 0.153220 39.51496642 0.15082218 39.39763723
  jla_mock 0.210250 40.14356842 0.19550076 40.15760614
  jla_mock 0.121640 38.68449681 0.12361443 38.85353115
  jla_mock 0.291350 40.73991617 0.19904915 40.96036745
  jla_mock 0.294480 41.15354480 0.27859702 40.98701345
  jla_mock 0.164550 39.55514958 0.12599124 39.56748698
  jla_mock 0.307020 41.07188666 0.20906564 41.09121752
  jla_mock 0.198630 40.06623573 0.16157737 40.01976424
  jla_mock 0.268210 40.69575031 0.21539519 40.75477485
  jla_mock 0.401280 41.67927636 0.24823001 41.76846410
  jla_mock 0.136680 39.16329422 0.15334431 39.12734848
  jla_mock 0.295420 40.89060999 0.24720467 40.99496487
  jla_mock 0.291920 41.32024654 0.19219946 40.96523948
  jla_mock 0.090070 38.12672455 0.12096556 38.15618664
  jla_mock 0.205570 40.08684634 0.18292629 40.10295819
  jla_mock 0.145820 39.48649688 0.14934529 39.28026067
  jla_mock 0.117670 38.87562557 0.14486540 38.77594667
  jla_mock 0.054990 37.20865832 0.14997934 37.03239938
  jla_mock 0.174200 39.67990225 0.15142908 39.70377654
  jla_mock 0.244950 40.44352359 0.18020903 40.53094681
  jla_mock 0.224520 39.99242656 0.18249954 40.31755948
  jla_mock 0.245580 40.37356419 0.16228277 40.53726258
  jla_mock 0.283510 41.00102664 0.21250233 40.89245014
  jla_mock 0.180560 39.68917338 0.17619167 39.78981584
  jla_mock 0.103910 38.37601948 0.12352191 38.48648974
  jla_mock 0.129610 38.87518872 0.15326847 39.00235225
  jla_mock 0.243520 40.46898908 0.16045597 40.51655525
  jla_mock 0.331360 41.19287276 0.26935111 41.28275125
  jla_mock 0.243480 40.39989527 0.19048000 40.51615157
  jla_mock 0.314680 41.55484794 0.17577640 41.15295859
  jla_mock 0.218650 40.05582608 0.18935500 40.25293209
  jla_mock 0.260140 41.00626493 0.21925656 40.67921764
  jla_mock 0.282430 40.85411359 0.19830733 40.88295904
  jla_mock 0.300410 40.99015192 0.20581539 41.03678905
  jla_mock 0.151860 39.60242215 0.14864409 39.37646794
  jla_mock 0.263570 40.47757113 0.18936772 40.71159189
  jla_mock 0.213820 40.27466384 0.20621233 40.19854195
  jla_mock 0.162840 39.84366501 0.16761662 39.54256362
  jla_mock 0.124400 38.81349959 0.17140549 38.90607803
  jla_mock 0.194650 39.69499393 0.13938689 39.97083181
  jla_mock 0.205540 40.01541277 0.18299408 40.10260419
  jla_mock 0.106670 38.41270422 0.14588621 38.54733939
  jla_mock 0.187720 40.17392826 0.18724598 39.88337565
  jla_mock 0.163870 39.29837422 0.15682059 39.55760493
  jla_mock 0.290210 40.92877093 0.19470283 40.95059702
  jla_mock 0.094010 38.35965667 0.12497638 38.25486653
  jla_mock 0.227860 39.80170386 0.18009820 40.35363931
  jla_mock 0.107510 38.70680448 0.14764565 38.56556368
  jla_mock 0.310650 41.06344962 0.22259423 41.12065070
  jla_mock 0.145640 39.09678046 0.15575872 39.27733684
  jla_mock 0.087840 37.93317209 0.12609586 38.09850103
  jla_mock 0.148390 39.31644037 0.15572534 39.32164294
  jla_mock 0.286620 40.84019982 0.19365541 40.91959626
  jla_mock 0.122810 38.89061475 0.13329108 38.87594191
  jla_mock 0.186550 40.23239253 0.20280242 39.86831590
  jla_mock 0.128930 39.06144412 0.15503539 38.98999503
  jla_mock 0.194220 39.80162613 0.16863568 39.96548983
  jla_mock 0.148000 39.36436707 0.14676099 39.31540643
  jla_mock 0.211790 39.57969455 0.22866165 40.17534289
  jla_mock 0.179620 40.09008880 0.17351314 39.77727823
  jla_mock 0.263490 40.89350374 0.18130204 40.71084123
  jla_mock 0.192150 40.10359630 0.15956887 39.93961949
  jla_mock 0.338800 41.09319979 0.22987627 41.33871350
  jla_mock 0.117410 38.82343822 0.14766783 38.77078001
  jla_mock 0.143100 39.59504170 0.16841647 39.23571421
  jla_mock 0.160350 39.60922060 0.13218212 39.50583255
  jla_mock 0.288720 41.06723630 0.21129560 40.93777350
  jla_mock 0.123030 38.76380829 0.15464992 38.88013347
  jla_mock 0.264050 40.70176779 0.18533646 40.71609141
  jla_mock 0.126080 39.17498113 0.17182656 38.93752932
  jla_mock 0.173740 39.93096765 0.14981160 39.69744100
  jla_mock 0.164400 39.49962637 0.14972618 39.56531039
  jla_mock 0.249610 40.72646353 0.16242204 40.57731380
  jla_mock 0.159990 39.75054668 0.15136580 39.50047815
  jla_mock 0.244480 40.82032740 0.15150476 40.52622528
  jla_mock 0.248510 40.48593718 0.17707716 40.56644117
  jla_mock 0.228930 40.19383592 0.16847625 40.36509465
  jla_mock 0.085280 37.91400438 0.14384543 38.03053562
  jla_mock 0.062818 37.26966374 0.14854713 37.33330552
  jla_mock 0.277450 40.73324780 0.23370164 40.83875768
  jla_mock 0.275440 40.77231489 0.21508178 40.82071019
  jla_mock 0.330510 41.24694640 0.21087893 41.27628421
  jla_mock 0.361930 41.67235917 0.24565378 41.50573334
  jla_mock 0.331030 41.13247147 0.21800830 41.28024234
  jla_mock 0.160500 39.74586251 0.12714994 39.50806025
  jla_mock 0.300210 40.86136091 0.20430208 41.03512507
  jla_mock 0.116350 38.71718028 0.12231010 38.74960383
  jla_mock 0.218290 40.18170725 0.16062208 40.24891663
  jla_mock 0.119670 38.88906533 0.12046332 38.81533475
  jla_mock 0.154730 39.34482701 0.12395445 39.42093704
  jla_mock 0.178100 39.54127754 0.16562813 39.75687524
  jla_mock 0.250370 40.49466391 0.16560962 40.58480004
  jla_mock 0.251740 40.74100427 0.14466362 40.59824225
  jla_mock 0.129530 38.88570938 0.14518911 39.00090162
  jla_mock 0.309290 41.41114349 0.18810950 41.10966066
  jla_mock 0.278520 40.93678444 0.17881943 40.84831601
  jla_mock 0.185810 40.23634718 0.13605911 39.85874567
  jla_mock 0.066510 37.66783015 0.17228058 37.46288716
  jla_mock 0.258000 40.61906615 0.18756945 40.65881939
  jla_mock 0.298880 40.80082906 0.21609463 41.02403360
  jla_mock 0.270440 40.72437191 0.22437165 40.77528452
  jla_mock 0.279160 41.01977605 0.17183675 40.85401700
  jla_mock 0.292870 40.96171761 0.21554431 40.97334010
  jla_mock 0.189650 40.15294949 0.15711153 39.90802874
  jla_mock 0.265760 40.74630363 0.19291042 40.73205999
  jla_mock 0.123760 39.06336357 0.14509081 38.89399154
  jla_mock 0.182550 39.85639334 0.14971699 39.81615965
  jla_mock 0.056340 37.06978074 0.14895035 37.08712772
  jla_mock 0.312880 41.42133957 0.18264477 41.13857562
  jla_mock 0.309150 41.09386480 0.22328713 41.10852682
  jla_mock 0.200610 40.07184775 0.15587566 40.04377042
  jla_mock 0.326400 41.48381812 0.20549386 41.24479642
  jla_mock 0.211630 40.22012353 0.13899445 40.17350567
  jla_mock 0.179690 39.85987757 0.15636245 39.77821398
  jla_mock 0.302400 40.92000522 0.19662226 41.05329027
  jla_mock 0.109240 38.69399632 0.14870399 38.60267717
  jla_mock 0.085220 37.73890358 0.15002378 38.02891950
  jla_mock 0.202310 40.36358226 0.16131988 40.06420752
  jla_mock 0.126490 38.84646685 0.15584855 38.94514516
  jla_mock 0.214570 40.33839245 0.16812914 40.20706159
  jla_mock 0.320450 41.51193987 0.19168742 41.19855877
  jla_mock 0.218350 40.09745285 0.17273249 40.24958630
  jla_mock 0.190100 39.77760300 0.15982384 39.91374343
  jla_mock 0.092430 38.32211828 0.15614025 38.21577494
  jla_mock 0.379860 41.55414319 0.18489314 41.62856135
  jla_mock 0.211340 40.05787843 0.16607978 40.17017243
  jla_mock 0.258330 40.64424741 0.18011571 40.66197505
  jla_mock 0.183270 39.87538709 0.16855779 39.82562548
  jla_mock 0.212950 40.07314294 0.17784935 40.18862452
  jla_mock 0.116510 38.81477930 0.15544019 38.75281185
  jla_mock 0.144010 38.95922630 0.17185674 39.25070505
  jla_mock 0.252490 40.86474539 0.18599877 40.60557260
  jla_mock 0.255390 40.81576199 0.21319916 40.63372916
  jla_mock 0.216980 40.00409272 0.18860575 40.23425302
  jla_mock 1.265901 45.21521216 0.22380442 44.79698974
  jla_mock 0.935774 44.15324579 0.22958872 43.98915483
  jla_mock 0.049519 36.96235801 0.20228994 36.79643881
  jla_mock 0.030325 35.96603993 0.18207848 35.70156680
  jla_mock 0.074579 37.88972920 0.21872943 37.72359936
  jla_mock 0.025198 35.30763822 0.22034080 35.29122886
  jla_mock 0.014411 34.20541895 0.20528439 34.06048197
  jla_mock 0.020792 35.20003353 0.19750056 34.86681304
  jla_mock 0.035218 36.15957871 0.20378488 36.03411951
  jla_mock 0.041657 36.57187195 0.21523275 36.40882742
  jla_mock 0.042400 36.29415584 0.20618664 36.44837502
  jla_mock 0.018902 34.58441582 0.18361956 34.65682456
  jla_mock 0.078840 38.33657379 0.21534076 37.85056359
  jla_mock 0.063345 37.38321296 0.20758765 37.35224323
  jla_mock 0.027637 35.32842238 0.23141589 35.49574473
  jla_mock 0.049325 36.62357610 0.21068097 36.78761579
  jla_mock 0.070153 37.73272415 0.22041411 37.58414793
  jla_mock 0.023909 35.13146292 0.18367797 35.17514301
  jla_mock 0.053126 36.81006349 0.22335947 36.95466158
  jla_mock 0.024951 35.27184588 0.18978288 35.26944337
  jla_mock 0.015664 34.30972716 0.20165316 34.24355971
  jla_mock 0.048984 36.81037046 0.15985830 36.77202553
  jla_mock 0.022399 35.02962793 0.18927946 35.03105780
  jla_mock 0.034854 36.10478583 0.23666209 36.01098585
  jla_mock 0.016966 34.31612684 0.20291443 34.41905369
  jla_mock 0.030721 35.75427781 0.18171781 35.73036747
  jla_mock 0.030482 35.38698240 0.18203752 35.71302906
  jla_mock 0.010550 33.84950881 0.21945028 33.37697498
  jla_mock 0.014256 34.18264665 0.17170736 34.03674778
  jla_mock 0.027688 35.48922600 0.18124529 35.49982939
  jla_mock 0.053860 36.92738632 0.15903793 36.98558282
  jla_mock 0.017672 34.70402198 0.19251135 34.50872719
  jla_mock 0.017450 34.49536218 0.17037052 34.48091679
  jla_mock 0.015573 34.25691327 0.20219934 34.23076011
  jla_mock 0.010060 33.65024124 0.23112569 33.27290010
  jla_mock 0.054931 37.13560286 0.18431298 37.02997807
  jla_mock 0.039083 36.27492550 0.16317419 36.26630443
  jla_mock 0.078317 38.01723956 0.18391968 37.83533784
  jla_mock 0.031764 36.11915493 0.15356487 35.80451887
  jla_mock 0.014440 34.03460737 0.22581465 34.06489449
  jla_mock 0.013533 34.16291434 0.22079334 33.92255325
  jla_mock 0.026677 35.49112398 0.19349962 35.41744509
  jla_mock 0.023360 35.31064747 0.17880596 35.12382045
  jla_mock 0.036934 35.83832375 0.19001518 36.14012659
  jla_mock 0.023552 34.89587755 0.17819828 35.14190296
  jla_mock 0.017483 34.34077344 0.19211831 34.48507280
  jla_mock 0.040259 36.17624445 0.17447686 36.33251957
  jla_mock 0.030381 35.64120943 0.20408145 35.70566190
  jla_mock 0.015504 33.93803887 0.20027602 34.22100552
  jla_mock 0.014151 34.27468911 0.18788306 34.02052423
  jla_mock 0.015487 34.01875881 0.18431337 34.21859562
  jla_mock 0.015554 34.24865036 0.19852180 34.22807833
  jla_mock 0.037075 35.74765590 0.15485493 36.14862211
  jla_mock 0.015482 34.19067503 0.20249750 34.21788633
  jla_mock 0.013324 34.01725770 0.18643777 33.88841558
  jla_mock 0.014575 34.04278687 0.20791179 34.08532079
  jla_mock 0.015791 34.57452611 0.19846605 34.26130051
  jla_mock 0.024746 35.25168841 0.17954713 35.25120075
  jla_mock 0.027748 35.41806511 0.17503344 35.50462544
  jla_mock 0.010888 33.14884558 0.25477943 33.44600638
  jla_mock 0.013652 33.92420680 0.18670962 33.94175799
  jla_mock 0.035755 36.36707974 0.16295663 36.06782528
  jla_mock 0.024725 35.15193473 0.17710562 35.24932362
  jla_mock 0.038086 36.24225321 0.17051564 36.20862960
  jla_mock 0.021541 34.66258841 0.17711857 34.94486566
  jla_mock 0.019581 34.54072026 0.17898631 34.73455541
  jla_mock 0.030416 35.60464917 0.17571774 35.70821759
  jla_mock 0.039219 36.48230734 0.17021381 36.27406046
  jla_mock 0.034971 35.73519742 0.15987848 36.01844730
  jla_mock 0.028561 35.55119432 0.17650121 35.56862791
  jla_mock 0.020997 35.14726164 0.18822756 34.88844780
  jla_mock 0.032538 36.06650295 0.18232286 35.85802163
  jla_mock 0.015469 33.78789165 0.19318910 34.21604112
  jla_mock 0.015678 34.24987041 0.20747940 34.24552235
  jla_mock 0.027499 35.43854975 0.15598630 35.48465493
  jla_mock 0.046856 36.75087004 0.17134850 36.67229170
  jla_mock 0.033173 35.70711392 0.18295753 35.90099459
  jla_mock 0.010291 33.85994501 0.23549671 33.32257649
  jla_mock 0.080103 37.74186769 0.17116407 37.88693845
  jla_mock 0.012317 33.85337511 0.20020781 33.71612539
  jla_mock 0.024586 35.08486318 0.20631378 35.23685912
  jla_mock 0.014467 34.08496572 0.20827809 34.06899482
  jla_mock 0.015154 34.13838309 0.18399751 34.17085499
  jla_mock 0.029086 35.61980232 0.17337203 35.60901553
  jla_mock 0.034781 36.15364597 0.17928903 36.00631801
  jla_mock 0.044920 36.44527042 0.14070569 36.57766347
  jla_mock 0.034074 35.95243865 0.16958177 35.96060864
  jla_mock 0.074870 37.83700066 0.14386215 37.73248819
  jla_mock 0.014960 34.18036654 0.19782876 34.14256149
  jla_mock 0.020396 34.86926625 0.17103812 34.82441926
  jla_mock 0.040689 36.08397487 0.17468105 36.35626161
  jla_mock 0.026567 35.09442817 0.18033141 35.40829726
  jla_mock 0.026881 35.46024141 0.15330990 35.43431258
  jla_mock 0.023471 35.19823881 0.17597781 35.13429215
  jla_mock 0.069122 37.45890293 0.19117659 37.55045468
  jla_mock 0.065193 37.55841984 0.15879632 37.41747470
  jla_mock 0.022980 35.08198762 0.17790505 35.08759706
  jla_mock 0.017387 34.44192950 0.19829162 34.47296098
  jla_mock 0.031485 35.65918269 0.15108749 35.78491972
  jla_mock 0.011184 33.44512700 0.19447979 33.50473574
  jla_mock 0.021956 35.27507737 0.17567209 34.98696935
  jla_mock 0.031484 35.81202947 0.15080691 35.78484917
  jla_mock 0.023321 35.09192825 0.20285194 35.12012958
  jla_mock 0.020390 35.08760971 0.18300723 34.82377071
  jla_mock 0.022466 35.02610144 0.18140785 35.03765097
  jla_mock 0.033614 35.98889831 0.18044129 35.93036816
  jla_mock 0.036969 36.00200653 0.17916902 36.14223835
  jla_mock 0.022629 35.19339618 0.18007478 35.05361062
  jla_mock 0.014700 33.83845901 0.18462322 34.10406779
  jla_mock 0.036950 36.09730833 0.14876338 36.14109221
  jla_mock 0.060959 37.20651993 0.12531329 37.26525946
  jla_mock 0.059289 37.21867276 0.12135718 37.20240586
  jla_mock 0.069751 37.46161887 0.15873536 37.57106733
  jla_mock 0.029526 35.50431133 0.17470465 35.64231764
  jla_mock 0.033255 36.06541407 0.17565362 35.90648512
  jla_mock 0.024159 35.29984132 0.18124182 35.19813107
  jla_mock 0.015999 34.10299613 0.19155982 34.29005387
  jla_mock 0.062961 37.28626374 0.16530929 37.33845928
  jla_mock 0.021706 35.30004072 0.19186355 34.96170055
  jla_mock 0.031638 35.79519795 0.18943844 35.79568859
  jla_mock 0.018599 34.50559880 0.17304818 34.62124460
  jla_mock 0.027064 35.40259956 0.17332763 35.44933715
  jla_mock 0.025468 35.12251760 0.18469991 35.31480424
  jla_mock 0.023810 35.67679152 0.19336693 35.16597435
  jla_mock 0.023867 35.13874569 0.18298494 35.17125784
  jla_mock 0.022068 35.27635407 0.16678206 34.99819802
