  jla_mock 0.503084 42.26629062 0.14571158 42.35104191
  jla_mock 0.580724 42.78060881 0.16122778 42.72544420
  jla_mock 0.494795 42.29158355 0.12070859 42.30792132
  jla_mock 0.345928 41.47518062 0.13253081 41.39127679
  jla_mock 0.677662 42.96868936 0.22871689 43.13159771
  jla_mock 0.610712 42.61179230 0.22548733 42.85755119
  jla_mock 0.866494 43.95950610 0.25803499 43.78399511
  jla_mock 0.330932 41.17121454 0.12801230 41.27949682
  jla_mock 0.798566 43.69556476 0.25919990 43.56669516
  jla_mock 0.449562 42.15447480 0.16139765 42.06004102
  jla_mock 0.371443 41.53736741 0.14921889 41.57158328
  jla_mock 0.291718 40.86537478 0.14231442 40.96351391
  jla_mock 0.355820 41.45217931 0.14101044 41.46259197
  jla_mock 0.461274 42.12432223 0.15587207 42.12637684
  jla_mock 0.283610 40.91424862 0.13055630 40.89332726
  jla_mock 0.632234 43.00899683 0.22182909 42.94863350
  jla_mock 0.466414 42.17010937 0.17243727 42.15499621
  jla_mock 0.268624 40.65613631 0.12820280 40.75859431
  jla_mock 0.946890 43.70747899 0.29224985 44.02068105
  jla_mock 0.924917 44.43925936 0.31213110 43.95800648
  jla_mock 0.693165 43.80169668 0.29243158 43.19137081
  jla_mock 0.625233 42.75662900 0.19088816 42.91933154
  jla_mock 0.896944 44.02923452 0.26745476 43.87607256
  jla_mock 0.608261 42.63997640 0.15987482 42.84698635
  jla_mock 0.789054 43.62477262 0.26932700 43.53484560
  jla_mock 0.578292 42.77283168 0.14637659 42.71444998
  jla_mock 0.590280 42.71815251 0.18966931 42.76822720
  jla_mock 0.719626 43.42084091 0.25305179 43.29050179
  jla_mock 0.210032 40.05409028 0.13132256 40.15508565
  jla_mock 0.766590 43.56973090 0.22576765 43.45813147
  jla_mock 0.858513 43.82742499 0.22289539 43.75933955
  jla_mock 0.367904 41.63272272 0.09931133 41.54726971
  jla_mock 0.558746 42.60262097 0.15678156 42.62447408
  jla_mock 0.848509 43.66159536 0.21739327 43.72811733
  jla_mock 0.996390 44.06501116 0.24266005 44.15678878
  jla_mock 0.776594 43.69075853 0.26449227 43.49255925
  jla_mock 0.582932 43.03070943 0.13306958 42.73538825
  jla_mock 0.583743 42.87489993 0.16752875 42.73903180
  jla_mock 0.796552 43.36868804 0.22887969 43.55998229
  jla_mock 0.588721 42.62586214 0.15579306 42.76129222
  jla_mock 0.913473 43.88436384 0.24294053 43.92478371
  jla_mock 0.768587 44.03060328 0.23905376 43.46503842
  jla_mock 0.948455 44.52378979 0.26528102 44.02509035
  jla_mock 0.513793 42.31023861 0.15287930 42.40577946
  jla_mock 0.733609 43.26799652 0.19294483 43.34148483
  jla_mock 0.637701 42.87971451 0.27010736 42.97130188
  jla_mock 0.765588 43.55209648 0.21113574 43.45465935
  jla_mock 0.434861 41.65001048 0.15772880 41.97446567
  jla_mock 0.983407 43.88425285 0.25879722 44.12174547
  jla_mock 0.583743 42.63468946 0.16232669 42.73903180
  jla_mock 0.700631 43.31215659 0.21687358 43.21970245
  jla_mock 0.662058 43.04167486 0.21294856 43.07010358
  jla_mock 0.838126 43.12738657 0.28077453 43.69533139
  jla_mock 0.621874 42.95841582 0.17546981 42.90516222
  jla_mock 0.370586 41.54408178 0.14291643 41.56571521
  jla_mock 0.416632 41.99882359 0.13815441 41.86454678
  jla_mock 0.358570 41.74351098 0.10704088 41.48209300
  jla_mock 0.451681 42.14584218 0.15278703 42.07216096
  jla_mock 0.522762 42.64364650 0.16112888 42.45080836
  jla_mock 0.733996 43.15514509 0.30408870 43.34288256
  jla_mock 0.701965 43.57409493 0.31176741 43.22473424
  jla_mock 0.742008 43.02765861 0.29013165 43.37166168
  jla_mock 0.746118 42.78569189 0.21822021 43.38630913
  jla_mock 0.349560 41.15210832 0.13472825 41.41767712
  jla_mock 0.591835 42.83648789 0.15357327 42.77512718
  jla_mock 0.514746 42.60480007 0.15561143 42.41059876
  jla_mock 0.620632 43.18801271 0.18447364 42.89990471
  jla_mock 0.643646 43.31215478 0.24392132 42.99574384
  jla_mock 1.002795 44.25311577 0.33216844 44.17391138
  jla_mock 0.470586 42.07221660 0.14420733 42.17801083
  jla_mock 0.610643 43.15807239 0.15877872 42.85725432
  jla_mock 0.263487 40.60588907 0.12804977 40.71081308
  jla_mock 0.358336 41.71468168 0.12918713 41.48043901
  jla_mock 0.742697 43.79705153 0.25908753 43.37412260
  jla_mock 0.451556 42.00756537 0.11538935 42.07144747
  jla_mock 0.910752 43.91574398 0.26164869 43.91682448
  jla_mock 0.552605 42.26481233 0.15821060 42.59559344
  jla_mock 0.337534 41.40219981 0.12813367 41.32927134
  jla_mock 0.750681 43.53734979 0.24281434 43.40248043
  jla_mock 0.983777 43.88917705 0.34665096 44.12275046
  jla_mock 0.822697 43.56963060 0.22175759 43.64587597
  jla_mock 0.813696 43.61766701 0.24256727 43.61660738
  jla_mock 0.950763 43.99995687 0.26472927 44.03158000
  jla_mock 0.817732 43.50686393 0.24643394 43.62976987
  jla_mock 0.340520 41.59642802 0.12574260 41.35148976
  jla_mock 0.960751 44.04194762 0.28766046 44.05948701
  jla_mock 0.810720 43.38085429 0.27275574 43.60686128
  jla_mock 0.756687 43.37553067 0.24755189 43.42362217
  jla_mock 0.611252 42.89576055 0.18572910 42.85987342
  jla_mock 0.877971 43.79976109 0.22378685 43.81906566
  jla_mock 0.548325 42.55183807 0.14258079 42.57528608
  jla_mock 0.809032 43.72361131 0.23222084 43.60131782
  jla_mock 1.028800 44.41115334 0.28337345 44.24233887
  jla_mock 0.627239 42.96982067 0.17555461 42.92775911
  jla_mock 0.422452 41.79589637 0.15606690 41.90011713
  jla_mock 0.933900 44.33063777 0.34999950 43.98380379
  jla_mock 0.701158 43.62690630 0.22740618 43.22169137
  jla_mock 0.697164 43.30052946 0.20952266 43.20658211
  jla_mock 0.685179 43.66968477 0.27044472 43.16074133
  jla_mock 0.767075 43.16363216 0.25233801 43.45981051
  jla_mock 0.931901 43.98794673 0.25136810 43.97808419
  jla_mock 0.863978 43.60665780 0.24510246 43.77624644
  jla_mock 0.749100 43.45641154 0.22590126 43.39688808
  jla_mock 0.514353 42.52887585 0.15357466 42.40861238
  jla_mock 0.468406 42.14748353 0.11440416 42.16600877
  jla_mock 0.470398 41.91907587 0.15654577 42.17697783
  jla_mock 0.958871 44.06439176 0.27681249 44.05425605
  jla_mock 0.927909 43.73421103 0.29724149 43.96662606
  jla_mock 0.840522 43.83932762 0.21913135 43.70293203
  jla_mock 0.630699 42.82278711 0.17083127 42.94223535
  jla_mock 0.562751 42.59904928 0.14440652 42.64314895
  jla_mock 0.615698 43.09227400 0.16969222 42.87891969
  jla_mock 0.828528 43.81799218 0.22446355 43.66467138
  jla_mock 0.564741 42.80913884 0.16042692 42.65238167
  jla_mock 0.578745 42.73963797 0.14758356 42.71650114
  jla_mock 0.557743 42.85847960 0.15831963 42.61977749
  jla_mock 0.864497 43.76503623 0.22870035 43.77784663
  jla_mock 0.735608 43.07711412 0.23468503 43.34869704
  jla_mock 0.858507 44.24599871 0.28336591 43.75932093
  jla_mock 0.261984 40.61986614 0.10443414 40.69667086
  jla_mock 0.585743 42.69098122 0.18660838 42.74799676
  jla_mock 0.761580 43.51442899 0.21598834 43.44072697
  jla_mock 0.488800 42.18703497 0.11155101 42.27631225
  jla_mock 0.858516 44.16925681 0.27431051 43.75934886
  jla_mock 0.688656 42.87941085 0.18053033 43.17411869
  jla_mock 0.558743 42.67362942 0.15491557 42.62446004
  jla_mock 0.324532 41.26871260 0.12601850 41.23036431
  jla_mock 0.480704 42.06571942 0.10839252 42.23304676
  jla_mock 0.185371 39.94001968 0.13095679 39.85305148
  jla_mock 0.922221 43.77124660 0.33854809 43.95021620
  jla_mock 0.681942 43.03686951 0.19640351 43.14822898
  jla_mock 0.475707 42.24924781 0.10811298 42.20600231
  jla_mock 0.922210 43.27955768 0.27644363 43.95018437
  jla_mock 0.893183 44.02760549 0.25783329 43.86486632
  jla_mock 0.428646 41.81849700 0.14143599 41.93747792
  jla_mock 0.631882 42.90352016 0.23474045 42.94716761
  jla_mock 0.699960 43.23313008 0.25834877 43.21716801
  jla_mock 0.736007 43.23024776 0.26468680 43.35013433
  jla_mock 0.575823 42.92634297 0.15953941 42.70324385
  jla_mock 0.418633 41.89470059 0.10651651 41.87682801
  jla_mock 0.511746 42.54741522 0.12000546 42.39539947
  jla_mock 0.535771 42.63613807 0.12653138 42.51485102
  jla_mock 0.641893 43.01927670 0.21547239 42.98855901
  jla_mock 0.734996 43.23601670 0.22720400 43.34649100
  jla_mock 0.351560 41.50025595 0.13079492 41.43210698
  jla_mock 0.609860 42.86329025 0.17401244 42.85388326
  jla_mock 0.349557 41.29776291 0.13436921 41.41765542
  jla_mock 0.701969 43.21376962 0.18819535 43.22474932
  jla_mock 0.355261 41.51336156 0.10427939 41.45861096
  jla_mock 0.983280 44.06084240 0.25756994 44.12140043
  jla_mock 0.872152 44.02186431 0.26597542 43.80134063
  jla_mock 0.759030 43.66581308 0.20819082 43.43182601
  jla_mock 0.926220 43.95372045 0.24599386 43.96176361
  jla_mock 0.643642 42.69738368 0.22846121 42.99572746
  jla_mock 0.419569 41.81255427 0.13772753 41.88255410
  jla_mock 0.515587 42.53428591 0.20313602 42.41484477
  jla_mock 0.890729 44.11782343 0.21057911 43.85752952
  jla_mock 0.805696 43.69307804 0.22987004 43.59032927
  jla_mock 0.480568 42.23771959 0.10874993 42.23231419
  jla_mock 0.800697 43.56420745 0.24546005 43.57378020
  jla_mock 0.580604 42.99508072 0.18881444 42.72490274
  jla_mock 0.715652 43.33822200 0.24396561 43.27583891
  jla_mock 0.805695 43.73208483 0.23276535 43.59032597
  jla_mock 0.766684 43.52445292 0.25283777 43.45845698
  jla_mock 0.664638 43.03485025 0.19578546 43.08036579
  jla_mock 0.901736 44.16391846 0.25190507 43.89028441
  jla_mock 0.745665 43.48486659 0.21142864 43.38469852
  jla_mock 0.718680 43.21470554 0.20380008 43.28701838
  jla_mock 0.736690 43.52566733 0.19636251 43.35259294
  jla_mock 0.579600 42.74722202 0.12084594 42.72036839
  jla_mock 0.370531 41.66314728 0.10256736 41.56533819
  jla_mock 0.960740 44.06360281 0.23956115 44.05945643
  jla_mock 0.850729 43.63262133 0.21179952 43.73507669
  jla_mock 0.648640 43.09445388 0.19254569 43.01611076
  jla_mock 0.219462 40.16204198 0.13036783 40.26196681
  jla_mock 0.936755 43.80453782 0.24129989 43.99195180
  jla_mock 0.647639 42.98878208 0.17876349 43.01204038
  jla_mock 0.461564 42.10971997 0.13341110 42.12799943
  jla_mock 0.600603 42.52330699 0.17945434 42.81371586
  jla_mock 0.670654 43.43739254 0.23100742 43.10414845
  jla_mock 0.760698 43.28766062 0.20946016 43.43765154
  jla_mock 0.246492 40.56290630 0.13212126 40.54637902
  jla_mock 0.470573 42.12401887 0.14759396 42.17793941
  jla_mock 0.169455 39.57980787 0.11209573 39.63766354
  jla_mock 0.497379 42.39874993 0.12912927 42.32143557
  jla_mock 0.638234 43.09280681 0.19688575 42.97350203
  jla_mock 0.507371 42.28506766 0.14542671 42.37308383
  jla_mock 0.535327 42.60801253 0.14229510 42.51268936
  jla_mock 0.587285 43.04574503 0.16639385 42.75488905
  jla_mock 0.773081 43.54227928 0.25620999 43.48051857
  jla_mock 0.699166 43.00963037 0.22210270 43.21416597
  jla_mock 0.370511 41.30369151 0.12736057 41.56520108
  jla_mock 0.761089 43.51757440 0.22808946 43.43901534
  jla_mock 0.699169 43.40695621 0.21959570 43.21417732
  jla_mock 0.788060 43.57490168 0.19242158 43.53149594
  jla_mock 0.373513 41.49612537 0.13202741 41.58570563
  jla_mock 0.405478 41.80036505 0.13198879 41.79507130
  jla_mock 0.852994 43.93925661 0.25729076 43.74215894
  jla_mock 0.808048 43.58540270 0.24185374 43.59808117
  jla_mock 0.603272 42.83766102 0.18397635 42.82535672
  jla_mock 0.583290 42.83189966 0.17902789 42.73699721
  jla_mock 0.534335 42.42274135 0.14774220 42.50785365
  jla_mock 0.720140 43.45358525 0.24070231 43.29239263
  jla_mock 0.400485 42.03450427 0.21060605 41.76339635
  jla_mock 0.837004 43.72550071 0.21502566 43.69176490
  jla_mock 0.371508 41.49866254 0.10193219 41.57202784
  jla_mock 0.806041 44.02763859 0.25907683 43.59146772
  jla_mock 0.840005 44.01573150 0.23506835 43.70129378
  jla_mock 0.500728 42.30135943 0.12981336 42.33885355
  jla_mock 0.532765 42.54264259 0.17422186 42.50018312
  jla_mock 0.533766 42.77560560 0.18215335 42.50507613
  jla_mock 0.932229 44.01860262 0.34152943 43.97902349
  jla_mock 0.822103 44.59671703 0.25790730 43.64395405
  jla_mock 0.553797 42.60191903 0.13544877 42.60122283
  jla_mock 0.125298 39.09697229 0.13709229 38.92293877
  jla_mock 0.842123 43.86277381 0.28302626 43.70799902
  jla_mock 0.443668 42.07094264 0.15186631 42.02604821
  jla_mock 0.727675 43.34017682 0.24978201 43.31996388
  jla_mock 0.683659 43.68579076 0.41253064 43.15487294
  jla_mock 0.442548 42.17375138 0.13367762 42.01954139
  jla_mock 0.726679 43.18390060 0.20021505 43.31633517
  jla_mock 0.282510 40.62751595 0.12747632 40.88366322
  jla_mock 0.404549 41.77844231 0.12965359 41.78920526
  jla_mock 0.519611 42.29752135 0.13964385 42.43507170
  jla_mock 0.690652 42.98478632 0.23214813 43.18176896
  jla_mock 1.060801 44.33369900 0.27869308 44.32423223
  jla_mock 0.576612 42.70370007 0.15376326 42.70682983
  jla_mock 0.268489 40.74169350 0.12614174 40.75734943
  jla_mock 0.720680 43.28167814 0.25106936 43.29437771
  jla_mock 0.250498 40.67143243 0.13111277 40.58605882
  jla_mock 0.760691 43.32704463 0.27664014 43.43762712
  jla_mock 0.698167 43.11358280 0.26129048 43.21038422
  jla_mock 0.550315 42.43445247 0.16854352 42.58474650
  jla_mock 0.730128 43.18860525 0.23524622 43.32888057
  jla_mock 0.847985 43.20592200 0.24702775 43.72647209
  jla_mock 0.997826 44.06258347 0.24705649 44.16063709
  jla_mock 0.435446 42.04896417 0.13052406 41.97792194
  jla_mock 0.409470 41.70875159 0.12922369 41.82013748
  jla_mock 0.301590 40.97905472 0.12598595 41.04658579
  jla_mock 1.299106 45.08906253 0.19340708 44.86622170
  jla_mock 1.020807 44.42805529 0.23668119 44.22149044
  jla_mock 0.839734 43.49465116 0.19264717 43.70043465
  jla_mock 1.120850 44.41771800 0.20807086 44.47149026
  jla_mock 1.230892 45.05794203 0.23900250 44.72198803
  jla_mock 0.974230 44.25184270 0.18427047 44.09669905
  jla_mock 0.970782 44.50948988 0.33863365 44.08722847
  jla_mock 0.064229 37.55640124 0.15072784 37.38367208
  jla_mock 0.129030 38.93168411 0.16416611 38.99181609
  jla_mock 0.102890 38.50635033 0.14983539 38.46361443
  jla_mock 0.044130 36.54665390 0.17359564 36.53790737
  jla_mock 0.113040 38.62587282 0.15276523 38.68228835
  jla_mock 0.256110 40.41078278 0.20496122 40.64067411
  jla_mock 0.380260 41.64560573 0.28702753 41.63124000
  jla_mock 0.145470 39.31663614 0.16218924 39.27457233
  jla_mock 0.088890 38.34293870 0.14636771 38.12583382
  jla_mock 0.260590 40.80105058 0.18294429 40.68348731
  jla_mock 0.078910 37.91501645 0.15602647 37.85259413
  jla_mock 0.083040 37.88342722 0.15331705 37.96945274
  jla_mock 0.165650 39.40497398 0.13854363 39.58339248
  jla_mock 0.168170 39.80788970 0.16196037 39.61946333
  jla_mock 0.170630 39.92328047 0.16520984 39.65419380
  jla_mock 0.170280 39.86638361 0.17035518 39.64928098
  jla_mock 0.120440 38.80130625 0.15109792 38.83033422
  jla_mock 0.276530 41.19058481 0.21443501 40.83051212
  jla_mock 0.231600 40.55224913 0.18253328 40.39346548
  jla_mock 0.305690 40.78037676 0.26735001 41.08035322
  jla_mock 0.079970 38.09226984 0.16566195 37.88313388
  jla_mock 0.174150 40.03376897 0.15831009 39.70308864
  jla_mock 0.138680 39.25116887 0.16604939 39.16160914
  jla_mock 0.146070 39.38534521 0.16391832 39.28431597
  jla_mock 0.081330 37.99092262 0.14393418 37.92175604
  jla_mock 0.233800 40.46795440 0.17178002 40.41661639
  jla_mock 0.256550 40.92263505 0.17733386 40.64490939
  jla_mock 0.245620 40.64461889 0.20041043 40.53766308
  jla_mock 0.125930 38.76892247 0.19132506 38.93473721
  jla_mock 0.223510 40.82287005 0.21582750 40.30655156
  jla_mock 0.102640 38.47608013 0.14663754 38.45797501
  jla_mock 0.119670 38.82940146 0.14566661 38.81533475
  jla_mock 0.180550 39.62670283 0.16851019 39.78968278
  jla_mock 0.197090 39.75231561 0.17389574 40.00093917
  jla_mock 0.229160 40.46616807 0.19939442 40.36755056
  jla_mock 0.264510 40.45894736 0.19876199 40.72039640
  jla_mock 0.103370 38.34248910 0.12264053 38.47440587
  jla_mock 0.364410 41.43749680 0.23042794 41.52305266
  jla_mock 0.205600 40.11839824 0.15584351 40.10331215
  jla_mock 0.179810 40.03033330 0.19620482 39.77981734
  jla_mock 0.199590 40.19023880 0.18224440 40.03143112
  jla_mock 0.156530 39.66933459 0.15012954 39.44843626
  jla_mock 0.161800 39.42191980 0.14760764 39.52728616
  jla_mock 0.209530 40.31890107 0.20608020 40.14927240
  jla_mock 0.241790 40.43262554 0.19813238 40.49904000
  jla_mock 0.236460 40.74951142 0.16266354 40.44434112
  jla_mock 0.226680 40.15426365 0.21050732 40.34094863
  jla_mock 0.296780 41.29254472 0.19716042 41.00642792
  jla_mock 0.208520 40.43158085 0.16317028 40.13753731
  jla_mock 0.251040 40.26036099 0.22085837 40.59138241
  jla_mock 0.250120 40.62315021 0.17967388 40.58233978
  jla_mock 0.117710 38.94177210 0.14551100 38.77674059
  jla_mock 0.219710 40.23752153 0.16999397 40.26472003
  jla_mock 0.149010 39.21012904 0.14890457 39.33152597
  jla_mock 0.287420 40.70413461 0.18840122 40.92653533
  jla_mock 0.143600 39.34169017 0.16639625 39.24396193
  jla_mock 0.328370 41.31699834 0.19601268 41.25993440
  jla_mock 0.246250 40.38092756 0.16506508 40.54396300
  jla_mock 0.119660 38.70929968 0.15026680 38.81513935
  jla_mock 0.328380 40.98782396 0.27642285 41.26001103
  jla_mock 0.215130 39.99566564 0.18366862 40.21340500
  jla_mock 0.144780 39.32834034 0.13616902 39.26332062
  jla_mock 0.132430 38.82831115 0.12839376 39.05295780
  jla_mock 0.210820 39.91142285 0.16235031 40.16418499
  jla_mock 0.203990 40.30516940 0.15780808 40.08424872
  jla_mock 0.279520 40.96261336 0.16701092 40.85721851
  jla_mock 0.044280 36.92705685 0.15509722 36.54550888
  jla_mock 0.180370 39.86330792 0.15078404 39.78728654
  jla_mock 0.260700 40.51168683 0.18972170 40.68452998
  jla_mock 0.056540 37.33031814 0.18696980 37.09512776
  jla_mock 0.212600 40.16533815 0.19194689 40.18462419
  jla_mock 0.369410 41.59582590 0.23700047 41.55764247
  jla_mock 0.173860 39.81070932 0.13051969 39.69909525
  jla_mock 0.142650 39.24803782 0.16862649 39.22826819
  jla_mock 0.177890 39.68612421 0.17323466 39.75404371
  jla_mock 0.328370 41.58465764 0.20656404 41.25993440
  jla_mock 0.253510 40.78041165 0.19560920 40.61550974
  jla_mock 0.300010 40.81600946 0.19320267 41.03346007
  jla_mock 0.105890 38.29167219 0.14607715 38.53029502
  jla_mock 0.223280 40.13162231 0.16843887 40.30403838
  jla_mock 0.118450 38.63157777 0.12252294 38.79138243
  jla_mock 0.176530 39.73085922 0.17118858 39.73563069
  jla_mock 0.182800 39.85342758 0.18906536 39.81945031
  jla_mock 0.297620 41.30695722 0.22708191 41.01348391
  jla_mock 0.196990 40.07375391 0.16336648 39.99971206
  jla_mock 0.152950 39.43145284 0.14755004 39.39344849
  jla_mock 0.248500 40.91375374 0.17447627 40.56634213
  jla_mock 0.138180 39.22741245 0.12408786 39.15308754
  jla_mock 0.207040 40.08656434 0.17044837 40.12024608
  jla_mock 0.214680 40.51034100 0.18059604 40.20830882
  jla_mock 0.306320 40.82770294 0.21502986 41.08550488
  jla_mock 0.246950 40.69949474 0.17120148 40.55094551
  jla_mock 0.198010 40.14992125 0.14489973 40.01220161
  jla_mock 0.222560 40.34030380 0.15195110 40.29615558
  jla_mock 0.135080 39.22770619 0.15130600 39.09960029
  jla_mock 0.210540 40.28226755 0.18260591 40.16095532
  jla_mock 0.272580 40.68078902 0.16910743 40.79482057
  jla_mock 0.246600 40.45952573 0.16168519 40.54745654
  jla_mock 0.220680 40.10166268 0.19428942 40.27546119
  jla_mock 0.274470 40.84283426 0.19147108 40.81195729
  jla_mock 0.176560 39.74761920 0.15540451 39.73603828
  jla_mock 0.310880 40.72398986 0.22015615 41.12250493
  jla_mock 0.184350 39.74554343 0.17307932 39.83975978
  jla_mock 0.159350 39.40363800 0.14827050 39.49093145
  jla_mock 0.219760 40.07366528 0.16604587 40.26527477
  jla_mock 0.252050 40.54143242 0.18410044 40.60127456
  jla_mock 0.181220 39.62454872 0.14940352 39.79858271
  jla_mock 0.173730 39.25552681 0.13336424 39.69730310
  jla_mock 0.380470 41.66829568 0.24246083 41.63264525
  jla_mock 0.178650 39.81945771 0.17172186 39.76427650
  jla_mock 0.245680 40.44540204 0.18910008 40.53826371
  jla_mock 0.209100 40.24589590 0.16102286 40.14428268
  jla_mock 0.249470 40.23976612 0.20970726 40.57593247
  jla_mock 0.133920 39.25172580 0.16606211 39.07928968
  jla_mock 0.177060 39.80235353 0.16039966 39.74282196
  jla_mock 0.281110 41.09807606 0.18775324 40.87131332
  jla_mock 0.173830 39.46828602 0.15186906 39.69868179
  jla_mock 0.196540 39.91058571 0.16513423 39.99418292
  jla_mock 0.363970 41.69713374 0.22724835 41.51998782
  jla_mock 0.378350 41.91511179 0.26733097 41.61842592
  jla_mock 0.316460 41.52898929 0.21038880 41.16710744
  jla_mock 0.183220 39.87126050 0.13519430 39.82496925
  jla_mock 0.241020 40.70966563 0.16773658 40.49120702
  jla_mock 0.202030 40.08164205 0.19953174 40.06085237
  jla_mock 0.168690 39.73963894 0.16511959 39.62684391
  jla_mock 0.197940 39.87400373 0.17492454 40.01134639
  jla_mock 0.122760 38.79428288 0.14574653 38.87498830
  jla_mock 0.203180 40.14035218 0.16105255 40.07460514
  jla_mock 0.127390 38.99239010 0.14895509 38.96178192
  jla_mock 0.275490 41.10943921 0.19972760 40.82116060
  jla_mock 0.144680 39.01473151 0.14721731 39.26168579
  jla_mock 0.334360 41.15322397 0.24977783 41.30545460
  jla_mock 0.195800 39.87919504 0.15392559 39.98506502
  jla_mock 0.193920 40.07506707 0.16374737 39.96175638
  jla_mock 0.249730 40.59032252 0.18580683 40.57849724
  jla_mock 0.148600 39.51157530 0.14879989 39.32499474
  jla_mock 0.155960 39.33208554 0.14872192 39.43976020
  jla_mock 0.095820 38.36923199 0.15034816 38.29888959
  jla_mock 0.150650 39.19327523 0.15872946 39.35748429
  jla_mock 0.309330 41.50040071 0.24715745 41.10998454
  jla_mock 0.248570 40.66578150 0.17340396 40.56703537
  jla_mock 0.365540 41.43549657 0.24311996 41.53090809
  jla_mock 0.117710 38.65127863 0.12847626 38.77674059
  jla_mock 0.191760 39.99224709 0.14428474 39.93471648
  jla_mock 0.182550 39.99057475 0.16171197 39.81615965
  jla_mock 0.234720 40.54257343 0.18444964 40.42623815
  jla_mock 0.246470 40.36931451 0.19927669 40.54615947
  jla_mock 0.288450 40.82413336 0.18873457 40.93544325
  jla_mock 0.209600 40.29072323 0.19927022 40.15008378
  jla_mock 0.191980 39.96499362 0.17965405 39.93748342
  jla_mock 0.114020 38.56890571 0.12215388 38.70241012
  jla_mock 0.113890 38.72975372 0.18397194 38.69975030
  jla_mock 0.198800 40.18288655 0.20967258 40.02183405
  jla_mock 0.220580 40.34986224 0.22796022 40.27435587
  jla_mock 0.182570 39.67794192 0.16453718 39.81642306
  jla_mock 0.158950 39.27444905 0.16372575 39.48494661
  jla_mock 0.078490 37.71745095 0.14911597 37.84038499
  jla_mock 0.138640 39.19184888 0.13217046 39.16092847
  jla_mock 0.180790 39.65460922 0.15445548 39.79287433
  jla_mock 0.177570 39.83609463 0.18629282 39.74972302
  jla_mock 0.170660 39.58097728 0.16102003 39.65461446
  jla_mock 0.233810 40.17375748 0.20858516 40.41672116
  jla_mock 0.071530 37.60015461 0.17410666 37.62841570
  jla_mock 0.154630 39.43993166 0.18791656 39.41940058
  jla_mock 0.090100 38.14277953 0.15950858 38.15695339
  jla_mock 0.176580 39.67529438 0.20448697 39.73630997
  jla_mock 0.130450 39.14612209 0.16440638 39.01753336
  jla_mock 0.182040 39.76027749 0.17166998 39.80943370
  jla_mock 0.256170 40.47526196 0.17261330 40.64125204
  jla_mock 0.138110 38.92337433 0.14854031 39.15189221
  jla_mock 0.170700 39.50078527 0.16749506 39.65517524
  jla_mock 0.216740 40.22743440 0.14793120 40.23155770
  jla_mock 0.245550 40.73499269 0.17887642 40.53696217
  jla_mock 0.143820 39.05322775 0.16709807 39.24758242
  jla_mock 0.248620 40.43903923 0.18856198 40.56753043
  jla_mock 0.145330 39.51474318 0.17138622 39.27229342
  jla_mock 0.135880 39.30465505 0.12760365 39.11351263
  jla_mock 0.058740 37.16708850 0.12754402 37.18137021
  jla_mock 0.036520 36.06725938 0.15191506 36.11499823
  jla_mock 0.277490 41.13614906 0.22703402 40.83911561
  jla_mock 0.205150 40.58654076 0.29701418 40.09799780
  jla_mock 0.280510 40.72734221 0.20078942 40.86600318
  jla_mock 0.198670 39.77288473 0.16215673 40.02025140
  jla_mock 0.159990 39.37904246 0.15164286 39.50047815
  jla_mock 0.210750 40.41680726 0.18113105 40.16337794
  jla_mock 0.071950 37.59917936 0.17245857 37.64175542
  jla_mock 0.237820 40.62993433 0.19074175 40.45840525
  jla_mock 0.141390 39.30320843 0.17359013 39.20730191
  jla_mock 0.155060 39.27064528 0.15760876 39.42600081
  jla_mock 0.370130 41.71594934 0.22886799 41.56258778
  jla_mock 0.093910 38.33333396 0.17056414 38.25241093
  jla_mock 0.118630 38.60614640 0.17057943 38.79493094
  jla_mock 0.153630 39.20926769 0.15381057 39.40398478
  jla_mock 0.253560 40.84890279 0.16809525 40.61599591
  jla_mock 0.107250 38.71925050 0.14420228 38.55993725
  jla_mock 0.129610 38.73521975 0.15302154 39.00235225
  jla_mock 0.266650 41.21155235 0.19376454 40.74033372
  jla_mock 0.212260 40.40971428 0.16262819 40.18073232
  jla_mock 0.278220 40.92047811 0.18167466 40.84563951
  jla_mock 0.245400 40.53015885 0.16811689 40.53545960
  jla_mock 0.133620 39.12698909 0.15059378 39.07401011
  jla_mock 0.176560 39.69967470 0.16208219 39.73603828
  jla_mock 0.113680 38.69900973 0.14584429 38.69544762
  jla_mock 0.320380 40.60806519 0.26368273 41.19801010
  jla_mock 0.112710 38.60052986 0.12253270 38.67547563
  jla_mock 0.106020 38.52076696 0.14472955 38.53314397
  jla_mock 0.391350 42.00206529 0.26610488 41.70448789
  jla_mock 0.155750 39.59188461 0.14611530 39.43655631
  jla_mock 0.186670 40.07943609 0.16762102 39.86986452
  jla_mock 0.196710 39.80901502 0.16669908 39.99627308
  jla_mock 0.191910 39.98180259 0.17339098 39.93660335
  jla_mock 0.190840 40.11369176 0.15087610 39.92311374
  jla_mock 0.176250 39.83967260 0.15361286 39.73182344
  jla_mock 0.128370 39.32661085 0.15035584 38.97977249
  jla_mock 0.122620 38.64684357 0.14734428 38.87231625
  jla_mock 0.127150 38.76919198 0.14706216 38.95735627
  jla_mock 0.213230 40.35804200 0.17620944 40.19182042
  jla_mock 0.218610 40.48685614 0.18110338 40.25248623
  jla_mock 0.268560 40.70912596 0.19152223 40.75800422
  jla_mock 0.204660 40.23944539 0.16518790 40.09219879
  jla_mock 0.267100 40.87943987 0.17377576 40.74450740
  jla_mock 0.217570 40.56339708 0.17264916 40.24086733
  jla_mock 0.241850 40.51124176 0.17151433 40.49964940
  jla_mock 0.293500 41.04499739 0.20071643 40.97869876
  jla_mock 0.353460 41.76093148 0.23113786 41.44574541
  jla_mock 0.185630 39.85804100 0.15494760 39.85641243
  jla_mock 0.285430 40.61282487 0.19928385 40.90924132
  jla_mock 0.194940 40.02707117 0.16836015 39.97442839
  jla_mock 0.075920 37.55002376 0.14499851 37.76428887
  jla_mock 0.163570 39.43947423 0.15777754 39.55323307
  jla_mock 0.257210 40.98339257 0.20821329 40.65124979
  jla_mock 0.219550 40.20328372 0.18725136 40.26294408
  jla_mock 0.175580 39.69567618 0.15163366 39.72269036
  jla_mock 0.226670 40.22734438 0.18608202 40.34084082
  jla_mock 0.153220 39.43198561 0.15082218 39.39763723
  jla_mock 0.210250 39.86544596 0.19550076 40.15760614
  jla_mock 0.121640 38.71582722 0.12361443 38.85353115
  jla_mock 0.291350 40.95873234 0.19904915 40.96036745
  jla_mock 0.294480 41.23751914 0.27859702 40.98701345
  jla_mock 0.164550 39.75580478 0.12599124 39.56748698
  jla_mock 0.307020 41.41888049 0.20906564 41.09121752
  jla_mock 0.198630 40.12867967 0.16157737 40.01976424
  jla_mock 0.268210 40.83063120 0.21539519 40.75477485
  jla_mock 0.401280 41.67635029 0.24823001 41.76846410
  jla_mock 0.136680 38.86206823 0.15334431 39.12734848
  jla_mock 0.295420 40.62598108 0.24720467 40.99496487
  jla_mock 0.291920 41.02242890 0.19219946 40.96523948
  jla_mock 0.090070 38.02464609 0.12096556 38.15618664
  jla_mock 0.205570 39.75189875 0.18292629 40.10295819
  jla_mock 0.145820 39.23096071 0.14934529 39.28026067
  jla_mock 0.117670 38.80820359 0.14486540 38.77594667
  jla_mock 0.054990 37.12641468 0.14997934 37.03239938
  jla_mock 0.174200 39.53667747 0.15142908 39.70377654
  jla_mock 0.244950 40.32513786 0.18020903 40.53094681
  jla_mock 0.224520 40.39894711 0.18249954 40.31755948
  jla_mock 0.245580 40.71627845 0.16228277 40.53726258
  jla_mock 0.283510 41.31425183 0.21250233 40.89245014
  jla_mock 0.180560 39.64600882 0.17619167 39.78981584
  jla_mock 0.103910 38.53808975 0.12352191 38.48648974
  jla_mock 0.129610 39.19092997 0.15326847 39.00235225
  jla_mock 0.243520 40.01850674 0.16045597 40.51655525
  jla_mock 0.331360 40.73226633 0.26935111 41.28275125
  jla_mock 0.243480 40.67583259 0.19048000 40.51615157
  jla_mock 0.314680 41.28611140 0.17577640 41.15295859
  jla_mock 0.218650 40.33380325 0.18935500 40.25293209
  jla_mock 0.260140 40.40482798 0.21925656 40.67921764
  jla_mock 0.282430 40.83426464 0.19830733 40.88295904
  jla_mock 0.300410 40.87793810 0.20581539 41.03678905
  jla_mock 0.151860 39.54260221 0.14864409 39.37646794
  jla_mock 0.263570 40.59079218 0.18936772 40.71159189
  jla_mock 0.213820 40.32052250 0.20621233 40.19854195
  jla_mock 0.162840 39.35496902 0.16761662 39.54256362
  jla_mock 0.124400 39.32254411 0.17140549 38.90607803
  jla_mock 0.194650 40.12315958 0.13938689 39.97083181
  jla_mock 0.205540 40.45091227 0.18299408 40.10260419
  jla_mock 0.106670 38.60234198 0.14588621 38.54733939
  jla_mock 0.187720 39.89414029 0.18724598 39.88337565
  jla_mock 0.163870 39.72255270 0.15682059 39.55760493
  jla_mock 0.290210 41.18998988 0.19470283 40.95059702
  jla_mock 0.094010 38.20772983 0.12497638 38.25486653
  jla_mock 0.227860 40.28093949 0.18009820 40.35363931
  jla_mock 0.107510 38.62915156 0.14764565 38.56556368
  jla_mock 0.310650 40.94596286 0.22259423 41.12065070
  jla_mock 0.145640 39.39326598 0.15575872 39.27733684
  jla_mock 0.087840 38.07476559 0.12609586 38.09850103
  jla_mock 0.148390 39.30316910 0.15572534 39.32164294
  jla_mock 0.286620 40.86127168 0.19365541 40.91959626
  jla_mock 0.122810 38.98304827 0.13329108 38.87594191
  jla_mock 0.186550 39.99502111 0.20280242 39.86831590
  jla_mock 0.128930 38.86910340 0.15503539 38.98999503
  jla_mock 0.194220 39.80170255 0.16863568 39.96548983
  jla_mock 0.148000 39.51678067 0.14676099 39.31540643
  jla_mock 0.211790 39.91131361 0.22866165 40.17534289
  jla_mock 0.179620 39.80725646 0.17351314 39.77727823
  jla_mock 0.263490 40.88275735 0.18130204 40.71084123
  jla_mock 0.192150 39.87804371 0.15956887 39.93961949
  jla_mock 0.338800 41.37106519 0.22987627 41.33871350
  jla_mock 0.117410 39.10213511 0.14766783 38.77078001
  jla_mock 0.143100 39.12687701 0.16841647 39.23571421
  jla_mock 0.160350 39.54264389 0.13218212 39.50583255
  jla_mock 0.288720 40.88840377 0.21129560 40.93777350
  jla_mock 0.123030 39.07187126 0.15464992 38.88013347
  jla_mock 0.264050 40.87228506 0.18533646 40.71609141
  jla_mock 0.126080 38.79924675 0.17182656 38.93752932
  jla_mock 0.173740 39.95803199 0.14981160 39.69744100
  jla_mock 0.164400 39.46420917 0.14972618 39.56531039
  jla_mock 0.249610 40.54980775 0.16242204 40.57731380
  jla_mock 0.159990 39.44764894 0.15136580 39.50047815
  jla_mock 0.244480 40.31253419 0.15150476 40.52622528
  jla_mock 0.248510 40.27226217 0.17707716 40.56644117
  jla_mock 0.228930 40.07170628 0.16847625 40.36509465
  jla_mock 0.085280 38.15330049 0.14384543 38.03053562
  jla_mock 0.062818 37.41069811 0.14854713 37.33330552
  jla_mock 0.277450 40.70950446 0.23370164 40.83875768
  jla_mock 0.275440 40.76935967 0.21508178 40.82071019
  jla_mock 0.330510 41.20348054 0.21087893 41.27628421
  jla_mock 0.361930 41.54243574 0.24565378 41.50573334
  jla_mock 0.331030 41.33816671 0.21800830 41.28024234
  jla_mock 0.160500 39.61041334 0.12714994 39.50806025
  jla_mock 0.300210 41.04800742 0.20430208 41.03512507
  jla_mock 0.116350 38.75331447 0.12231010 38.74960383
  jla_mock 0.218290 40.24714556 0.16062208 40.24891663
  jla_mock 0.119670 38.94458624 0.12046332 38.81533475
  jla_mock 0.154730 39.46890302 0.12395445 39.42093704
  jla_mock 0.178100 39.43924593 0.16562813 39.75687524
  jla_mock 0.250370 40.64702005 0.16560962 40.58480004
  jla_mock 0.251740 40.91019902 0.14466362 40.59824225
  jla_mock 0.129530 39.07150235 0.14518911 39.00090162
  jla_mock 0.309290 40.66900991 0.18810950 41.10966066
  jla_mock 0.278520 40.95993503 0.17881943 40.84831601
  jla_mock 0.185810 39.87112429 0.13605911 39.85874567
  jla_mock 0.066510 37.77033257 0.17228058 37.46288716
  jla_mock 0.258000 40.71153315 0.18756945 40.65881939
  jla_mock 0.298880 41.19470569 0.21609463 41.02403360
  jla_mock 0.270440 41.39899265 0.22437165 40.77528452
  jla_mock 0.279160 40.71651332 0.17183675 40.85401700
  jla_mock 0.292870 40.96722991 0.21554431 40.97334010
  jla_mock 0.189650 39.94440403 0.15711153 39.90802874
  jla_mock 0.265760 41.27269338 0.19291042 40.73205999
  jla_mock 0.123760 39.14879389 0.14509081 38.89399154
  jla_mock 0.182550 39.65619343 0.14971699 39.81615965
  jla_mock 0.056340 36.97576583 0.14895035 37.08712772
  jla_mock 0.312880 41.04446737 0.18264477 41.13857562
  jla_mock 0.309150 41.10362659 0.22328713 41.10852682
  jla_mock 0.200610 40.19888428 0.15587566 40.04377042
  jla_mock 0.326400 41.22214414 0.20549386 41.24479642
  jla_mock 0.211630 40.17310617 0.13899445 40.17350567
  jla_mock 0.179690 39.78837856 0.15636245 39.77821398
  jla_mock 0.302400 41.12515345 0.19662226 41.05329027
  jla_mock 0.109240 38.77869739 0.14870399 38.60267717
  jla_mock 0.085220 37.76455832 0.15002378 38.02891950
  jla_mock 0.202310 40.01846841 0.16131988 40.06420752
  jla_mock 0.126490 38.44257912 0.15584855 38.94514516
  jla_mock 0.214570 40.21586899 0.16812914 40.20706159
  jla_mock 0.320450 41.33460766 0.19168742 41.19855877
  jla_mock 0.218350 40.27547065 0.17273249 40.24958630
  jla_mock 0.190100 40.08236512 0.15982384 39.91374343
  jla_mock 0.092430 38.37355441 0.15614025 38.21577494
  jla_mock 0.379860 41.62922875 0.18489314 41.62856135
  jla_mock 0.211340 40.22178333 0.16607978 40.17017243
  jla_mock 0.258330 40.59935116 0.18011571 40.66197505
  jla_mock 0.183270 39.74981838 0.16855779 39.82562548
  jla_mock 0.212950 40.00741470 0.17784935 40.18862452
  jla_mock 0.116510 38.94877389 0.15544019 38.75281185
  jla_mock 0.144010 38.96308402 0.17185674 39.25070505
  jla_mock 0.252490 40.30989256 0.18599877 40.60557260
  jla_mock 0.255390 40.60086953 0.21319916 40.63372916
  jla_mock 0.216980 40.37298849 0.18860575 40.23425302
  jla_mock 1.265901 45.00283598 0.22380442 44.79698974
  jla_mock 0.935774 44.26535042 0.22958872 43.98915483
  jla_mock 0.049519 36.80469650 0.20228994 36.79643881
  jla_mock 0.030325 35.61112782 0.18207848 35.70156680
  jla_mock 0.074579 37.67585668 0.21872943 37.72359936
  jla_mock 0.025198 35.08724207 0.22034080 35.29122886
  jla_mock 0.014411 34.21265227 0.20528439 34.06048197
  jla_mock 0.020792 34.94880731 0.19750056 34.86681304
  jla_mock 0.035218 36.01077155 0.20378488 36.03411951
  jla_mock 0.041657 36.45441778 0.21523275 36.40882742
  jla_mock 0.042400 36.31267834 0.20618664 36.44837502
  jla_mock 0.018902 34.65446819 0.18361956 34.65682456
  jla_mock 0.078840 37.95103394 0.21534076 37.85056359
  jla_mock 0.063345 37.21654892 0.20758765 37.35224323
  jla_mock 0.027637 35.20913752 0.23141589 35.49574473
  jla_mock 0.049325 36.58742174 0.21068097 36.78761579
  jla_mock 0.070153 37.72122489 0.22041411 37.58414793
  jla_mock 0.023909 35.63383966 0.18367797 35.17514301
  jla_mock 0.053126 36.69193565 0.22335947 36.95466158
  jla_mock 0.024951 35.09395106 0.18978288 35.26944337
  jla_mock 0.015664 34.30648604 0.20165316 34.24355971
  jla_mock 0.048984 36.97255502 0.15985830 36.77202553
  jla_mock 0.022399 35.26534850 0.18927946 35.03105780
  jla_mock 0.034854 35.91578511 0.23666209 36.01098585
  jla_mock 0.016966 34.58672440 0.20291443 34.41905369
  jla_mock 0.030721 36.06119809 0.18171781 35.73036747
  jla_mock 0.030482 35.58532011 0.18203752 35.71302906
  jla_mock 0.010550 33.17902201 0.21945028 33.37697498
  jla_mock 0.014256 34.21460696 0.17170736 34.03674778
  jla_mock 0.027688 35.14687888 0.18124529 35.49982939
  jla_mock 0.053860 36.99208764 0.15903793 36.98558282
  jla_mock 0.017672 34.33648844 0.19251135 34.50872719
  jla_mock 0.017450 34.55440341 0.17037052 34.48091679
  jla_mock 0.015573 34.33646030 0.20219934 34.23076011
  jla_mock 0.010060 33.42710658 0.23112569 33.27290010
  jla_mock 0.054931 37.14913507 0.18431298 37.02997807
  jla_mock 0.039083 36.32046863 0.16317419 36.26630443
  jla_mock 0.078317 37.41957145 0.18391968 37.83533784
  jla_mock 0.031764 36.00454786 0.15356487 35.80451887
  jla_mock 0.014440 34.10835093 0.22581465 34.06489449
  jla_mock 0.013533 34.22981411 0.22079334 33.92255325
  jla_mock 0.026677 35.09071270 0.19349962 35.41744509
  jla_mock 0.023360 34.96567366 0.17880596 35.12382045
  jla_mock 0.036934 36.20410450 0.19001518 36.14012659
  jla_mock 0.023552 35.18246007 0.17819828 35.14190296
  jla_mock 0.017483 34.57168500 0.19211831 34.48507280
  jla_mock 0.040259 36.14672612 0.17447686 36.33251957
  jla_mock 0.030381 35.52363692 0.20408145 35.70566190
  jla_mock 0.015504 34.51262754 0.20027602 34.22100552
  jla_mock 0.014151 33.70941931 0.18788306 34.02052423
  jla_mock 0.015487 33.92104606 0.18431337 34.21859562
  jla_mock 0.015554 34.07719025 0.19852180 34.22807833
  jla_mock 0.037075 36.15994570 0.15485493 36.14862211
  jla_mock 0.015482 34.10338279 0.20249750 34.21788633
  jla_mock 0.013324 34.09361693 0.18643777 33.88841558
  jla_mock 0.014575 34.00343328 0.20791179 34.08532079
  jla_mock 0.015791 34.18106354 0.19846605 34.26130051
  jla_mock 0.024746 35.26402840 0.17954713 35.25120075
  jla_mock 0.027748 35.51630449 0.17503344 35.50462544
  jla_mock 0.010888 33.77940814 0.25477943 33.44600638
  jla_mock 0.013652 33.80071874 0.18670962 33.94175799
  jla_mock 0.035755 35.95698076 0.16295663 36.06782528
  jla_mock 0.024725 35.19164985 0.17710562 35.24932362
  jla_mock 0.038086 36.14622572 0.17051564 36.20862960
  jla_mock 0.021541 34.82406224 0.17711857 34.94486566
  jla_mock 0.019581 34.73627378 0.17898631 34.73455541
  jla_mock 0.030416 35.70421488 0.17571774 35.70821759
  jla_mock 0.039219 36.15614505 0.17021381 36.27406046
  jla_mock 0.034971 36.28117681 0.15987848 36.01844730
  jla_mock 0.028561 35.68968208 0.17650121 35.56862791
  jla_mock 0.020997 34.93652820 0.18822756 34.88844780
  jla_mock 0.032538 35.82152144 0.18232286 35.85802163
  jla_mock 0.015469 34.09417723 0.19318910 34.21604112
  jla_mock 0.015678 34.34423999 0.20747940 34.24552235
  jla_mock 0.027499 35.44116563 0.15598630 35.48465493
  jla_mock 0.046856 36.95691986 0.17134850 36.67229170
  jla_mock 0.033173 35.68237617 0.18295753 35.90099459
  jla_mock 0.010291 33.38461142 0.23549671 33.32257649
  jla_mock 0.080103 37.56286233 0.17116407 37.88693845
  jla_mock 0.012317 33.59059947 0.20020781 33.71612539
  jla_mock 0.024586 35.61470789 0.20631378 35.23685912
  jla_mock 0.014467 34.39990542 0.20827809 34.06899482
  jla_mock 0.015154 34.00474452 0.18399751 34.17085499
  jla_mock 0.029086 35.53651057 0.17337203 35.60901553
  jla_mock 0.034781 35.79062569 0.17928903 36.00631801
  jla_mock 0.044920 36.64446267 0.14070569 36.57766347
  jla_mock 0.034074 35.99843563 0.16958177 35.96060864
  jla_mock 0.074870 37.90435120 0.14386215 37.73248819
  jla_mock 0.014960 34.39489680 0.19782876 34.14256149
  jla_mock 0.020396 34.79432198 0.17103812 34.82441926
  jla_mock 0.040689 36.36920800 0.17468105 36.35626161
  jla_mock 0.026567 35.53527297 0.18033141 35.40829726
  jla_mock 0.026881 35.13025085 0.15330990 35.43431258
  jla_mock 0.023471 34.92049501 0.17597781 35.13429215
  jla_mock 0.069122 37.46571356 0.19117659 37.55045468
  jla_mock 0.065193 37.61427598 0.15879632 37.41747470
  jla_mock 0.022980 34.76589895 0.17790505 35.08759706
  jla_mock 0.017387 34.51391763 0.19829162 34.47296098
  jla_mock 0.031485 35.75606716 0.15108749 35.78491972
  jla_mock 0.011184 33.60939011 0.19447979 33.50473574
  jla_mock 0.021956 34.90530668 0.17567209 34.98696935
  jla_mock 0.031484 35.69092171 0.15080691 35.78484917
  jla_mock 0.023321 35.17793215 0.20285194 35.12012958
  jla_mock 0.020390 34.98056823 0.18300723 34.82377071
  jla_mock 0.022466 34.84495700 0.18140785 35.03765097
  jla_mock 0.033614 36.25389420 0.18044129 35.93036816
  jla_mock 0.036969 36.32566456 0.17916902 36.14223835
  jla_mock 0.022629 35.05683129 0.18007478 35.05361062
  jla_mock 0.014700 34.27225321 0.18462322 34.10406779
  jla_mock 0.036950 35.93143862 0.14876338 36.14109221
  jla_mock 0.060959 37.31916311 0.12531329 37.26525946
  jla_mock 0.059289 37.24898168 0.12135718 37.20240586
  jla_mock 0.069751 37.74535999 0.15873536 37.57106733
  jla_mock 0.029526 35.53483573 0.17470465 35.64231764
  jla_mock 0.033255 36.14358504 0.17565362 35.90648512
  jla_mock 0.024159 35.10715805 0.18124182 35.19813107
  jla_mock 0.015999 34.32677366 0.19155982 34.29005387
  jla_mock 0.062961 37.12650348 0.16530929 37.33845928
  jla_mock 0.021706 35.06956927 0.19186355 34.96170055
  jla_mock 0.031638 35.56610934 0.18943844 35.79568859
  jla_mock 0.018599 34.51632631 0.17304818 34.62124460
  jla_mock 0.027064 35.39998735 0.17332763 35.44933715
  jla_mock 0.025468 35.54714047 0.18469991 35.31480424
  jla_mock 0.023810 34.56458681 0.19336693 35.16597435
  jla_mock 0.023867 35.64284196 0.18298494 35.17125784
  jla_mock 0.022068 35.01644723 0.16678206 34.99819802
