  jla_mock 0.503084 42.43185217 0.14571158 42.27710165
  jla_mock 0.580724 42.81897996 0.16122778 42.65288757
  jla_mock 0.494795 42.28580265 0.12070859 42.23380227
  jla_mock 0.345928 41.26934345 0.13253081 41.31423394
  jla_mock 0.677662 42.80989755 0.22871689 43.06065815
  jla_mock 0.610712 42.55965330 0.22548733 42.78550004
  jla_mock 0.866494 44.09500824 0.25803499 43.71583788
  jla_mock 0.330932 41.34965111 0.12801230 41.20214124
  jla_mock 0.798566 43.54769978 0.25919990 43.49759065
  jla_mock 0.449562 42.06955722 0.16139765 41.98508724
  jla_mock 0.371443 41.57442227 0.14921889 41.49506003
  jla_mock 0.291718 40.78645833 0.14231442 40.88534426
  jla_mock 0.355820 41.35962239 0.14101044 41.38575040
  jla_mock 0.461274 42.18692110 0.15587207 42.05162357
  jla_mock 0.283610 40.86861550 0.13055630 40.81497031
  jla_mock 0.632234 43.01392894 0.22182909 42.87695673
  jla_mock 0.466414 42.25222042 0.17243727 42.08034259
  jla_mock 0.268624 40.51166691 0.12820280 40.67992826
  jla_mock 0.946890 44.40224018 0.29224985 43.95358400
  jla_mock 0.924917 44.09734831 0.31213110 43.89065134
  jla_mock 0.693165 43.52821303 0.29243158 43.12069432
  jla_mock 0.625233 42.78975974 0.19088816 42.84754675
  jla_mock 0.896944 43.65951919 0.26745476 43.80835510
  jla_mock 0.608261 42.55827594 0.15987482 42.77488783
  jla_mock 0.789054 43.00587313 0.26932700 43.46559609
  jla_mock 0.578292 42.78716412 0.14637659 42.64183302
  jla_mock 0.590280 42.40739326 0.18966931 42.69581830
  jla_mock 0.719626 43.11866478 0.25305179 43.22021202
  jla_mock 0.210032 40.02980865 0.13132256 40.07512520
  jla_mock 0.766590 43.32002801 0.22576765 43.38856138
  jla_mock 0.858513 43.96151869 0.22289539 43.69107922
  jla_mock 0.367904 41.44333092 0.09931133 41.47067633
  jla_mock 0.558746 42.53561365 0.15678156 42.55153127
  jla_mock 0.848509 43.51589308 0.21739327 43.65971240
  jla_mock 0.996390 43.89855557 0.24266005 44.09030908
  jla_mock 0.776594 43.58780209 0.26449227 43.42315585
  jla_mock 0.582932 42.78553773 0.13306958 42.66286084
  jla_mock 0.583743 42.54009188 0.16752875 42.66651159
  jla_mock 0.796552 43.67494378 0.22887969 43.49084078
  jla_mock 0.588721 42.72846996 0.15579306 42.68886827
  jla_mock 0.913473 43.36690565 0.24294053 43.85725873
  jla_mock 0.768587 43.51434200 0.23905376 43.39551722
  jla_mock 0.948455 43.81772287 0.26528102 43.95800543
  jla_mock 0.513793 42.32584428 0.15287930 42.33204049
  jla_mock 0.733609 43.01482016 0.19294483 43.27140703
  jla_mock 0.637701 43.15280099 0.27010736 42.89972139
  jla_mock 0.765588 43.34860717 0.21113574 43.38506688
  jla_mock 0.434861 41.88713940 0.15772880 41.89921787
  jla_mock 0.983407 43.48194122 0.25879722 44.05511838
  jla_mock 0.583743 42.85579630 0.16232669 42.66651159
  jla_mock 0.700631 43.22094113 0.21687358 43.14913913
  jla_mock 0.662058 43.15639178 0.21294856 42.99889797
  jla_mock 0.838126 44.25838890 0.28077453 43.62678119
  jla_mock 0.621874 42.68939086 0.17546981 42.83329136
  jla_mock 0.370586 41.12500095 0.14291643 41.48917715
  jla_mock 0.416632 41.72122114 0.13815441 41.78893191
  jla_mock 0.358570 41.42255150 0.10704088 41.40532205
  jla_mock 0.451681 42.08356281 0.15278703 41.99722362
  jla_mock 0.522762 42.22365439 0.16112888 42.37720580
  jla_mock 0.733996 43.47407164 0.30408870 43.27281129
  jla_mock 0.701965 43.36547243 0.31176741 43.15417465
  jla_mock 0.742008 43.52649449 0.29013165 43.30171378
  jla_mock 0.746118 43.21586974 0.21822021 43.31643756
  jla_mock 0.349560 41.28063714 0.13472825 41.34070971
  jla_mock 0.591835 42.92178190 0.15357327 42.70275050
  jla_mock 0.514746 42.39873714 0.15561143 42.33685840
  jla_mock 0.620632 42.60359315 0.18447364 42.82801766
  jla_mock 0.643646 42.68396802 0.24392132 42.92425127
  jla_mock 1.002795 44.46960775 0.33216844 44.10750854
  jla_mock 0.470586 41.91314011 0.14420733 42.10343429
  jla_mock 0.610643 43.08135780 0.15877872 42.78520128
  jla_mock 0.263487 40.80669012 0.12804977 40.63202731
  jla_mock 0.358336 41.32699425 0.12918713 41.40366931
  jla_mock 0.742697 43.66695643 0.25908753 43.30418923
  jla_mock 0.451556 42.01709641 0.11538935 41.99650770
  jla_mock 0.910752 43.36777492 0.26164869 43.84925407
  jla_mock 0.552605 42.58317458 0.15821060 42.52254908
  jla_mock 0.337534 41.26250033 0.12813367 41.25205666
  jla_mock 0.750681 43.57058997 0.24281434 43.33267001
  jla_mock 0.983777 44.22535740 0.34665096 44.05613237
  jla_mock 0.822697 43.56237314 0.22175759 43.57711051
  jla_mock 0.813696 43.41110858 0.24256727 43.54771251
  jla_mock 0.950763 43.87941479 0.26472927 43.96452597
  jla_mock 0.817732 43.69841992 0.24643394 43.56096129
  jla_mock 0.340520 41.44144879 0.12574260 41.27434731
  jla_mock 0.960751 43.47235764 0.28766046 43.99255885
  jla_mock 0.810720 43.60820322 0.27275574 43.53793555
  jla_mock 0.756687 43.37490127 0.24755189 43.35389370
  jla_mock 0.611252 42.90647214 0.18572910 42.78783810
  jla_mock 0.877971 43.80607300 0.22378685 43.75108573
  jla_mock 0.548325 42.63080994 0.14258079 42.50214510
  jla_mock 0.809032 43.22265696 0.23222084 43.53239002
  jla_mock 1.028800 44.55450783 0.28337345 44.17623810
  jla_mock 0.627239 42.91822097 0.17555461 42.85598177
  jla_mock 0.422452 41.85249015 0.15606690 41.82463937
  jla_mock 0.933900 44.06423695 0.34999950 43.91655625
  jla_mock 0.701158 43.50250581 0.22740618 43.15112843
  jla_mock 0.697164 43.27015804 0.20952266 43.13593901
  jla_mock 0.685179 42.88928880 0.27044472 43.08992881
  jla_mock 0.767075 43.22270554 0.25233801 43.39025283
  jla_mock 0.931901 43.61111604 0.25136810 43.91079320
  jla_mock 0.863978 44.18930861 0.24510246 43.70805418
  jla_mock 0.749100 42.89617204 0.22590126 43.32704575
  jla_mock 0.514353 42.37816355 0.15357466 42.33487158
  jla_mock 0.468406 41.96192810 0.11440416 42.09141773
  jla_mock 0.470398 42.14734898 0.15654577 42.10239800
  jla_mock 0.958871 43.96585116 0.27681249 43.98730105
  jla_mock 0.927909 43.81536850 0.29724149 43.89928440
  jla_mock 0.840522 43.84771093 0.21913135 43.63442005
  jla_mock 0.630699 42.81333561 0.17083127 42.87053069
  jla_mock 0.562751 42.42809601 0.14440652 42.57027306
  jla_mock 0.615698 43.05471688 0.16969222 42.80694489
  jla_mock 0.828528 43.41334763 0.22446355 43.59599102
  jla_mock 0.564741 42.48300725 0.16042692 42.57954163
  jla_mock 0.578745 42.43600772 0.14758356 42.64389211
  jla_mock 0.557743 43.01571494 0.15831963 42.54682676
  jla_mock 0.864497 43.66371644 0.22870035 43.70965980
  jla_mock 0.735608 43.41489021 0.23468503 43.27866052
  jla_mock 0.858507 43.04446825 0.28336591 43.69106047
  jla_mock 0.261984 40.72425317 0.10443414 40.61785379
  jla_mock 0.585743 42.61111192 0.18660838 42.67551465
  jla_mock 0.761580 43.83225341 0.21598834 43.37108889
  jla_mock 0.488800 42.29641474 0.11155101 42.20209244
  jla_mock 0.858516 43.82695585 0.27431051 43.69108859
  jla_mock 0.688656 43.30501405 0.18053033 43.10334160
  jla_mock 0.558743 42.42483129 0.15491557 42.55151723
  jla_mock 0.324532 41.22647526 0.12601850 41.15287319
  jla_mock 0.480704 42.23170905 0.10839252 42.15866163
  jla_mock 0.185371 39.75002332 0.13095679 39.77254564
  jla_mock 0.922221 43.94340198 0.33854809 43.88279991
  jla_mock 0.681942 43.05732539 0.19640351 43.07734372
  jla_mock 0.475707 42.03644517 0.10811298 42.13152285
  jla_mock 0.922210 44.19020699 0.27644363 43.88276787
  jla_mock 0.893183 43.79117733 0.25783329 43.79706560
  jla_mock 0.428646 41.97796359 0.14143599 41.86209452
  jla_mock 0.631882 42.63230527 0.23474045 42.87549100
  jla_mock 0.699960 43.38548886 0.25834877 43.14659772
  jla_mock 0.736007 43.33165055 0.26468680 43.28010832
  jla_mock 0.575823 42.40041649 0.15953941 42.63061030
  jla_mock 0.418633 41.82950716 0.10651651 41.80126293
  jla_mock 0.511746 42.33882767 0.12000546 42.32159289
  jla_mock 0.535771 42.40276013 0.12653138 42.44150478
  jla_mock 0.641893 42.79123999 0.21547239 42.91702278
  jla_mock 0.734996 43.15286762 0.22720400 43.27643984
  jla_mock 0.351560 41.49787544 0.13079492 41.35518543
  jla_mock 0.609860 43.04301313 0.17401244 42.78181109
  jla_mock 0.349557 41.30603041 0.13436921 41.34068791
  jla_mock 0.701969 43.07282305 0.18819535 43.15418975
  jla_mock 0.355261 41.19363955 0.10427939 41.38176452
  jla_mock 0.983280 44.10023342 0.25756994 44.05477034
  jla_mock 0.872152 43.51041432 0.26597542 43.73326358
  jla_mock 0.759030 43.13356465 0.20819082 43.36214646
  jla_mock 0.926220 43.81707346 0.24599386 43.89441507
  jla_mock 0.643642 42.93314601 0.22846121 42.92423478
  jla_mock 0.419569 41.88228559 0.13772753 41.80699449
  jla_mock 0.515587 42.51597867 0.20313602 42.34111010
  jla_mock 0.890729 43.73756595 0.21057911 43.78969936
  jla_mock 0.805696 44.05699374 0.22987004 43.52132092
  jla_mock 0.480568 42.09143739 0.10874993 42.15792621
  jla_mock 0.800697 43.45216354 0.24546005 43.50473264
  jla_mock 0.580604 42.31820050 0.18881444 42.65234211
  jla_mock 0.715652 43.03884448 0.24396561 43.20550425
  jla_mock 0.805695 43.44835741 0.23276535 43.52131760
  jla_mock 0.766684 42.97816830 0.25283777 43.38888921
  jla_mock 0.664638 42.80712927 0.19578546 43.00922858
  jla_mock 0.901736 43.78900698 0.25190507 43.82259567
  jla_mock 0.745665 43.54483445 0.21142864 43.31482606
  jla_mock 0.718680 43.35570649 0.20380008 43.21671088
  jla_mock 0.736690 43.51077429 0.19636251 43.28258662
  jla_mock 0.579600 42.83392201 0.12084594 42.64777848
  jla_mock 0.370531 41.60854983 0.10256736 41.48879960
  jla_mock 0.960740 44.62566222 0.23956115 43.99252809
  jla_mock 0.850729 43.45720757 0.21179952 43.66671958
  jla_mock 0.648640 42.76002851 0.19254569 42.94468610
  jla_mock 0.219462 40.27376555 0.13036783 40.18221211
  jla_mock 0.936755 44.05324846 0.24129989 43.92472922
  jla_mock 0.647639 43.12823717 0.17876349 42.94059867
  jla_mock 0.461564 41.97916004 0.13341110 42.05325303
  jla_mock 0.600603 42.41268372 0.17945434 42.74150193
  jla_mock 0.670654 43.05095324 0.23100742 43.03309544
  jla_mock 0.760698 43.44691674 0.20946016 43.36801289
  jla_mock 0.246492 40.39787003 0.13212126 40.46723114
  jla_mock 0.470573 42.03882318 0.14759396 42.10336263
  jla_mock 0.169455 39.53427934 0.11209573 39.55678917
  jla_mock 0.497379 42.38449204 0.12912927 42.24737835
  jla_mock 0.638234 42.88053637 0.19688575 42.90193490
  jla_mock 0.507371 42.33613191 0.14542671 42.29920550
  jla_mock 0.535327 42.50916455 0.14229510 42.43934075
  jla_mock 0.587285 42.66398284 0.16639385 42.68245602
  jla_mock 0.773081 43.39870245 0.25620999 43.41103522
  jla_mock 0.699166 43.09345261 0.22210270 43.14357089
  jla_mock 0.370511 41.61930737 0.12736057 41.48866231
  jla_mock 0.761089 43.29544565 0.22808946 43.36937651
  jla_mock 0.699169 43.52103240 0.21959570 43.14358233
  jla_mock 0.788060 43.45361582 0.19242158 43.46223138
  jla_mock 0.373513 41.43361862 0.13202741 41.50924344
  jla_mock 0.405478 41.64676952 0.13198879 41.71925539
  jla_mock 0.852994 43.94495521 0.25729076 43.67383293
  jla_mock 0.808048 43.69103079 0.24185374 43.52912538
  jla_mock 0.603272 42.71310471 0.18397635 42.75317111
  jla_mock 0.583290 42.62106568 0.17902789 42.66447239
  jla_mock 0.534335 42.31845855 0.14774220 42.43446867
  jla_mock 0.720140 43.26319153 0.24070231 43.22211434
  jla_mock 0.400485 41.68095117 0.21060605 41.68747331
  jla_mock 0.837004 43.54324162 0.21502566 43.62320406
  jla_mock 0.371508 41.57147535 0.10193219 41.49550623
  jla_mock 0.806041 43.80720062 0.25907683 43.52246571
  jla_mock 0.840005 43.65945414 0.23506835 43.63277177
  jla_mock 0.500728 42.15881249 0.12981336 42.26484189
  jla_mock 0.532765 42.66922527 0.17422186 42.42675782
  jla_mock 0.533766 42.42126714 0.18215335 42.43167410
  jla_mock 0.932229 44.43466999 0.34152943 43.91173881
  jla_mock 0.822103 43.80409678 0.25790730 43.57517845
  jla_mock 0.553797 42.29115434 0.13544877 42.52818142
  jla_mock 0.125298 38.52211202 0.13709229 38.84106498
  jla_mock 0.842123 43.41261453 0.28302626 43.63952432
  jla_mock 0.443668 41.94234693 0.15186631 41.95096666
  jla_mock 0.727675 43.00156131 0.24978201 43.24980232
  jla_mock 0.683659 43.22680702 0.41253064 43.08401922
  jla_mock 0.442548 41.89374816 0.13367762 41.94442810
  jla_mock 0.726679 43.18674987 0.20021505 43.24615236
  jla_mock 0.282510 40.84783484 0.12747632 40.80530724
  jla_mock 0.404549 41.78089388 0.12965359 41.71336120
  jla_mock 0.519611 42.27214499 0.13964385 42.36142862
  jla_mock 0.690652 42.93620549 0.23214813 43.11102588
  jla_mock 1.060801 44.48781164 0.27869308 44.25850417
  jla_mock 0.576612 42.56433444 0.15376326 42.63419666
  jla_mock 0.268489 40.61893329 0.12614174 40.67868477
  jla_mock 0.720680 43.41058952 0.25106936 43.22411288
  jla_mock 0.250498 40.37659229 0.13111277 40.50698685
  jla_mock 0.760691 42.65285351 0.27664014 43.36798848
  jla_mock 0.698167 43.27974566 0.26129048 43.13976258
  jla_mock 0.550315 42.69232902 0.16854352 42.51163951
  jla_mock 0.730128 43.50521558 0.23524622 43.25877602
  jla_mock 0.847985 43.18656456 0.24702775 43.65805845
  jla_mock 0.997826 44.46043021 0.24705649 44.09416520
  jla_mock 0.435446 41.68756080 0.13052406 41.90269898
  jla_mock 0.409470 41.72242220 0.12922369 41.74440667
  jla_mock 0.301590 41.04658091 0.12598595 40.96861318
  jla_mock 1.299106 44.80008445 0.19340708 44.80295884
  jla_mock 1.020807 44.12072960 0.23668119 44.15528928
  jla_mock 0.839734 43.63050531 0.19264717 43.63190777
  jla_mock 1.120850 44.38823682 0.20807086 44.40642252
  jla_mock 1.230892 44.61915322 0.23900250 44.65805713
  jla_mock 0.974230 44.20900591 0.18427047 44.02996885
  jla_mock 0.970782 43.93550944 0.33863365 44.02042535
  jla_mock 0.064229 37.32199000 0.15072784 37.30037791
  jla_mock 0.129030 39.18929974 0.16416611 38.91003962
  jla_mock 0.102890 38.36475039 0.14983539 38.38123082
  jla_mock 0.044130 36.38052451 0.17359564 36.45415970
  jla_mock 0.113040 38.73779869 0.15276523 38.60013137
  jla_mock 0.256110 40.25918416 0.20496122 40.56172302
  jla_mock 0.380260 41.58940342 0.28702753 41.55490922
  jla_mock 0.145470 39.44531629 0.16218924 39.19315913
  jla_mock 0.088890 38.26460572 0.14636771 38.04314103
  jla_mock 0.260590 40.30562470 0.18294429 40.60464301
  jla_mock 0.078910 37.46727861 0.15602647 37.76964193
  jla_mock 0.083040 37.84625514 0.15331705 37.88659751
  jla_mock 0.165650 39.60996494 0.13854363 39.50243618
  jla_mock 0.168170 39.63146579 0.16196037 39.53856886
  jla_mock 0.170630 39.81303605 0.16520984 39.57335790
  jla_mock 0.170280 39.64201380 0.17035518 39.56845298
  jla_mock 0.120440 38.66917133 0.15109792 38.74834258
  jla_mock 0.276530 40.89814941 0.21443501 40.75202947
  jla_mock 0.231600 40.25223929 0.18253328 40.31398810
  jla_mock 0.305690 41.17434704 0.26735001 41.00246986
  jla_mock 0.079970 37.91094181 0.16566195 37.80021288
  jla_mock 0.174150 39.68452070 0.15831009 39.62233390
  jla_mock 0.138680 39.05539539 0.16604939 39.08005465
  jla_mock 0.146070 39.40866019 0.16391832 39.20292737
  jla_mock 0.081330 37.84940375 0.14393418 37.83886154
  jla_mock 0.233800 40.41161123 0.17178002 40.33718241
  jla_mock 0.256550 40.58179596 0.17733386 40.56597272
  jla_mock 0.245620 40.53499114 0.20041043 40.45848319
  jla_mock 0.125930 38.29620127 0.19132506 38.85287811
  jla_mock 0.223510 40.25542469 0.21582750 40.22688870
  jla_mock 0.102640 38.25244153 0.14663754 38.37559387
  jla_mock 0.119670 38.92078904 0.14566661 38.73333561
  jla_mock 0.180550 39.82293072 0.16851019 39.70906170
  jla_mock 0.197090 40.24495279 0.17389574 39.92070050
  jla_mock 0.229160 40.51128485 0.19939442 40.28801769
  jla_mock 0.264510 40.65718220 0.19876199 40.64163064
  jla_mock 0.103370 38.25722736 0.12264053 38.39202172
  jla_mock 0.364410 41.27670038 0.23042794 41.44639133
  jla_mock 0.205600 40.23504415 0.15584351 40.02325654
  jla_mock 0.179810 39.53658327 0.19620482 39.69918339
  jla_mock 0.199590 39.93977141 0.18224440 39.95123585
  jla_mock 0.156530 39.24628826 0.15012954 39.36728138
  jla_mock 0.161800 39.54638611 0.14760764 39.44626416
  jla_mock 0.209530 40.23718525 0.20608020 40.06931740
  jla_mock 0.241790 40.35946503 0.19813238 40.41980198
  jla_mock 0.236460 40.29253306 0.16266354 40.36497147
  jla_mock 0.226680 40.04091823 0.21050732 40.26135800
  jla_mock 0.296780 40.86859797 0.19716042 40.92836382
  jla_mock 0.208520 40.34761198 0.16317028 40.05754079
  jla_mock 0.251040 40.72745251 0.22085837 40.51232199
  jla_mock 0.250120 40.45243255 0.17967388 40.50326604
  jla_mock 0.117710 38.77301765 0.14551100 38.69469577
  jla_mock 0.219710 40.43989241 0.16999397 40.18497414
  jla_mock 0.149010 39.58180891 0.14890457 39.25021107
  jla_mock 0.287420 40.65137656 0.18840122 40.84826474
  jla_mock 0.143600 39.22988608 0.16639625 39.16250030
  jla_mock 0.328370 41.25870289 0.19601268 41.18252527
  jla_mock 0.246250 40.50879391 0.16506508 40.46480338
  jla_mock 0.119660 38.65785482 0.15026680 38.73313941
  jla_mock 0.328380 41.30836511 0.27642285 41.18260220
  jla_mock 0.215130 40.18672579 0.18366862 40.13355604
  jla_mock 0.144780 39.12643113 0.13616902 39.18189244
  jla_mock 0.132430 39.08463238 0.12839376 38.97124243
  jla_mock 0.210820 40.11325365 0.16235031 40.08424183
  jla_mock 0.203990 39.91265973 0.15780808 40.00414975
  jla_mock 0.279520 40.67910737 0.16701092 40.77880193
  jla_mock 0.044280 36.50853294 0.15509722 36.46174914
  jla_mock 0.180370 39.77028107 0.15078404 39.70665887
  jla_mock 0.260700 40.56530728 0.18972170 40.60568547
  jla_mock 0.056540 36.72682619 0.18696980 37.01166886
  jla_mock 0.212600 40.15358706 0.19194689 40.10471675
  jla_mock 0.369410 41.37741902 0.23700047 41.48110448
  jla_mock 0.173860 39.58275031 0.13051969 39.61834998
  jla_mock 0.142650 38.80670659 0.16862649 39.14679731
  jla_mock 0.177890 39.37222623 0.17323466 39.67336899
  jla_mock 0.328370 41.07410970 0.20656404 41.18252527
  jla_mock 0.253510 40.91409151 0.19560920 40.53650221
  jla_mock 0.300010 41.07359041 0.19320267 40.95546874
  jla_mock 0.105890 38.24392370 0.14607715 38.44799109
  jla_mock 0.223280 40.23222828 0.16843887 40.22437539
  jla_mock 0.118450 38.89277444 0.12252294 38.70935573
  jla_mock 0.176530 39.82333831 0.17118858 39.65491611
  jla_mock 0.182800 40.12158461 0.18906536 39.73889217
  jla_mock 0.297620 40.99628648 0.22708191 40.93544539
  jla_mock 0.196990 39.73939589 0.16336648 39.91947550
  jla_mock 0.152950 39.34988940 0.14755004 39.31220059
  jla_mock 0.248500 40.57970935 0.17447627 40.48722668
  jla_mock 0.138180 38.83662069 0.12408786 39.07150884
  jla_mock 0.207040 39.92502065 0.17044837 40.04023669
  jla_mock 0.214680 40.00031654 0.18059604 40.12844801
  jla_mock 0.306320 40.69422359 0.21502986 41.00764886
  jla_mock 0.246950 40.60437202 0.17120148 40.47182389
  jla_mock 0.198010 39.80534463 0.14489973 39.93197045
  jla_mock 0.222560 40.45764283 0.15195110 40.21649103
  jla_mock 0.135080 39.19505993 0.15130600 39.01794405
  jla_mock 0.210540 39.77764429 0.18260591 40.08100242
  jla_mock 0.272580 40.29629069 0.16910743 40.71622656
  jla_mock 0.246600 40.35852615 0.16168519 40.46831460
  jla_mock 0.220680 40.41470579 0.19428942 40.19575119
  jla_mock 0.274470 40.52301971 0.19147108 40.73341110
  jla_mock 0.176560 39.46643166 0.15540451 39.65532432
  jla_mock 0.310880 40.82241108 0.22015615 41.04473105
  jla_mock 0.184350 39.59446056 0.17307932 39.75922489
  jla_mock 0.159350 39.43610666 0.14827050 39.40982852
  jla_mock 0.219760 40.16940800 0.16604587 40.18553101
  jla_mock 0.252050 40.63522613 0.18410044 40.52226384
  jla_mock 0.181220 39.95903964 0.14940352 39.71800129
  jla_mock 0.173730 39.62147046 0.13336424 39.61654695
  jla_mock 0.380470 41.36341231 0.24246083 41.55632362
  jla_mock 0.178650 39.82268447 0.17172186 39.68361175
  jla_mock 0.245680 40.35266598 0.18910008 40.45908511
  jla_mock 0.209100 39.74684479 0.16102286 40.06431519
  jla_mock 0.249470 40.46099471 0.20970726 40.49686584
  jla_mock 0.133920 39.11010738 0.16606211 38.99761169
  jla_mock 0.177060 39.69069634 0.16039966 39.66212774
  jla_mock 0.281110 40.93407162 0.18775324 40.79290250
  jla_mock 0.173830 39.60060602 0.15186906 39.61793393
  jla_mock 0.196540 39.96614636 0.16513423 39.91393501
  jla_mock 0.363970 41.39994508 0.22724835 41.44331300
  jla_mock 0.378350 41.35104520 0.26733097 41.54204491
  jla_mock 0.316460 40.90935162 0.21038880 41.08947283
  jla_mock 0.183220 39.91986026 0.13519430 39.74442604
  jla_mock 0.241020 40.49712000 0.16773658 40.41192924
  jla_mock 0.202030 39.89020921 0.19953174 39.98070999
  jla_mock 0.168690 39.70829498 0.16511959 39.54597364
  jla_mock 0.197940 40.14862757 0.17492454 39.93111295
  jla_mock 0.122760 38.60830501 0.14574653 38.79305529
  jla_mock 0.203180 39.95006152 0.16105255 39.99450699
  jla_mock 0.127390 38.91248214 0.14895509 38.87996467
  jla_mock 0.275490 40.47688679 0.19972760 40.74262991
  jla_mock 0.144680 38.95648523 0.14721731 39.18025959
  jla_mock 0.334360 41.17403521 0.24977783 41.22817044
  jla_mock 0.195800 39.86429482 0.15392559 39.90478319
  jla_mock 0.193920 40.22826240 0.16374737 39.88143323
  jla_mock 0.249730 40.56831858 0.18580683 40.49942710
  jla_mock 0.148600 39.40631965 0.14879989 39.24365667
  jla_mock 0.155960 39.20818594 0.14872192 39.35858004
  jla_mock 0.095820 37.99162536 0.15034816 38.21633573
  jla_mock 0.150650 39.31938365 0.15872946 39.27620079
  jla_mock 0.309330 40.81570111 0.24715745 41.03218750
  jla_mock 0.248570 40.75480442 0.17340396 40.48792229
  jla_mock 0.365540 41.68159511 0.24311996 41.45429367
  jla_mock 0.117710 38.65859422 0.12847626 38.69469577
  jla_mock 0.191760 39.93994744 0.14428474 39.85434418
  jla_mock 0.182550 39.63586684 0.16171197 39.73558665
  jla_mock 0.234720 40.03899196 0.18444964 40.34683999
  jla_mock 0.246470 40.70920384 0.19927669 40.46701043
  jla_mock 0.288450 40.76541605 0.18873457 40.85721264
  jla_mock 0.209600 40.11961675 0.19927022 40.07012725
  jla_mock 0.191980 40.03059380 0.17965405 39.85711740
  jla_mock 0.114020 38.53017190 0.12215388 38.62028720
  jla_mock 0.113890 38.45287329 0.18397194 38.61763570
  jla_mock 0.198800 39.80615639 0.20967258 39.94164791
  jla_mock 0.220580 40.20682225 0.22796022 40.19464800
  jla_mock 0.182570 40.34741625 0.16453718 39.73585109
  jla_mock 0.158950 39.67252932 0.16372575 39.40383846
  jla_mock 0.078490 37.82064845 0.14911597 37.75744452
  jla_mock 0.138640 39.13468993 0.13217046 39.07937585
  jla_mock 0.180790 39.62302603 0.15445548 39.71226547
  jla_mock 0.177570 39.57173467 0.18629282 39.66905625
  jla_mock 0.170660 39.88678943 0.16102003 39.57377800
  jla_mock 0.233810 40.03318680 0.20858516 40.33728761
  jla_mock 0.071530 37.57765098 0.17410666 37.54531352
  jla_mock 0.154630 39.35469659 0.18791656 39.33819243
  jla_mock 0.090100 38.00381047 0.15950858 38.07426524
  jla_mock 0.176580 39.78333094 0.20448697 39.65559645
  jla_mock 0.130450 38.61970425 0.16440638 38.93578423
  jla_mock 0.182040 39.88667558 0.17166998 39.72884339
  jla_mock 0.256170 40.60191632 0.17261330 40.56230252
  jla_mock 0.138110 39.03824365 0.14854031 39.07030941
  jla_mock 0.170700 39.55603659 0.16749506 39.57433812
  jla_mock 0.216740 40.16792230 0.14793120 40.15174436
  jla_mock 0.245550 40.42287331 0.17887642 40.45778095
  jla_mock 0.143820 39.21320264 0.16709807 39.16612734
  jla_mock 0.248620 40.25885630 0.18856198 40.48841915
  jla_mock 0.145330 39.32739406 0.17138622 39.19087314
  jla_mock 0.135880 39.00649248 0.12760365 39.03189192
  jla_mock 0.058740 37.11717175 0.12754402 37.09796180
  jla_mock 0.036520 36.16217909 0.15191506 36.03106641
  jla_mock 0.277490 40.76050075 0.22703402 40.76063111
  jla_mock 0.205150 39.64301547 0.29701418 40.01795024
  jla_mock 0.280510 40.88667411 0.20078942 40.78758153
  jla_mock 0.198670 40.05459312 0.16215673 39.94005541
  jla_mock 0.159990 39.37115473 0.15164286 39.41941262
  jla_mock 0.210750 40.15855031 0.18113105 40.08343198
  jla_mock 0.071950 37.17731393 0.17245857 37.55864108
  jla_mock 0.237820 40.56674521 0.19074175 40.37905698
  jla_mock 0.141390 39.18107316 0.17359013 39.12581536
  jla_mock 0.155060 39.19797529 0.15760876 39.34481996
  jla_mock 0.370130 41.90965482 0.22886799 41.48604693
  jla_mock 0.093910 38.12035008 0.17056414 38.16981045
  jla_mock 0.118630 38.70254246 0.17057943 38.71292166
  jla_mock 0.153630 39.31618510 0.15381057 39.32277957
  jla_mock 0.253560 40.61594243 0.16809525 40.53698973
  jla_mock 0.107250 38.70283381 0.14420228 38.47765267
  jla_mock 0.129610 39.01736856 0.15302154 38.92057066
  jla_mock 0.266650 40.56126592 0.19376454 40.66161135
  jla_mock 0.212260 40.19739590 0.16262819 40.10082044
  jla_mock 0.278220 40.99930121 0.18167466 40.76716662
  jla_mock 0.245400 40.45274827 0.16811689 40.45627614
  jla_mock 0.133620 38.97734029 0.15059378 38.99232025
  jla_mock 0.176560 39.91509686 0.16208219 39.65532432
  jla_mock 0.113680 38.69697911 0.14584429 38.61331237
  jla_mock 0.320380 40.82063582 0.26368273 41.12044066
  jla_mock 0.112710 38.62509626 0.12253270 38.59333444
  jla_mock 0.106020 38.34750307 0.14472955 38.45084125
  jla_mock 0.391350 41.55466398 0.26610488 41.62836782
  jla_mock 0.155750 39.43983387 0.14611530 39.35537428
  jla_mock 0.186670 39.68384571 0.16762102 39.78939604
  jla_mock 0.196710 39.90480633 0.16669908 39.91603745
  jla_mock 0.191910 39.55532369 0.17339098 39.85623501
  jla_mock 0.190840 39.77562168 0.15087610 39.84274706
  jla_mock 0.176250 39.56016585 0.15361286 39.65110619
  jla_mock 0.128370 38.83152851 0.15035584 38.89796359
  jla_mock 0.122620 38.80083545 0.14734428 38.79038728
  jla_mock 0.127150 38.89740838 0.14706216 38.87552188
  jla_mock 0.213230 40.03982623 0.17620944 40.11193637
  jla_mock 0.218610 40.03980392 0.18110338 40.17272318
  jla_mock 0.268560 40.20041562 0.19152223 40.67933875
  jla_mock 0.204660 40.00525731 0.16518790 40.01212586
  jla_mock 0.267100 40.48676654 0.17377576 40.66579583
  jla_mock 0.217570 40.06308705 0.17264916 40.16107662
  jla_mock 0.241850 40.29157124 0.17151433 40.42041544
  jla_mock 0.293500 41.09444203 0.20071643 40.90055954
  jla_mock 0.353460 41.33557270 0.23113786 41.36886236
  jla_mock 0.185630 40.03167622 0.15494760 39.77590534
  jla_mock 0.285430 40.74868180 0.19928385 40.83094829
  jla_mock 0.194940 40.06696854 0.16836015 39.89414729
  jla_mock 0.075920 37.69500794 0.14499851 37.68127182
  jla_mock 0.163570 39.37427754 0.15777754 39.47224556
  jla_mock 0.257210 40.77614176 0.20821329 40.57234726
  jla_mock 0.219550 40.47018551 0.18725136 40.18319219
  jla_mock 0.175580 39.42145638 0.15163366 39.64197874
  jla_mock 0.226670 40.15412301 0.18608202 40.26124976
  jla_mock 0.153220 39.34805987 0.15082218 39.31640225
  jla_mock 0.210250 40.21065561 0.19550076 40.07764731
  jla_mock 0.121640 38.87098188 0.12361443 38.77156797
  jla_mock 0.291350 41.12028872 0.19904915 40.88220216
  jla_mock 0.294480 40.66645804 0.27859702 40.90891097
  jla_mock 0.164550 39.54777847 0.12599124 39.48650488
  jla_mock 0.307020 40.90805104 0.20906564 41.01337701
  jla_mock 0.198630 39.73378183 0.16157737 39.93956541
  jla_mock 0.268210 40.71686798 0.21539519 40.67611488
  jla_mock 0.401280 41.40561964 0.24823001 41.69256563
  jla_mock 0.136680 38.90708310 0.15334431 39.04573258
  jla_mock 0.295420 41.25786697 0.24720467 40.91686126
  jla_mock 0.291920 41.03996760 0.19219946 40.88706900
  jla_mock 0.090070 38.11736466 0.12096556 38.07349942
  jla_mock 0.205570 40.23150674 0.18292629 40.02290278
  jla_mock 0.145820 39.05710808 0.14934529 39.19887412
  jla_mock 0.117670 38.63844760 0.14486540 38.69390334
  jla_mock 0.054990 37.02805031 0.14997934 36.94888997
  jla_mock 0.174200 39.55168585 0.15142908 39.62302078
  jla_mock 0.244950 40.30632807 0.18020903 40.45176172
  jla_mock 0.224520 40.19944355 0.18249954 40.23792540
  jla_mock 0.245580 40.73628795 0.16228277 40.45808191
  jla_mock 0.283510 40.88432152 0.21250233 40.81409185
  jla_mock 0.180560 39.39615741 0.17619167 39.70919519
  jla_mock 0.103910 38.33127701 0.12352191 38.40413339
  jla_mock 0.129610 39.19886118 0.15326847 38.92057066
  jla_mock 0.243520 40.50572966 0.16045597 40.43733220
  jla_mock 0.331360 41.64671024 0.26935111 41.20540265
  jla_mock 0.243480 40.34766176 0.19048000 40.43692709
  jla_mock 0.314680 41.06325168 0.17577640 41.07526069
  jla_mock 0.218650 40.20714930 0.18935500 40.17316867
  jla_mock 0.260140 40.68199107 0.21925656 40.60037841
  jla_mock 0.282430 40.65225865 0.19830733 40.80460447
  jla_mock 0.300410 41.15296726 0.20581539 40.95881993
  jla_mock 0.151860 39.40975840 0.14864409 39.29521233
  jla_mock 0.263570 40.89815729 0.18936772 40.63280646
  jla_mock 0.213820 40.17123602 0.20621233 40.11868600
  jla_mock 0.162840 39.49596617 0.16761662 39.46154230
  jla_mock 0.124400 38.89049247 0.17140549 38.82417717
  jla_mock 0.194650 39.89129255 0.13938689 39.89054791
  jla_mock 0.205540 40.23354329 0.18299408 40.02254903
  jla_mock 0.106670 38.23124955 0.14588621 38.46503289
  jla_mock 0.187720 39.89376100 0.18724598 39.80291328
  jla_mock 0.163870 39.73648497 0.15682059 39.47661066
  jla_mock 0.290210 40.85865338 0.19470283 40.87238320
  jla_mock 0.094010 38.34175079 0.12497638 38.17226514
  jla_mock 0.227860 40.19030009 0.18009820 40.27407953
  jla_mock 0.107510 38.38494414 0.14764565 38.48327432
  jla_mock 0.310650 41.19733059 0.22259423 41.04287582
  jla_mock 0.145640 39.08658024 0.15575872 39.19593499
  jla_mock 0.087840 38.08835278 0.12609586 38.01576924
  jla_mock 0.148390 39.05115826 0.15572534 39.24029306
  jla_mock 0.286620 40.66080162 0.19365541 40.84130336
  jla_mock 0.122810 38.74663499 0.13329108 38.79400815
  jla_mock 0.186550 39.81146647 0.20280242 39.78783942
  jla_mock 0.128930 38.87923027 0.15503539 38.90822393
  jla_mock 0.194220 39.77874356 0.16863568 39.88517899
  jla_mock 0.148000 39.05248746 0.14676099 39.23404635
  jla_mock 0.211790 40.57213500 0.22866165 40.09543437
  jla_mock 0.179620 39.68691771 0.17351314 39.69664707
  jla_mock 0.263490 40.60481763 0.18130204 40.63205547
  jla_mock 0.192150 39.84640784 0.15956887 39.85926034
  jla_mock 0.338800 41.12769523 0.22987627 41.26152242
  jla_mock 0.117410 38.53519882 0.14766783 38.68874247
  jla_mock 0.143100 39.56515572 0.16841647 39.15425701
  jla_mock 0.160350 39.52341478 0.13218212 39.42476553
  jla_mock 0.288720 41.01109507 0.21129560 40.85953994
  jla_mock 0.123030 38.70424788 0.15464992 38.79820073
  jla_mock 0.264050 40.61583894 0.18533646 40.63731243
  jla_mock 0.126080 39.07172559 0.17182656 38.85568186
  jla_mock 0.173740 39.62446227 0.14981160 39.61668565
  jla_mock 0.164400 39.27345173 0.14972618 39.48432233
  jla_mock 0.249610 40.51429714 0.16242204 40.49824589
  jla_mock 0.159990 39.49656355 0.15136580 39.41941262
  jla_mock 0.244480 40.42651556 0.15150476 40.44704665
  jla_mock 0.248510 40.33027815 0.17707716 40.48732605
  jla_mock 0.228930 40.74265736 0.16847625 40.28555171
  jla_mock 0.085280 38.15197251 0.14384543 37.94775710
  jla_mock 0.062818 37.17124767 0.14854713 37.24998112
  jla_mock 0.277450 40.92183478 0.23370164 40.76027300
  jla_mock 0.275440 40.78731800 0.21508178 40.74217800
  jla_mock 0.330510 41.10879696 0.21087893 41.19892556
  jla_mock 0.361930 41.16045500 0.24565378 41.42904074
  jla_mock 0.331030 41.19754279 0.21800830 41.20288802
  jla_mock 0.160500 39.27095178 0.12714994 39.42699035
  jla_mock 0.300210 41.01626710 0.20430208 40.95714433
  jla_mock 0.116350 38.80080889 0.12231010 38.66753831
  jla_mock 0.218290 40.36967536 0.16062208 40.16915926
  jla_mock 0.119670 38.77413192 0.12046332 38.73333561
  jla_mock 0.154730 39.23767862 0.12395445 39.33973371
  jla_mock 0.178100 39.33047392 0.16562813 39.67619923
  jla_mock 0.250370 40.54815932 0.16560962 40.50572689
  jla_mock 0.251740 40.67154729 0.14466362 40.51921238
  jla_mock 0.129530 38.93239488 0.14518911 38.91911810
  jla_mock 0.309290 41.00573753 0.18810950 41.03186178
  jla_mock 0.278520 40.80032494 0.17881943 40.76985245
  jla_mock 0.185810 39.90332965 0.13605911 39.77824027
  jla_mock 0.066510 37.45657152 0.17228058 37.37966319
  jla_mock 0.258000 40.55865032 0.18756945 40.57991680
  jla_mock 0.298880 40.99647727 0.21609463 40.94600163
  jla_mock 0.270440 40.72308683 0.22437165 40.69665555
  jla_mock 0.279160 40.76742367 0.17183675 40.77558221
  jla_mock 0.292870 40.80761111 0.21554431 40.89518040
  jla_mock 0.189650 39.96608719 0.15711153 39.82760981
  jla_mock 0.265760 40.37102087 0.19291042 40.65333540
  jla_mock 0.123760 38.64906941 0.14509081 38.81209813
  jla_mock 0.182550 39.65650117 0.14971699 39.73558665
  jla_mock 0.056340 37.13603449 0.14895035 37.00366010
  jla_mock 0.312880 41.62947020 0.18264477 41.06086353
  jla_mock 0.309150 40.74657454 0.22328713 41.03072175
  jla_mock 0.200610 39.99051112 0.15587566 39.96361223
  jla_mock 0.326400 41.16933663 0.20549386 41.16737059
  jla_mock 0.211630 39.94422253 0.13899445 40.09360082
  jla_mock 0.179690 39.84365560 0.15636245 39.69758150
  jla_mock 0.302400 40.84197904 0.19662226 40.97533531
  jla_mock 0.109240 38.95142543 0.14870399 38.52045254
  jla_mock 0.085220 37.81047791 0.15002378 37.94613260
  jla_mock 0.202310 40.06698945 0.16131988 39.98407520
  jla_mock 0.126490 38.80143091 0.15584855 38.86330421
  jla_mock 0.214570 40.39235808 0.16812914 40.12719938
  jla_mock 0.320450 41.49179174 0.19168742 41.12098946
  jla_mock 0.218350 40.15757389 0.17273249 40.16982749
  jla_mock 0.190100 39.88090246 0.15982384 39.83333671
  jla_mock 0.092430 38.16089109 0.15614025 38.13314496
  jla_mock 0.379860 41.25772782 0.18489314 41.55221512
  jla_mock 0.211340 40.06027526 0.16607978 40.09025788
  jla_mock 0.258330 40.50414733 0.18011571 40.58307398
  jla_mock 0.183270 39.61690488 0.16855779 39.74508085
  jla_mock 0.212950 40.08413207 0.17784935 40.10872765
  jla_mock 0.116510 38.46025100 0.15544019 38.67073894
  jla_mock 0.144010 39.32068266 0.17185674 39.16925979
  jla_mock 0.252490 40.62323275 0.18599877 40.52655674
  jla_mock 0.255390 40.71826249 0.21319916 40.55476898
  jla_mock 0.216980 40.16767879 0.18860575 40.15444284
  jla_mock 1.265901 44.97902716 0.22380442 44.73339482
  jla_mock 0.935774 43.72560482 0.22958872 43.92192950
  jla_mock 0.049519 36.70227267 0.20228994 36.71280616
  jla_mock 0.030325 35.55865557 0.18207848 35.61748904
  jla_mock 0.074579 37.63489014 0.21872943 37.64057293
  jla_mock 0.025198 34.92310177 0.22034080 35.20703466
  jla_mock 0.014411 33.78754571 0.20528439 33.97602642
  jla_mock 0.020792 34.97032137 0.19750056 34.78251346
  jla_mock 0.035218 35.90022708 0.20378488 35.95015367
  jla_mock 0.041657 36.08188372 0.21523275 36.32500636
  jla_mock 0.042400 36.61676656 0.20618664 36.36457805
  jla_mock 0.018902 34.45397430 0.18361956 34.57249571
  jla_mock 0.078840 37.94484163 0.21534076 37.76761163
  jla_mock 0.063345 37.22360478 0.20758765 37.26894201
  jla_mock 0.027637 35.11481477 0.23141589 35.41160437
  jla_mock 0.049325 36.58697716 0.21068097 36.70399385
  jla_mock 0.070153 37.46389997 0.22041411 37.50101519
  jla_mock 0.023909 34.88728165 0.18367797 35.09091280
  jla_mock 0.053126 36.58751900 0.22335947 36.87112602
  jla_mock 0.024951 35.13920449 0.18978288 35.18524706
  jla_mock 0.015664 34.41081000 0.20165316 34.15913749
  jla_mock 0.048984 36.38675790 0.15985830 36.68838319
  jla_mock 0.022399 34.90080357 0.18927946 34.94678642
  jla_mock 0.034854 35.59471418 0.23666209 35.92701185
  jla_mock 0.016966 34.33695247 0.20291443 34.33465426
  jla_mock 0.030721 35.51315008 0.18171781 35.64631554
  jla_mock 0.030482 35.97300162 0.18203752 35.62895207
  jla_mock 0.010550 33.67896716 0.21945028 33.29242555
  jla_mock 0.014256 33.93191219 0.17170736 33.95228688
  jla_mock 0.027688 35.45522508 0.18124529 35.41570554
  jla_mock 0.053860 37.01228240 0.15903793 36.90204718
  jla_mock 0.017672 34.53088358 0.19251135 34.42434462
  jla_mock 0.017450 34.30193527 0.17037052 34.39653765
  jla_mock 0.015573 34.01247449 0.20219934 34.14633892
  jla_mock 0.010060 33.27591929 0.23112569 33.18835300
  jla_mock 0.054931 36.79851788 0.18431298 36.94646971
  jla_mock 0.039083 36.21297724 0.16317419 36.18242517
  jla_mock 0.078317 37.58755369 0.18391968 37.75237713
  jla_mock 0.031764 35.82276884 0.15356487 35.72047232
  jla_mock 0.014440 33.88509878 0.22581465 33.98045207
  jla_mock 0.013533 33.87758453 0.22079334 33.83807432
  jla_mock 0.026677 35.59080411 0.19349962 35.33327560
  jla_mock 0.023360 34.76865259 0.17880596 35.03957081
  jla_mock 0.036934 35.92557080 0.19001518 36.05621163
  jla_mock 0.023552 34.95730176 0.17819828 35.05766335
  jla_mock 0.017483 34.36285626 0.19211831 34.40068652
  jla_mock 0.040259 36.46410764 0.17447686 36.24867377
  jla_mock 0.030381 35.50006524 0.20408145 35.62160056
  jla_mock 0.015504 34.25805664 0.20027602 34.13657987
  jla_mock 0.014151 34.20032573 0.18788306 33.93607877
  jla_mock 0.015487 34.07488491 0.18431337 34.13416441
  jla_mock 0.015554 33.83328918 0.19852180 34.14366669
  jla_mock 0.037075 36.15281782 0.15485493 36.06470086
  jla_mock 0.015482 33.94622266 0.20249750 34.13345398
  jla_mock 0.013324 33.90557112 0.18643777 33.80395138
  jla_mock 0.014575 34.05556683 0.20791179 34.00087415
  jla_mock 0.015791 34.11357598 0.19846605 34.17687376
  jla_mock 0.024746 35.13870774 0.17954713 35.16700463
  jla_mock 0.027748 35.36595461 0.17503344 35.42049126
  jla_mock 0.010888 33.76933013 0.25477943 33.36146467
  jla_mock 0.013652 33.94792854 0.18670962 33.85728145
  jla_mock 0.035755 36.23207007 0.16295663 35.98387241
  jla_mock 0.024725 35.15804538 0.17710562 35.16513384
  jla_mock 0.038086 36.09222803 0.17051564 36.12473959
  jla_mock 0.021541 34.78539865 0.17711857 34.86057539
  jla_mock 0.019581 34.67402676 0.17898631 34.65021869
  jla_mock 0.030416 35.85474112 0.17571774 35.62415506
  jla_mock 0.039219 36.03704843 0.17021381 36.19018670
  jla_mock 0.034971 35.90022586 0.15987848 35.93447048
  jla_mock 0.028561 35.26738243 0.17650121 35.48452539
  jla_mock 0.020997 34.78563716 0.18822756 34.80415669
  jla_mock 0.032538 35.89082006 0.18232286 35.77398812
  jla_mock 0.015469 34.09662733 0.19318910 34.13160686
  jla_mock 0.015678 34.13642577 0.20747940 34.16110650
  jla_mock 0.027499 35.27618167 0.15598630 35.40050708
  jla_mock 0.046856 36.91692787 0.17134850 36.58861440
  jla_mock 0.033173 35.89601316 0.18295753 35.81697485
  jla_mock 0.010291 33.26153812 0.23549671 33.23804434
  jla_mock 0.080103 38.13373321 0.17116407 37.80403266
  jla_mock 0.012317 33.52760273 0.20020781 33.63161728
  jla_mock 0.024586 34.80243726 0.20631378 35.15263854
  jla_mock 0.014467 33.73162061 0.20827809 33.98455982
  jla_mock 0.015154 33.85205529 0.18399751 34.08641343
  jla_mock 0.029086 35.58618492 0.17337203 35.52490626
  jla_mock 0.034781 35.98490334 0.17928903 35.92235817
  jla_mock 0.044920 36.85013125 0.14070569 36.49393274
  jla_mock 0.034074 35.66378245 0.16958177 35.87663125
  jla_mock 0.074870 37.58483408 0.14386215 37.64944416
  jla_mock 0.014960 34.08970525 0.19782876 34.05811963
  jla_mock 0.020396 34.77495513 0.17103812 34.74010316
  jla_mock 0.040689 36.17327938 0.17468105 36.27242415
  jla_mock 0.026567 35.47758724 0.18033141 35.32414661
  jla_mock 0.026881 35.49165938 0.15330990 35.35016459
  jla_mock 0.023471 35.21880135 0.17597781 35.05006822
  jla_mock 0.069122 37.47936206 0.19117659 37.46727605
  jla_mock 0.065193 37.32010100 0.15879632 37.33422599
  jla_mock 0.022980 35.05910181 0.17790505 35.00335686
  jla_mock 0.017387 34.52515749 0.19829162 34.38858733
  jla_mock 0.031485 35.83928608 0.15108749 35.70086126
  jla_mock 0.011184 33.23538295 0.19447979 33.42021831
  jla_mock 0.021956 34.99673354 0.17567209 34.90268683
  jla_mock 0.031484 35.77049428 0.15080691 35.70079074
  jla_mock 0.023321 34.74267807 0.20285194 35.03588253
  jla_mock 0.020390 34.72915473 0.18300723 34.73945563
  jla_mock 0.022466 34.76142576 0.18140785 34.95338527
  jla_mock 0.033614 36.01386002 0.18044129 35.84636611
  jla_mock 0.036969 36.01327380 0.17916902 36.05833330
  jla_mock 0.022629 34.83173905 0.18007478 34.96934484
  jla_mock 0.014700 34.08403105 0.18462322 34.01961653
  jla_mock 0.036950 36.13859993 0.14876338 36.05718154
  jla_mock 0.060959 37.09789134 0.12531329 37.18188951
  jla_mock 0.059289 37.12378380 0.12135718 37.11900351
  jla_mock 0.069751 37.40534637 0.15873536 37.48790180
  jla_mock 0.029526 35.61482079 0.17470465 35.55822372
  jla_mock 0.033255 35.90612367 0.17565362 35.82247246
  jla_mock 0.024159 35.38509565 0.18124182 35.11390716
  jla_mock 0.015999 34.25314681 0.19155982 34.20564281
  jla_mock 0.062961 37.05614852 0.16530929 37.25513610
  jla_mock 0.021706 35.15751373 0.19186355 34.87741406
  jla_mock 0.031638 35.54778449 0.18943844 35.71164977
  jla_mock 0.018599 34.22533515 0.17304818 34.53688453
  jla_mock 0.027064 35.20893371 0.17332763 35.36518151
  jla_mock 0.025468 35.15803391 0.18469991 35.23061897
  jla_mock 0.023810 35.23339507 0.19336693 35.08173832
  jla_mock 0.023867 34.92532718 0.18298494 35.08702060
  jla_mock 0.022068 34.80204339 0.16678206 34.91394410
