snls3_mock 0.010290 32.95932494 0.23920217 33.23783265
snls3_mock 0.010060 33.45579379 0.20384626 33.18835300
snls3_mock 0.010550 33.31672323 0.22476728 33.29242555
snls3_mock 0.011130 33.26693647 0.26005171 33.40960378
snls3_mock 0.010900 33.36141562 0.24834006 33.36387815
snls3_mock 0.012310 33.23005947 0.26901721 33.63037207
snls3_mock 0.013340 33.60862195 0.16314193 33.80657409
snls3_mock 0.014260 33.89484197 0.17183208 33.95290358
snls3_mock 0.014570 34.31944041 0.20011408 34.00011885
snls3_mock 0.014430 34.15179285 0.25334315 33.97892598
snls3_mock 0.013660 33.86651729 0.17741252 33.85856629
snls3_mock 0.014700 33.91985723 0.15530973 34.01961653
snls3_mock 0.013540 34.09472298 0.20162317 33.83921010
snls3_mock 0.015570 34.18209584 0.18325630 34.14591699
snls3_mock 0.013800 33.85381292 0.16703509 33.88093942
snls3_mock 0.014150 34.01628795 0.18442228 33.93592302
snls3_mock 0.015150 34.20145551 0.21612794 34.08583337
snls3_mock 0.014460 33.88510512 0.21171377 33.98350241
snls3_mock 0.015780 34.09974490 0.18118750 34.17534238
snls3_mock 0.014970 33.64599124 0.20314001 34.05958466
snls3_mock 0.014710 34.20749972 0.18150631 34.02111177
snls3_mock 0.015550 34.22935788 0.16485198 34.14310412
snls3_mock 0.015490 34.15798383 0.20238357 34.13459066
snls3_mock 0.015500 34.44634286 0.20457910 34.13601152
snls3_mock 0.015480 33.91830606 0.17085201 34.13316980
snls3_mock 0.015640 34.20390390 0.22451657 34.15576204
snls3_mock 0.015500 34.45057514 0.19282568 34.13601152
snls3_mock 0.016010 34.35132885 0.16649978 34.20715865
snls3_mock 0.016970 34.84353280 0.18602115 34.33517276
snls3_mock 0.017370 34.58618475 0.18117344 34.38642814
snls3_mock 0.017060 34.67823580 0.30605378 34.34683185
snls3_mock 0.017500 34.41772971 0.16725491 34.40282381
snls3_mock 0.017450 34.18662686 0.26025342 34.39653765
snls3_mock 0.017680 34.45892976 0.21390273 34.42534021
snls3_mock 0.018580 34.34675556 0.16737250 34.53463739
snls3_mock 0.018920 34.40251755 0.16544844 34.57458925
snls3_mock 0.019580 34.70113158 0.14662653 34.65010629
snls3_mock 0.020370 34.60635754 0.16184429 34.73729719
snls3_mock 0.020980 35.09294063 0.17032875 34.80237713
snls3_mock 0.020800 34.67940789 0.15127662 34.78335946
snls3_mock 0.020410 34.52099711 0.22750958 34.74161407
snls3_mock 0.021680 34.79644082 0.17828875 34.87477408
snls3_mock 0.021570 35.00843709 0.18117698 34.86355005
snls3_mock 0.022050 34.98818338 0.17898441 34.91213490
snls3_mock 0.021950 34.78903421 0.15290841 34.90208376
snls3_mock 0.022480 34.99712586 0.16527066 34.95476414
snls3_mock 0.023300 35.01118812 0.21345143 35.03389653
snls3_mock 0.022980 35.18657935 0.15813813 35.00335686
snls3_mock 0.022420 35.11001357 0.43454416 34.94885472
snls3_mock 0.023030 35.08110356 0.21702095 35.00815712
snls3_mock 0.024580 35.16184686 0.21545301 35.15209918
snls3_mock 0.023450 35.33701559 0.20653766 35.04808222
snls3_mock 0.024930 35.26487753 0.23748359 35.18337832
snls3_mock 0.023550 34.95047383 0.15452825 35.05747612
snls3_mock 0.023790 35.13102891 0.14682682 35.07988489
snls3_mock 0.023350 35.06425040 0.15594283 35.03862509
snls3_mock 0.023890 35.32631629 0.17369901 35.08915205
snls3_mock 0.024180 35.08532284 0.15547488 35.11583362
snls3_mock 0.023890 35.40302219 0.36860192 35.08915205
snls3_mock 0.024730 34.98032384 0.16553144 35.16558083
snls3_mock 0.024720 35.31442730 0.15293923 35.16468437
snls3_mock 0.025170 34.83307116 0.51157475 35.20456814
snls3_mock 0.026550 35.08910029 0.16298589 35.32272306
snls3_mock 0.027610 35.17867982 0.37743905 35.40943316
snls3_mock 0.025490 35.16725850 0.17871178 35.23253741
snls3_mock 0.026870 35.62957958 0.18686325 35.34926194
snls3_mock 0.027410 35.23898734 0.20410627 35.39334586
snls3_mock 0.026700 35.55322284 0.17720408 35.33518217
snls3_mock 0.027070 35.34156320 0.14135313 35.36567387
snls3_mock 0.027670 35.60291440 0.16398970 35.41425807
snls3_mock 0.027740 35.48804311 0.16225821 35.41985442
snls3_mock 0.028560 35.63079490 0.17228207 35.48444738
snls3_mock 0.029100 35.73322731 0.15673579 35.52597655
snls3_mock 0.030350 35.49231045 0.16380741 35.61932454
snls3_mock 0.030710 35.99699249 0.15851868 35.64552357
snls3_mock 0.029510 35.30582073 0.15166662 35.55702502
snls3_mock 0.030410 35.52653431 0.19027251 35.62371897
snls3_mock 0.030320 35.39598749 0.15463953 35.61712194
snls3_mock 0.030520 35.74369211 0.18282552 35.63171399
snls3_mock 0.031470 35.59644106 0.13686011 35.69980356
snls3_mock 0.032510 35.99018897 0.19748332 35.77207264
snls3_mock 0.031620 35.64922369 0.14847331 35.71038053
snls3_mock 0.031760 35.81936473 0.14177950 35.72019310
snls3_mock 0.033230 36.02733732 0.15284066 35.82079636
snls3_mock 0.031470 35.69947273 0.19674883 35.69980356
snls3_mock 0.033150 35.70673295 0.22198148 35.81543283
snls3_mock 0.034110 35.60250139 0.14092676 35.87897293
snls3_mock 0.035000 35.84248904 0.21200220 35.93631920
snls3_mock 0.033650 35.90006284 0.15258427 35.84875548
snls3_mock 0.034810 35.68628055 0.19084549 35.92420689
snls3_mock 0.035730 35.83519903 0.37685609 35.98231047
snls3_mock 0.035010 36.15440988 0.20112672 35.93695669
snls3_mock 0.034890 36.03860678 0.16527581 35.92930681
snls3_mock 0.036930 35.99218416 0.15708169 36.05596915
snls3_mock 0.037010 35.90890534 0.17210206 36.06080005
snls3_mock 0.037110 36.24333275 0.14665277 36.06680130
snls3_mock 0.039050 36.01461663 0.17768584 36.18054185
snls3_mock 0.038120 35.91745392 0.14840121 36.12673937
snls3_mock 0.039220 36.27681679 0.15162456 36.19024377
snls3_mock 0.040260 36.35864455 0.15704280 36.24872915
snls3_mock 0.040720 36.29626020 0.17939622 36.27412366
snls3_mock 0.042430 36.50258070 0.19424240 36.36615804
snls3_mock 0.041860 36.31048128 0.19214328 36.33591104
snls3_mock 0.046740 36.67696070 0.16015719 36.58303180
snls3_mock 0.044970 36.70575181 0.15024364 36.49643734
snls3_mock 0.049280 36.51059969 0.18479709 36.70193379
snls3_mock 0.049040 36.81826231 0.15722209 36.69094682
snls3_mock 0.049530 36.60599879 0.17006649 36.71330473
snls3_mock 0.053090 36.75454833 0.19291604 36.86960444
snls3_mock 0.054920 36.86806434 0.17801144 36.94601847
snls3_mock 0.053670 36.97719918 0.16119291 36.89409626
snls3_mock 0.059420 37.20150993 0.18720764 37.12401579
snls3_mock 0.058480 37.21291003 0.15375254 37.08791438
snls3_mock 0.063000 37.17042940 0.14293035 37.25654200
snls3_mock 0.063370 37.44874424 0.18635176 37.26983433
snls3_mock 0.065130 37.13650083 0.16386201 37.33202147
snls3_mock 0.062970 37.18595259 0.17902962 37.25546054
snls3_mock 0.065000 37.23792358 0.16438164 37.32747247
snls3_mock 0.067000 37.30581438 0.14061609 37.39633452
snls3_mock 0.069050 37.26566321 0.16924466 37.46490190
snls3_mock 0.070090 37.36673017 0.19489706 37.49897010
snls3_mock 0.067930 37.64489291 0.39059439 37.42770742
snls3_mock 0.074610 37.78559198 0.28187283 37.64152218
snls3_mock 0.075290 37.62094542 0.18014702 37.66224120
snls3_mock 0.078230 37.79913320 0.19221820 37.74982879
snls3_mock 0.078880 37.76305452 0.18175505 37.76877180
snls3_mock 0.080100 37.57735961 0.14392430 37.80394650
snls3_mock 0.087000 38.03340032 0.14938692 37.99366480
snls3_mock 0.087000 37.95066324 0.13635232 37.99366480
snls3_mock 0.090000 38.05246027 0.24088626 38.07171251
snls3_mock 0.095000 38.13596872 0.13971295 38.19646533
snls3_mock 0.104000 38.26273362 0.15595667 38.40613705
snls3_mock 0.108000 38.72743778 0.25649253 38.49386896
snls3_mock 0.110000 38.28468284 0.13840359 38.53657584
snls3_mock 0.116000 38.84169560 0.13300235 38.66048693
snls3_mock 0.117000 38.77988871 0.11740097 38.68054086
snls3_mock 0.118000 38.63891965 0.15140133 38.70044089
snls3_mock 0.119000 38.86790886 0.14727189 38.72019055
snls3_mock 0.121000 38.61511107 0.11606283 38.75922348
snls3_mock 0.124000 38.88337615 0.14436485 38.81662777
snls3_mock 0.124200 38.66268384 0.10595926 38.82040247
snls3_mock 0.125000 38.95266133 0.12068915 38.83549487
snls3_mock 0.127000 38.98402523 0.13908735 38.87274514
snls3_mock 0.128000 38.81602414 0.14566203 38.89118024
snls3_mock 0.130000 38.84057491 0.14741264 38.92765187
snls3_mock 0.130000 39.04947230 0.15310319 38.92765187
snls3_mock 0.143000 39.03046999 0.12880219 39.15260836
snls3_mock 0.143000 39.00082528 0.14496455 39.15260836
snls3_mock 0.145000 39.17827184 0.15479183 39.18548472
snls3_mock 0.146000 38.89637978 0.13290237 39.20179532
snls3_mock 0.147000 39.27695899 0.14799004 39.21796741
snls3_mock 0.147000 39.34045197 0.14535989 39.21796741
snls3_mock 0.148000 39.22256385 0.13574187 39.23404635
snls3_mock 0.153000 39.44191013 0.13063893 39.31297867
snls3_mock 0.156000 39.27890339 0.15040623 39.35919066
snls3_mock 0.162000 39.27765561 0.17237689 39.44920226
snls3_mock 0.165000 39.44905720 0.14916223 39.49305252
snls3_mock 0.169200 39.50111287 0.11034287 39.55318400
snls3_mock 0.172000 39.64318846 0.14341292 39.59254228
snls3_mock 0.174000 39.29083050 0.13635369 39.62027325
snls3_mock 0.175000 39.64398705 0.14252204 39.63401090
snls3_mock 0.179000 39.75000593 0.17514909 39.68832881
snls3_mock 0.181000 39.71672306 0.16815605 39.71506878
snls3_mock 0.181000 39.74234063 0.22831774 39.71506878
snls3_mock 0.183000 39.70213831 0.16136064 39.74153659
snls3_mock 0.184000 39.70519980 0.10809580 39.75464118
snls3_mock 0.184000 39.67376156 0.21110328 39.75464118
snls3_mock 0.185000 39.94319806 0.18331553 39.76773310
snls3_mock 0.187000 39.93701622 0.13688415 39.79366233
snls3_mock 0.190000 40.08922510 0.14108597 39.83206407
snls3_mock 0.191000 39.70377377 0.16943194 39.84476395
snls3_mock 0.193000 39.79380262 0.19793824 39.86994624
snls3_mock 0.198000 39.97112672 0.15252907 39.93184795
snls3_mock 0.202000 40.12006648 0.14449059 39.98034943
snls3_mock 0.204000 40.00827389 0.15487399 40.00426880
snls3_mock 0.206000 39.99673056 0.17748128 40.02797325
snls3_mock 0.211000 40.10048415 0.11111186 40.08632431
snls3_mock 0.212000 40.05866425 0.14599357 40.09784092
snls3_mock 0.213000 40.06818765 0.13453669 40.10930064
snls3_mock 0.214000 40.30056685 0.17440158 40.12072921
snls3_mock 0.217000 40.01370030 0.19424163 40.15466772
snls3_mock 0.218000 40.32098622 0.17540877 40.16591141
snls3_mock 0.219000 39.98015458 0.10821119 40.17706670
snls3_mock 0.219000 40.17334073 0.15207071 40.17706670
snls3_mock 0.220000 39.91142344 0.13559280 40.18820395
snls3_mock 0.230000 40.24588776 0.15512128 40.29699568
snls3_mock 0.244000 40.38535227 0.18615430 40.44219351
snls3_mock 0.245000 40.61602540 0.16782692 40.45226332
snls3_mock 0.246000 40.41511503 0.10986081 40.46229537
snls3_mock 0.250000 40.56994886 0.16445530 40.50208483
snls3_mock 0.250100 40.50054669 0.11842472 40.50306917
snls3_mock 0.251000 40.62342329 0.16422605 40.51192825
snls3_mock 0.252000 40.74930699 0.24223535 40.52177167
snls3_mock 0.253000 40.22891156 0.13249985 40.53152947
snls3_mock 0.254000 40.63204839 0.17857196 40.54127994
snls3_mock 0.257000 40.31750767 0.19743749 40.57031899
snls3_mock 0.258000 39.88600760 0.22687493 40.57991680
snls3_mock 0.259000 40.98402503 0.18498776 40.58948400
snls3_mock 0.259000 40.53014034 0.17793777 40.58948400
snls3_mock 0.259000 40.77595046 0.18367448 40.58948400
snls3_mock 0.262000 40.90262744 0.17993956 40.61800542
snls3_mock 0.262000 40.49533191 0.19111752 40.61800542
snls3_mock 0.263000 40.88469152 0.13684740 40.62745563
snls3_mock 0.263100 40.83890514 0.15003219 40.62839437
snls3_mock 0.265000 40.67109851 0.22354991 40.64623048
snls3_mock 0.265000 40.60421537 0.18232571 40.64623048
snls3_mock 0.267000 40.76399312 0.15370487 40.66486594
snls3_mock 0.268000 40.82378784 0.10848968 40.67416477
snls3_mock 0.270000 40.64762442 0.13348960 40.69260269
snls3_mock 0.272000 41.00668184 0.18523537 40.71093455
snls3_mock 0.280000 40.82964534 0.16481291 40.78305871
snls3_mock 0.282100 40.85905242 0.10294045 40.80168210
snls3_mock 0.284700 40.66588082 0.13802656 40.82454554
snls3_mock 0.288000 41.07440567 0.18769853 40.85331175
snls3_mock 0.290000 40.84911648 0.18159399 40.87057307
snls3_mock 0.291200 40.76030800 0.14823080 40.88091664
snls3_mock 0.294000 40.69741564 0.19379755 40.90482870
snls3_mock 0.300000 40.97001122 0.25744925 40.95538496
snls3_mock 0.302700 40.91977396 0.10218734 40.97782499
snls3_mock 0.303000 40.83496265 0.49686128 40.98031467
snls3_mock 0.310000 40.92868023 0.25290788 41.03763277
snls3_mock 0.311000 41.31894705 0.19575173 41.04569900
snls3_mock 0.311000 41.12099046 0.16126454 41.04569900
snls3_mock 0.314000 40.88690186 0.20058023 41.06982741
snls3_mock 0.322000 41.10746513 0.16571026 41.13314151
snls3_mock 0.323000 41.01387746 0.11129266 41.14097562
snls3_mock 0.328000 41.08890261 0.17435068 41.17967896
snls3_mock 0.332000 41.14122943 0.12690351 41.21027953
snls3_mock 0.337300 41.31239584 0.10371857 41.25030706
snls3_mock 0.340000 41.56956228 0.19783968 41.27049470
snls3_mock 0.340200 41.31464446 0.10076612 41.27197730
snls3_mock 0.347000 41.16306150 0.11551124 41.32209850
snls3_mock 0.348000 41.25678370 0.11991751 41.32937312
snls3_mock 0.348000 41.35242513 0.12335716 41.32937312
snls3_mock 0.350000 41.67566883 0.22162618 41.34390721
snls3_mock 0.350000 41.35025989 0.13407116 41.34390721
snls3_mock 0.353700 41.39680746 0.10510472 41.37058998
snls3_mock 0.355300 41.48253065 0.12193096 41.38204261
snls3_mock 0.357000 41.32995744 0.12835972 41.39416423
snls3_mock 0.357800 41.44044651 0.10207417 41.39986852
snls3_mock 0.368800 41.54317093 0.09558481 41.47688566
snls3_mock 0.369000 41.41978438 0.12744881 41.47827167
snls3_mock 0.370000 41.70700797 0.11790660 41.48515454
snls3_mock 0.370900 41.56419626 0.13591886 41.49133260
snls3_mock 0.372000 41.42090250 0.10096851 41.49888357
snls3_mock 0.373000 41.57669040 0.09551722 41.50574808
snls3_mock 0.375000 41.50426228 0.12894224 41.51935442
snls3_mock 0.381000 41.58648159 0.18009751 41.55988635
snls3_mock 0.393000 41.51440229 0.33712028 41.63916007
snls3_mock 0.395000 41.90273888 0.19414103 41.65212758
snls3_mock 0.402000 41.82430271 0.11506559 41.69714587
snls3_mock 0.404000 41.59265088 0.10314789 41.70986877
snls3_mock 0.406700 41.59469908 0.10755704 41.72695537
snls3_mock 0.411000 41.80467401 0.11090561 41.75395596
snls3_mock 0.415000 41.63411052 0.12460252 41.77884264
snls3_mock 0.417000 41.92472724 0.10804618 41.79120694
snls3_mock 0.419000 41.92194881 0.11565516 41.80351024
snls3_mock 0.424000 41.80500368 0.12149776 41.83402850
snls3_mock 0.427000 41.90316061 0.12851890 41.85220582
snls3_mock 0.435500 41.81436985 0.17147233 41.90302032
snls3_mock 0.437000 41.93409976 0.11642513 41.91186557
snls3_mock 0.442000 41.82379071 0.14750457 41.94122888
snls3_mock 0.442200 41.80643522 0.11846179 41.94239648
snls3_mock 0.449000 42.00556049 0.15766728 41.98185363
snls3_mock 0.450000 41.87410651 0.17036262 41.98759584
snls3_mock 0.451000 41.89202673 0.13632784 41.99332325
snls3_mock 0.460700 42.00543950 0.15633692 42.04839837
snls3_mock 0.461000 41.98793844 0.11201625 42.05008401
snls3_mock 0.468000 42.10676419 0.17877245 42.08916909
snls3_mock 0.470000 42.24025223 0.17411618 42.10020415
snls3_mock 0.470000 42.05571628 0.12825267 42.10020415
snls3_mock 0.470000 42.13336847 0.20464142 42.10020415
snls3_mock 0.472000 42.19044569 0.14943289 42.11122852
snls3_mock 0.474000 42.36276322 0.10698524 42.12220333
snls3_mock 0.479000 42.16125242 0.13005081 42.14944731
snls3_mock 0.480000 41.95973105 0.12690658 42.15485477
snls3_mock 0.490000 41.97497135 0.12916987 42.20845799
snls3_mock 0.496000 42.15569304 0.15236093 42.24013322
snls3_mock 0.499000 42.11447284 0.12822780 42.25585002
snls3_mock 0.499000 42.17793480 0.15494612 42.25585002
snls3_mock 0.504300 42.34252892 0.13151147 42.28337813
snls3_mock 0.509000 42.49593718 0.13407963 42.30757607
snls3_mock 0.510000 42.28064796 0.18633848 42.31268052
snls3_mock 0.513000 42.30610734 0.15779734 42.32799388
snls3_mock 0.515000 42.56926263 0.14384028 42.33814251
snls3_mock 0.515000 42.15742300 0.22729787 42.33814251
snls3_mock 0.516000 42.45512674 0.14508384 42.34319803
snls3_mock 0.519000 42.58161172 0.22652256 42.35836460
snls3_mock 0.521600 42.18571220 0.17515686 42.37138762
snls3_mock 0.531000 42.33632857 0.15538970 42.41808926
snls3_mock 0.532000 42.11957001 0.17889168 42.42300063
snls3_mock 0.534400 42.57240267 0.13368129 42.43478791
snls3_mock 0.536000 42.60744073 0.18049049 42.44261867
snls3_mock 0.537000 42.33268125 0.19414283 42.44748285
snls3_mock 0.550000 42.43171562 0.18244939 42.51013662
snls3_mock 0.551600 42.56383285 0.15017462 42.51777032
snls3_mock 0.552000 42.48919114 0.17964122 42.51967874
snls3_mock 0.552000 42.39775119 0.17024212 42.51967874
snls3_mock 0.559000 42.56861784 0.15883372 42.55271989
snls3_mock 0.560000 42.46133875 0.14783726 42.55739948
snls3_mock 0.560000 42.69604022 0.17213347 42.55739948
snls3_mock 0.563500 42.53666153 0.14599607 42.57377808
snls3_mock 0.566000 42.39176507 0.17642243 42.58537644
snls3_mock 0.571000 43.66483307 1.22176241 42.60848702
snls3_mock 0.574000 42.55161704 0.16955510 42.62225632
snls3_mock 0.575500 43.07669185 0.16757362 42.62914097
snls3_mock 0.579400 42.56483013 0.12961591 42.64686939
snls3_mock 0.580000 42.61139465 0.19602520 42.64959666
snls3_mock 0.580000 42.78000169 0.16835534 42.64959666
snls3_mock 0.580000 42.56705810 0.14322518 42.64959666
snls3_mock 0.581700 42.87981004 0.16479962 42.65731495
snls3_mock 0.584200 42.57771560 0.14982868 42.66856879
snls3_mock 0.584500 42.82995603 0.15149519 42.66991925
snls3_mock 0.585000 42.78264308 0.17574502 42.67217001
snls3_mock 0.585000 42.59123653 0.17179934 42.67217001
snls3_mock 0.587000 42.65734400 0.18465287 42.68117308
snls3_mock 0.589000 42.58134716 0.16313687 42.69011205
snls3_mock 0.590000 42.76025655 0.16684776 42.69457006
snls3_mock 0.590000 42.56808124 0.18291614 42.69457006
snls3_mock 0.592000 42.60852595 0.19454112 42.70348608
snls3_mock 0.600000 42.70979200 0.23376541 42.73886554
snls3_mock 0.605000 42.83964636 0.16160530 42.76072614
snls3_mock 0.607500 42.89702631 0.26912581 42.77159289
snls3_mock 0.610000 42.66571377 0.17783273 42.78241726
snls3_mock 0.610000 42.73020651 0.18566040 42.78241726
snls3_mock 0.612000 42.63426115 0.16670194 42.79107675
snls3_mock 0.613000 42.71728176 0.21828024 42.79537652
snls3_mock 0.616500 42.88664167 0.22870373 42.81038367
snls3_mock 0.620000 42.92435266 0.23339632 42.82533410
snls3_mock 0.620000 43.04173247 0.28483843 42.82533410
snls3_mock 0.626800 43.05644218 0.17427534 42.85413582
snls3_mock 0.629000 42.95282373 0.20433020 42.86338658
snls3_mock 0.630000 43.11473562 0.37283418 42.86759147
snls3_mock 0.632000 42.83464209 0.19635581 42.87598235
snls3_mock 0.634000 43.34080924 0.23482267 42.88431038
snls3_mock 0.639000 43.13737201 0.29564875 42.90509350
snls3_mock 0.639600 43.33647499 0.21992481 42.90756760
snls3_mock 0.640000 42.78903635 0.37217304 42.90921700
snls3_mock 0.643000 43.00071831 0.20439914 42.92158749
snls3_mock 0.643000 43.11589602 0.22683752 42.92158749
snls3_mock 0.647300 43.01557144 0.19468174 42.93921442
snls3_mock 0.647700 43.36009862 0.18149536 42.94084776
snls3_mock 0.663400 43.00120820 0.19644477 43.00427149
snls3_mock 0.663700 42.82514780 0.23437020 43.00547272
snls3_mock 0.670000 42.43487844 0.33627177 43.03050231
snls3_mock 0.679000 43.33959138 0.20563573 43.06590555
snls3_mock 0.680000 42.85784068 0.23323401 43.06979344
snls3_mock 0.683000 42.70259001 0.27039365 43.08145710
snls3_mock 0.687000 43.27043451 0.27796606 43.09696627
snls3_mock 0.690000 43.63085893 0.32312995 43.10851578
snls3_mock 0.690000 43.39384175 0.20045046 43.10851578
snls3_mock 0.695000 42.93425560 0.31342157 43.12768957
snls3_mock 0.698000 43.36995962 0.23248337 43.13912595
snls3_mock 0.699000 43.18153855 0.23158534 43.14293808
snls3_mock 0.700000 43.66602802 0.30020706 43.14675020
snls3_mock 0.700000 43.12499087 0.26139505 43.14675020
snls3_mock 0.700200 43.05686225 0.18169448 43.14751222
snls3_mock 0.701000 43.28754331 0.31251155 43.15053202
snls3_mock 0.701000 43.12278572 0.19850487 43.15053202
snls3_mock 0.702000 43.30606265 0.18696005 43.15430677
snls3_mock 0.702700 42.92985178 0.26603331 43.15694909
snls3_mock 0.715000 43.21510736 0.21340790 43.20309120
snls3_mock 0.718000 42.97026075 0.21934027 43.21419420
snls3_mock 0.720000 43.26151570 0.26762818 43.22159620
snls3_mock 0.721000 43.16454417 0.22413640 43.22529720
snls3_mock 0.722000 43.50662029 0.20771191 43.22899819
snls3_mock 0.725500 42.81521533 0.19574527 43.24183178
snls3_mock 0.727000 43.71799148 0.32048711 43.24732870
snls3_mock 0.732000 43.15392229 0.33173973 43.26556868
snls3_mock 0.732000 43.18460325 0.23680782 43.26556868
snls3_mock 0.733000 43.36848855 0.31632564 43.26919724
snls3_mock 0.734000 43.50175104 0.24711291 43.27282580
snls3_mock 0.735000 43.05632183 0.24660702 43.27645436
snls3_mock 0.736000 43.25345747 0.22348045 43.28008292
snls3_mock 0.737000 43.26567711 0.20944049 43.28371147
snls3_mock 0.740000 42.92456072 0.42233670 43.29449939
snls3_mock 0.742000 43.32616299 0.21460179 43.30168504
snls3_mock 0.744100 43.55868182 0.19116440 43.30922996
snls3_mock 0.745000 42.97079352 0.19427110 43.31246038
snls3_mock 0.750000 43.45495968 0.21522614 43.33024742
snls3_mock 0.751000 43.19439847 0.24346541 43.33380482
snls3_mock 0.756000 42.43796506 0.42815922 43.35147387
snls3_mock 0.757000 43.26916722 0.19157917 43.35499618
snls3_mock 0.760000 43.24132140 0.18313669 43.36556310
snls3_mock 0.760000 43.24712913 0.30435253 43.36556310
snls3_mock 0.763000 43.32430019 0.21474936 43.37604117
snls3_mock 0.763000 43.80345060 0.18233708 43.37604117
snls3_mock 0.766000 43.69846976 0.22249010 43.38650374
snls3_mock 0.767000 43.28319261 0.18781432 43.38999126
snls3_mock 0.767700 43.38895682 0.20861000 43.39243253
snls3_mock 0.769000 44.17197635 0.41071847 43.39694333
snls3_mock 0.770000 43.51136200 0.25853451 43.40039638
snls3_mock 0.775000 43.74316585 0.24439105 43.41766163
snls3_mock 0.778000 43.37744318 0.34402671 43.42796280
snls3_mock 0.790000 43.08349683 0.28661362 43.46879833
snls3_mock 0.791000 43.41551825 0.22962266 43.47218336
snls3_mock 0.798000 43.70321921 0.31157403 43.49569372
snls3_mock 0.800000 43.72346424 0.39432775 43.50239666
snls3_mock 0.800000 43.59848965 0.23557406 43.50239666
snls3_mock 0.805000 43.64800636 0.23012355 43.51901144
snls3_mock 0.805000 43.07415702 0.26177256 43.51901144
snls3_mock 0.808000 43.25346675 0.26497544 43.52896610
snls3_mock 0.810000 43.38940575 0.25546851 43.53557016
snls3_mock 0.810000 43.30816480 0.28015001 43.53557016
snls3_mock 0.811000 43.62110447 0.23089527 43.53885543
snls3_mock 0.813000 43.45466609 0.21986335 43.54542596
snls3_mock 0.817000 43.65160239 0.22285672 43.55856703
snls3_mock 0.820000 43.25283688 0.26334730 43.56833821
snls3_mock 0.821800 43.90453530 0.22437213 43.57419291
snls3_mock 0.830000 43.84039259 0.23310538 43.60073123
snls3_mock 0.830000 43.07987961 0.40187208 43.60073123
snls3_mock 0.836000 43.61919527 0.27217231 43.62000313
snls3_mock 0.839000 43.83507836 0.21163856 43.62956765
snls3_mock 0.839000 43.67315035 0.26050076 43.62956765
snls3_mock 0.840000 43.60204378 0.27209098 43.63275583
snls3_mock 0.842000 43.33955879 0.25564345 43.63913218
snls3_mock 0.842000 43.61825340 0.32195829 43.63913218
snls3_mock 0.850000 43.32868775 0.22105526 43.66441857
snls3_mock 0.850000 44.07738240 0.26063107 43.66441857
snls3_mock 0.850000 43.76426437 0.22716515 43.66441857
snls3_mock 0.855000 43.48819793 0.23972809 43.68010147
snls3_mock 0.860000 43.74019046 0.26273617 43.69572594
snls3_mock 0.860000 43.68434042 0.33563437 43.69572594
snls3_mock 0.860000 43.44825988 0.32682965 43.69572594
snls3_mock 0.865000 43.41383134 0.37583432 43.71121592
snls3_mock 0.866000 43.80894587 0.24931130 43.71430960
snls3_mock 0.866000 43.59068105 0.23953230 43.71430960
snls3_mock 0.868000 43.59242013 0.24788435 43.72049697
snls3_mock 0.870000 43.64997216 0.36745478 43.72667254
snls3_mock 0.880000 43.52595550 0.22424829 43.75725834
snls3_mock 0.890000 43.59132883 0.25259525 43.78751110
snls3_mock 0.891000 44.38512951 0.23703163 43.79051283
snls3_mock 0.899000 43.95171954 0.24832412 43.81446529
snls3_mock 0.901000 43.58425520 0.23871994 43.82040855
snls3_mock 0.910000 43.86167507 0.27142158 43.84704184
snls3_mock 0.915000 43.61729460 0.23671486 43.86175086
snls3_mock 0.920000 43.86560365 0.26881742 43.87633180
snls3_mock 0.920000 43.97199697 0.34623202 43.87633180
snls3_mock 0.924000 44.40861473 0.34870584 43.88798081
snls3_mock 0.927100 43.76025262 0.28586729 43.89695208
snls3_mock 0.930000 44.31814786 0.36364131 43.90531268
snls3_mock 0.930000 43.98838907 0.30111960 43.90531268
snls3_mock 0.934000 44.13213424 0.31281438 43.91684454
snls3_mock 0.935000 42.98872996 0.36672718 43.91972054
snls3_mock 0.936000 44.07249589 0.36443540 43.92257449
snls3_mock 0.936000 44.31016985 0.23420110 43.92257449
snls3_mock 0.949000 43.93347432 0.27996497 43.95954516
snls3_mock 0.950000 43.67697297 0.34816011 43.96237035
snls3_mock 0.950000 43.99289012 0.27016035 43.96237035
snls3_mock 0.960000 43.66575590 0.25489317 43.99045853
snls3_mock 0.960000 44.12215030 0.33123927 43.99045853
snls3_mock 0.961000 43.67154917 0.36039674 43.99325523
snls3_mock 0.970000 43.43526475 0.48288324 44.01826041
snls3_mock 0.975000 44.14383432 0.20698597 44.03207903
snls3_mock 0.981000 43.50164642 0.24801720 44.04852201
snls3_mock 0.983000 44.19220716 0.33915057 44.05400300
snls3_mock 0.985000 44.09317700 0.24995822 44.05946338
snls3_mock 0.998000 44.41790580 0.26579179 44.09463244
snls3_mock 1.000000 44.20992957 0.30025237 44.10000308
snls3_mock 1.002000 44.31862177 0.70115651 44.10537371
snls3_mock 1.010000 44.84321398 0.39405377 44.12671422
snls3_mock 1.020000 44.21390272 0.23182255 44.15316595
snls3_mock 1.020000 43.90391216 0.29426685 44.15316595
snls3_mock 1.031000 43.56039485 0.36591000 44.18196785
snls3_mock 1.060000 43.82433953 0.33911631 44.25648103
snls3_mock 1.120000 44.41945939 0.22754982 44.40438300
snls3_mock 1.140000 45.08705723 0.25630778 44.45194976
snls3_mock 1.230000 44.33731258 0.34037769 44.65610680
snls3_mock 1.265000 44.85993430 0.32075408 44.73148522
snls3_mock 1.300000 44.61437048 0.21736895 44.80481459
snls3_mock 1.340000 44.41748182 0.30959555 44.88618108
snls3_mock 1.390000 45.15470284 0.38184821 44.98448728
