snls3_mock 0.010290 33.16089964 0.23920217 33.23783265
snls3_mock 0.010060 33.02118135 0.20384626 33.18835300
snls3_mock 0.010550 33.25865773 0.22476728 33.29242555
snls3_mock 0.011130 33.13783744 0.26005171 33.40960378
snls3_mock 0.010900 33.49923835 0.24834006 33.36387815
snls3_mock 0.012310 33.56510673 0.26901721 33.63037207
snls3_mock 0.013340 33.87065892 0.16314193 33.80657409
snls3_mock 0.014260 33.96988477 0.17183208 33.95290358
snls3_mock 0.014570 34.27862093 0.20011408 34.00011885
snls3_mock 0.014430 34.36721579 0.25334315 33.97892598
snls3_mock 0.013660 33.85118944 0.17741252 33.85856629
snls3_mock 0.014700 33.83083907 0.15530973 34.01961653
snls3_mock 0.013540 33.90452765 0.20162317 33.83921010
snls3_mock 0.015570 33.69084595 0.18325630 34.14591699
snls3_mock 0.013800 34.20564370 0.16703509 33.88093942
snls3_mock 0.014150 34.21247758 0.18442228 33.93592302
snls3_mock 0.015150 34.03147901 0.21612794 34.08583337
snls3_mock 0.014460 33.95422357 0.21171377 33.98350241
snls3_mock 0.015780 34.26044437 0.18118750 34.17534238
snls3_mock 0.014970 33.99629061 0.20314001 34.05958466
snls3_mock 0.014710 34.30736778 0.18150631 34.02111177
snls3_mock 0.015550 34.12982608 0.16485198 34.14310412
snls3_mock 0.015490 34.38624995 0.20238357 34.13459066
snls3_mock 0.015500 34.40447098 0.20457910 34.13601152
snls3_mock 0.015480 34.42606634 0.17085201 34.13316980
snls3_mock 0.015640 34.20471664 0.22451657 34.15576204
snls3_mock 0.015500 34.12685646 0.19282568 34.13601152
snls3_mock 0.016010 34.10697002 0.16649978 34.20715865
snls3_mock 0.016970 34.28123015 0.18602115 34.33517276
snls3_mock 0.017370 34.27234391 0.18117344 34.38642814
snls3_mock 0.017060 33.93982750 0.30605378 34.34683185
snls3_mock 0.017500 34.07306637 0.16725491 34.40282381
snls3_mock 0.017450 34.07969479 0.26025342 34.39653765
snls3_mock 0.017680 34.10124505 0.21390273 34.42534021
snls3_mock 0.018580 34.48844781 0.16737250 34.53463739
snls3_mock 0.018920 34.35042575 0.16544844 34.57458925
snls3_mock 0.019580 34.63552096 0.14662653 34.65010629
snls3_mock 0.020370 34.72490357 0.16184429 34.73729719
snls3_mock 0.020980 34.92268707 0.17032875 34.80237713
snls3_mock 0.020800 34.86884513 0.15127662 34.78335946
snls3_mock 0.020410 34.72861577 0.22750958 34.74161407
snls3_mock 0.021680 34.85746229 0.17828875 34.87477408
snls3_mock 0.021570 34.95556698 0.18117698 34.86355005
snls3_mock 0.022050 34.98461852 0.17898441 34.91213490
snls3_mock 0.021950 34.81156046 0.15290841 34.90208376
snls3_mock 0.022480 35.00395093 0.16527066 34.95476414
snls3_mock 0.023300 35.25794511 0.21345143 35.03389653
snls3_mock 0.022980 35.03157726 0.15813813 35.00335686
snls3_mock 0.022420 34.92622745 0.43454416 34.94885472
snls3_mock 0.023030 35.08386512 0.21702095 35.00815712
snls3_mock 0.024580 35.09986091 0.21545301 35.15209918
snls3_mock 0.023450 34.68112906 0.20653766 35.04808222
snls3_mock 0.024930 35.41411721 0.23748359 35.18337832
snls3_mock 0.023550 34.96359719 0.15452825 35.05747612
snls3_mock 0.023790 35.14183737 0.14682682 35.07988489
snls3_mock 0.023350 34.84922615 0.15594283 35.03862509
snls3_mock 0.023890 35.12167475 0.17369901 35.08915205
snls3_mock 0.024180 35.17765806 0.15547488 35.11583362
snls3_mock 0.023890 35.18069571 0.36860192 35.08915205
snls3_mock 0.024730 35.13012539 0.16553144 35.16558083
snls3_mock 0.024720 35.09519655 0.15293923 35.16468437
snls3_mock 0.025170 34.46513230 0.51157475 35.20456814
snls3_mock 0.026550 35.22823118 0.16298589 35.32272306
snls3_mock 0.027610 34.90724002 0.37743905 35.40943316
snls3_mock 0.025490 35.35360239 0.17871178 35.23253741
snls3_mock 0.026870 35.70920263 0.18686325 35.34926194
snls3_mock 0.027410 35.46570746 0.20410627 35.39334586
snls3_mock 0.026700 35.39120972 0.17720408 35.33518217
snls3_mock 0.027070 35.49129650 0.14135313 35.36567387
snls3_mock 0.027670 35.32896995 0.16398970 35.41425807
snls3_mock 0.027740 35.31910424 0.16225821 35.41985442
snls3_mock 0.028560 35.74684852 0.17228207 35.48444738
snls3_mock 0.029100 35.73897674 0.15673579 35.52597655
snls3_mock 0.030350 36.10446563 0.16380741 35.61932454
snls3_mock 0.030710 35.67369235 0.15851868 35.64552357
snls3_mock 0.029510 35.69700318 0.15166662 35.55702502
snls3_mock 0.030410 35.69733375 0.19027251 35.62371897
snls3_mock 0.030320 35.70511633 0.15463953 35.61712194
snls3_mock 0.030520 35.49268844 0.18282552 35.63171399
snls3_mock 0.031470 35.72405942 0.13686011 35.69980356
snls3_mock 0.032510 35.56861908 0.19748332 35.77207264
snls3_mock 0.031620 35.64043800 0.14847331 35.71038053
snls3_mock 0.031760 35.75114411 0.14177950 35.72019310
snls3_mock 0.033230 35.86388142 0.15284066 35.82079636
snls3_mock 0.031470 35.76243331 0.19674883 35.69980356
snls3_mock 0.033150 35.63628767 0.22198148 35.81543283
snls3_mock 0.034110 36.03302927 0.14092676 35.87897293
snls3_mock 0.035000 36.00274819 0.21200220 35.93631920
snls3_mock 0.033650 36.06637633 0.15258427 35.84875548
snls3_mock 0.034810 35.78084083 0.19084549 35.92420689
snls3_mock 0.035730 35.81138142 0.37685609 35.98231047
snls3_mock 0.035010 35.82280200 0.20112672 35.93695669
snls3_mock 0.034890 35.61745960 0.16527581 35.92930681
snls3_mock 0.036930 36.19231663 0.15708169 36.05596915
snls3_mock 0.037010 36.16300149 0.17210206 36.06080005
snls3_mock 0.037110 36.08782908 0.14665277 36.06680130
snls3_mock 0.039050 35.96665626 0.17768584 36.18054185
snls3_mock 0.038120 36.20237926 0.14840121 36.12673937
snls3_mock 0.039220 36.46554942 0.15162456 36.19024377
snls3_mock 0.040260 36.18638172 0.15704280 36.24872915
snls3_mock 0.040720 36.15375961 0.17939622 36.27412366
snls3_mock 0.042430 36.25591290 0.19424240 36.36615804
snls3_mock 0.041860 36.41916285 0.19214328 36.33591104
snls3_mock 0.046740 36.62901978 0.16015719 36.58303180
snls3_mock 0.044970 36.73487933 0.15024364 36.49643734
snls3_mock 0.049280 36.78173076 0.18479709 36.70193379
snls3_mock 0.049040 36.71807805 0.15722209 36.69094682
snls3_mock 0.049530 36.81085115 0.17006649 36.71330473
snls3_mock 0.053090 37.03958263 0.19291604 36.86960444
snls3_mock 0.054920 37.06500183 0.17801144 36.94601847
snls3_mock 0.053670 36.87773077 0.16119291 36.89409626
snls3_mock 0.059420 37.26895625 0.18720764 37.12401579
snls3_mock 0.058480 36.99908108 0.15375254 37.08791438
snls3_mock 0.063000 37.33255968 0.14293035 37.25654200
snls3_mock 0.063370 37.30780672 0.18635176 37.26983433
snls3_mock 0.065130 37.37660066 0.16386201 37.33202147
snls3_mock 0.062970 37.24339866 0.17902962 37.25546054
snls3_mock 0.065000 37.31285066 0.16438164 37.32747247
snls3_mock 0.067000 37.47329388 0.14061609 37.39633452
snls3_mock 0.069050 37.24935332 0.16924466 37.46490190
snls3_mock 0.070090 37.16017047 0.19489706 37.49897010
snls3_mock 0.067930 37.31182064 0.39059439 37.42770742
snls3_mock 0.074610 38.18678013 0.28187283 37.64152218
snls3_mock 0.075290 37.52629956 0.18014702 37.66224120
snls3_mock 0.078230 37.99151167 0.19221820 37.74982879
snls3_mock 0.078880 37.77724552 0.18175505 37.76877180
snls3_mock 0.080100 37.60124713 0.14392430 37.80394650
snls3_mock 0.087000 37.77640989 0.14938692 37.99366480
snls3_mock 0.087000 37.85188691 0.13635232 37.99366480
snls3_mock 0.090000 38.15575705 0.24088626 38.07171251
snls3_mock 0.095000 38.05518150 0.13971295 38.19646533
snls3_mock 0.104000 38.29664332 0.15595667 38.40613705
snls3_mock 0.108000 38.45824782 0.25649253 38.49386896
snls3_mock 0.110000 38.64323051 0.13840359 38.53657584
snls3_mock 0.116000 38.54878599 0.13300235 38.66048693
snls3_mock 0.117000 38.38138256 0.11740097 38.68054086
snls3_mock 0.118000 38.69430458 0.15140133 38.70044089
snls3_mock 0.119000 38.78826018 0.14727189 38.72019055
snls3_mock 0.121000 38.67857824 0.11606283 38.75922348
snls3_mock 0.124000 38.82412165 0.14436485 38.81662777
snls3_mock 0.124200 38.77315740 0.10595926 38.82040247
snls3_mock 0.125000 38.67623499 0.12068915 38.83549487
snls3_mock 0.127000 39.27584715 0.13908735 38.87274514
snls3_mock 0.128000 38.81820266 0.14566203 38.89118024
snls3_mock 0.130000 38.95859383 0.14741264 38.92765187
snls3_mock 0.130000 38.92108773 0.15310319 38.92765187
snls3_mock 0.143000 39.31835953 0.12880219 39.15260836
snls3_mock 0.143000 39.22912185 0.14496455 39.15260836
snls3_mock 0.145000 39.05889998 0.15479183 39.18548472
snls3_mock 0.146000 39.33374844 0.13290237 39.20179532
snls3_mock 0.147000 39.14042460 0.14799004 39.21796741
snls3_mock 0.147000 39.10081828 0.14535989 39.21796741
snls3_mock 0.148000 39.17468955 0.13574187 39.23404635
snls3_mock 0.153000 39.13047821 0.13063893 39.31297867
snls3_mock 0.156000 39.49473212 0.15040623 39.35919066
snls3_mock 0.162000 39.75564024 0.17237689 39.44920226
snls3_mock 0.165000 39.47283887 0.14916223 39.49305252
snls3_mock 0.169200 39.63882512 0.11034287 39.55318400
snls3_mock 0.172000 39.82391575 0.14341292 39.59254228
snls3_mock 0.174000 39.51320562 0.13635369 39.62027325
snls3_mock 0.175000 39.69441995 0.14252204 39.63401090
snls3_mock 0.179000 39.98627188 0.17514909 39.68832881
snls3_mock 0.181000 39.80149664 0.16815605 39.71506878
snls3_mock 0.181000 39.86137409 0.22831774 39.71506878
snls3_mock 0.183000 39.88375910 0.16136064 39.74153659
snls3_mock 0.184000 39.71061401 0.10809580 39.75464118
snls3_mock 0.184000 39.66503987 0.21110328 39.75464118
snls3_mock 0.185000 39.53764651 0.18331553 39.76773310
snls3_mock 0.187000 39.76411282 0.13688415 39.79366233
snls3_mock 0.190000 40.14625055 0.14108597 39.83206407
snls3_mock 0.191000 39.72971526 0.16943194 39.84476395
snls3_mock 0.193000 40.16706219 0.19793824 39.86994624
snls3_mock 0.198000 40.03345448 0.15252907 39.93184795
snls3_mock 0.202000 39.96445687 0.14449059 39.98034943
snls3_mock 0.204000 40.25991816 0.15487399 40.00426880
snls3_mock 0.206000 40.28545419 0.17748128 40.02797325
snls3_mock 0.211000 40.08691790 0.11111186 40.08632431
snls3_mock 0.212000 39.87963892 0.14599357 40.09784092
snls3_mock 0.213000 40.14366544 0.13453669 40.10930064
snls3_mock 0.214000 40.33961950 0.17440158 40.12072921
snls3_mock 0.217000 40.19924509 0.19424163 40.15466772
snls3_mock 0.218000 40.81788500 0.17540877 40.16591141
snls3_mock 0.219000 39.92530725 0.10821119 40.17706670
snls3_mock 0.219000 40.13705228 0.15207071 40.17706670
snls3_mock 0.220000 39.99720959 0.13559280 40.18820395
snls3_mock 0.230000 40.34378674 0.15512128 40.29699568
snls3_mock 0.244000 40.43086663 0.18615430 40.44219351
snls3_mock 0.245000 40.62515396 0.16782692 40.45226332
snls3_mock 0.246000 40.40845155 0.10986081 40.46229537
snls3_mock 0.250000 40.61607504 0.16445530 40.50208483
snls3_mock 0.250100 40.44988332 0.11842472 40.50306917
snls3_mock 0.251000 40.81824522 0.16422605 40.51192825
snls3_mock 0.252000 40.42657581 0.24223535 40.52177167
snls3_mock 0.253000 40.73201111 0.13249985 40.53152947
snls3_mock 0.254000 40.51476100 0.17857196 40.54127994
snls3_mock 0.257000 40.48657064 0.19743749 40.57031899
snls3_mock 0.258000 40.41365954 0.22687493 40.57991680
snls3_mock 0.259000 40.48676505 0.18498776 40.58948400
snls3_mock 0.259000 40.21806407 0.17793777 40.58948400
snls3_mock 0.259000 40.85767185 0.18367448 40.58948400
snls3_mock 0.262000 40.66869846 0.17993956 40.61800542
snls3_mock 0.262000 40.79371754 0.19111752 40.61800542
snls3_mock 0.263000 40.64242144 0.13684740 40.62745563
snls3_mock 0.263100 40.61127605 0.15003219 40.62839437
snls3_mock 0.265000 40.48762358 0.22354991 40.64623048
snls3_mock 0.265000 41.14091216 0.18232571 40.64623048
snls3_mock 0.267000 40.62443563 0.15370487 40.66486594
snls3_mock 0.268000 40.73347250 0.10848968 40.67416477
snls3_mock 0.270000 40.52746191 0.13348960 40.69260269
snls3_mock 0.272000 40.58572311 0.18523537 40.71093455
snls3_mock 0.280000 40.54525594 0.16481291 40.78305871
snls3_mock 0.282100 40.80548243 0.10294045 40.80168210
snls3_mock 0.284700 40.75138824 0.13802656 40.82454554
snls3_mock 0.288000 41.21295279 0.18769853 40.85331175
snls3_mock 0.290000 41.05697882 0.18159399 40.87057307
snls3_mock 0.291200 41.05443275 0.14823080 40.88091664
snls3_mock 0.294000 40.99134249 0.19379755 40.90482870
snls3_mock 0.300000 40.84407618 0.25744925 40.95538496
snls3_mock 0.302700 40.94150645 0.10218734 40.97782499
snls3_mock 0.303000 41.03820040 0.49686128 40.98031467
snls3_mock 0.310000 41.16033823 0.25290788 41.03763277
snls3_mock 0.311000 41.11488781 0.19575173 41.04569900
snls3_mock 0.311000 41.31293759 0.16126454 41.04569900
snls3_mock 0.314000 41.31749221 0.20058023 41.06982741
snls3_mock 0.322000 41.16265597 0.16571026 41.13314151
snls3_mock 0.323000 41.06981880 0.11129266 41.14097562
snls3_mock 0.328000 41.54896673 0.17435068 41.17967896
snls3_mock 0.332000 41.16169976 0.12690351 41.21027953
snls3_mock 0.337300 41.21098521 0.10371857 41.25030706
snls3_mock 0.340000 41.63939373 0.19783968 41.27049470
snls3_mock 0.340200 41.34718037 0.10076612 41.27197730
snls3_mock 0.347000 41.41672916 0.11551124 41.32209850
snls3_mock 0.348000 41.51663203 0.11991751 41.32937312
snls3_mock 0.348000 41.45927172 0.12335716 41.32937312
snls3_mock 0.350000 41.24679070 0.22162618 41.34390721
snls3_mock 0.350000 41.14011537 0.13407116 41.34390721
snls3_mock 0.353700 41.34348059 0.10510472 41.37058998
snls3_mock 0.355300 41.26199412 0.12193096 41.38204261
snls3_mock 0.357000 41.42675703 0.12835972 41.39416423
snls3_mock 0.357800 41.49397074 0.10207417 41.39986852
snls3_mock 0.368800 41.51688844 0.09558481 41.47688566
snls3_mock 0.369000 41.49034525 0.12744881 41.47827167
snls3_mock 0.370000 41.65254495 0.11790660 41.48515454
snls3_mock 0.370900 41.58352608 0.13591886 41.49133260
snls3_mock 0.372000 41.46468378 0.10096851 41.49888357
snls3_mock 0.373000 41.45560339 0.09551722 41.50574808
snls3_mock 0.375000 41.65629534 0.12894224 41.51935442
snls3_mock 0.381000 41.54020779 0.18009751 41.55988635
snls3_mock 0.393000 42.03091861 0.33712028 41.63916007
snls3_mock 0.395000 41.84563876 0.19414103 41.65212758
snls3_mock 0.402000 41.67582522 0.11506559 41.69714587
snls3_mock 0.404000 41.65258316 0.10314789 41.70986877
snls3_mock 0.406700 41.53873713 0.10755704 41.72695537
snls3_mock 0.411000 41.63476494 0.11090561 41.75395596
snls3_mock 0.415000 41.68987534 0.12460252 41.77884264
snls3_mock 0.417000 41.89054193 0.10804618 41.79120694
snls3_mock 0.419000 41.86026190 0.11565516 41.80351024
snls3_mock 0.424000 41.90611239 0.12149776 41.83402850
snls3_mock 0.427000 41.92138163 0.12851890 41.85220582
snls3_mock 0.435500 42.10296951 0.17147233 41.90302032
snls3_mock 0.437000 42.01692755 0.11642513 41.91186557
snls3_mock 0.442000 41.87560351 0.14750457 41.94122888
snls3_mock 0.442200 41.95107301 0.11846179 41.94239648
snls3_mock 0.449000 41.85618843 0.15766728 41.98185363
snls3_mock 0.450000 42.25246022 0.17036262 41.98759584
snls3_mock 0.451000 41.90253060 0.13632784 41.99332325
snls3_mock 0.460700 42.08813831 0.15633692 42.04839837
snls3_mock 0.461000 42.33365478 0.11201625 42.05008401
snls3_mock 0.468000 42.05689505 0.17877245 42.08916909
snls3_mock 0.470000 41.90827509 0.17411618 42.10020415
snls3_mock 0.470000 42.11193218 0.12825267 42.10020415
snls3_mock 0.470000 42.08622309 0.20464142 42.10020415
snls3_mock 0.472000 42.06367392 0.14943289 42.11122852
snls3_mock 0.474000 42.26103221 0.10698524 42.12220333
snls3_mock 0.479000 41.94104028 0.13005081 42.14944731
snls3_mock 0.480000 42.04395292 0.12690658 42.15485477
snls3_mock 0.490000 42.04472052 0.12916987 42.20845799
snls3_mock 0.496000 42.10237288 0.15236093 42.24013322
snls3_mock 0.499000 42.11176911 0.12822780 42.25585002
snls3_mock 0.499000 42.22687306 0.15494612 42.25585002
snls3_mock 0.504300 42.35939621 0.13151147 42.28337813
snls3_mock 0.509000 42.31708365 0.13407963 42.30757607
snls3_mock 0.510000 42.25029356 0.18633848 42.31268052
snls3_mock 0.513000 42.02219880 0.15779734 42.32799388
snls3_mock 0.515000 42.26216130 0.14384028 42.33814251
snls3_mock 0.515000 42.26469768 0.22729787 42.33814251
snls3_mock 0.516000 42.21201014 0.14508384 42.34319803
snls3_mock 0.519000 42.11866626 0.22652256 42.35836460
snls3_mock 0.521600 42.03463929 0.17515686 42.37138762
snls3_mock 0.531000 42.20766968 0.15538970 42.41808926
snls3_mock 0.532000 42.40313992 0.17889168 42.42300063
snls3_mock 0.534400 42.45468300 0.13368129 42.43478791
snls3_mock 0.536000 42.47968649 0.18049049 42.44261867
snls3_mock 0.537000 42.01820913 0.19414283 42.44748285
snls3_mock 0.550000 42.70573413 0.18244939 42.51013662
snls3_mock 0.551600 42.64738088 0.15017462 42.51777032
snls3_mock 0.552000 42.41244472 0.17964122 42.51967874
snls3_mock 0.552000 42.79252938 0.17024212 42.51967874
snls3_mock 0.559000 42.70110265 0.15883372 42.55271989
snls3_mock 0.560000 42.69284648 0.14783726 42.55739948
snls3_mock 0.560000 42.48074386 0.17213347 42.55739948
snls3_mock 0.563500 42.50926937 0.14599607 42.57377808
snls3_mock 0.566000 42.75880907 0.17642243 42.58537644
snls3_mock 0.571000 43.66023478 1.22176241 42.60848702
snls3_mock 0.574000 42.51770004 0.16955510 42.62225632
snls3_mock 0.575500 42.46944790 0.16757362 42.62914097
snls3_mock 0.579400 42.72122636 0.12961591 42.64686939
snls3_mock 0.580000 42.30940479 0.19602520 42.64959666
snls3_mock 0.580000 42.73770806 0.16835534 42.64959666
snls3_mock 0.580000 42.51364013 0.14322518 42.64959666
snls3_mock 0.581700 42.58452312 0.16479962 42.65731495
snls3_mock 0.584200 42.66006471 0.14982868 42.66856879
snls3_mock 0.584500 42.76575161 0.15149519 42.66991925
snls3_mock 0.585000 42.71900679 0.17574502 42.67217001
snls3_mock 0.585000 42.70287037 0.17179934 42.67217001
snls3_mock 0.587000 42.51504426 0.18465287 42.68117308
snls3_mock 0.589000 42.75262527 0.16313687 42.69011205
snls3_mock 0.590000 42.90285811 0.16684776 42.69457006
snls3_mock 0.590000 42.32565957 0.18291614 42.69457006
snls3_mock 0.592000 42.35324160 0.19454112 42.70348608
snls3_mock 0.600000 42.58797635 0.23376541 42.73886554
snls3_mock 0.605000 42.61015787 0.16160530 42.76072614
snls3_mock 0.607500 42.58656125 0.26912581 42.77159289
snls3_mock 0.610000 42.82798149 0.17783273 42.78241726
snls3_mock 0.610000 42.74701810 0.18566040 42.78241726
snls3_mock 0.612000 42.86213668 0.16670194 42.79107675
snls3_mock 0.613000 42.76097524 0.21828024 42.79537652
snls3_mock 0.616500 42.76215920 0.22870373 42.81038367
snls3_mock 0.620000 42.81219696 0.23339632 42.82533410
snls3_mock 0.620000 43.24116686 0.28483843 42.82533410
snls3_mock 0.626800 43.14013964 0.17427534 42.85413582
snls3_mock 0.629000 42.96069439 0.20433020 42.86338658
snls3_mock 0.630000 42.71368155 0.37283418 42.86759147
snls3_mock 0.632000 43.17818915 0.19635581 42.87598235
snls3_mock 0.634000 42.67386916 0.23482267 42.88431038
snls3_mock 0.639000 42.89185601 0.29564875 42.90509350
snls3_mock 0.639600 42.73951004 0.21992481 42.90756760
snls3_mock 0.640000 43.36154215 0.37217304 42.90921700
snls3_mock 0.643000 43.03101333 0.20439914 42.92158749
snls3_mock 0.643000 43.21142887 0.22683752 42.92158749
snls3_mock 0.647300 42.75388548 0.19468174 42.93921442
snls3_mock 0.647700 42.93703915 0.18149536 42.94084776
snls3_mock 0.663400 42.99325630 0.19644477 43.00427149
snls3_mock 0.663700 42.74564257 0.23437020 43.00547272
snls3_mock 0.670000 42.75182501 0.33627177 43.03050231
snls3_mock 0.679000 43.26307563 0.20563573 43.06590555
snls3_mock 0.680000 43.33871492 0.23323401 43.06979344
snls3_mock 0.683000 43.34752211 0.27039365 43.08145710
snls3_mock 0.687000 42.79153286 0.27796606 43.09696627
snls3_mock 0.690000 43.08572969 0.32312995 43.10851578
snls3_mock 0.690000 43.21476631 0.20045046 43.10851578
snls3_mock 0.695000 43.54482213 0.31342157 43.12768957
snls3_mock 0.698000 43.23955961 0.23248337 43.13912595
snls3_mock 0.699000 43.40703145 0.23158534 43.14293808
snls3_mock 0.700000 43.31288975 0.30020706 43.14675020
snls3_mock 0.700000 42.68416395 0.26139505 43.14675020
snls3_mock 0.700200 43.59080632 0.18169448 43.14751222
snls3_mock 0.701000 43.39563330 0.31251155 43.15053202
snls3_mock 0.701000 43.18740103 0.19850487 43.15053202
snls3_mock 0.702000 43.33824557 0.18696005 43.15430677
snls3_mock 0.702700 42.92682883 0.26603331 43.15694909
snls3_mock 0.715000 43.08289949 0.21340790 43.20309120
snls3_mock 0.718000 43.42599216 0.21934027 43.21419420
snls3_mock 0.720000 42.81462120 0.26762818 43.22159620
snls3_mock 0.721000 43.06079422 0.22413640 43.22529720
snls3_mock 0.722000 42.97345785 0.20771191 43.22899819
snls3_mock 0.725500 43.06537538 0.19574527 43.24183178
snls3_mock 0.727000 43.08135707 0.32048711 43.24732870
snls3_mock 0.732000 42.92313075 0.33173973 43.26556868
snls3_mock 0.732000 42.96394591 0.23680782 43.26556868
snls3_mock 0.733000 42.97435742 0.31632564 43.26919724
snls3_mock 0.734000 43.36444769 0.24711291 43.27282580
snls3_mock 0.735000 43.43397403 0.24660702 43.27645436
snls3_mock 0.736000 43.52973542 0.22348045 43.28008292
snls3_mock 0.737000 43.27532884 0.20944049 43.28371147
snls3_mock 0.740000 43.82159521 0.42233670 43.29449939
snls3_mock 0.742000 43.33825517 0.21460179 43.30168504
snls3_mock 0.744100 43.28654651 0.19116440 43.30922996
snls3_mock 0.745000 43.29867883 0.19427110 43.31246038
snls3_mock 0.750000 43.35887597 0.21522614 43.33024742
snls3_mock 0.751000 42.94602694 0.24346541 43.33380482
snls3_mock 0.756000 43.06801456 0.42815922 43.35147387
snls3_mock 0.757000 43.51015078 0.19157917 43.35499618
snls3_mock 0.760000 43.24997527 0.18313669 43.36556310
snls3_mock 0.760000 42.92015876 0.30435253 43.36556310
snls3_mock 0.763000 43.33413295 0.21474936 43.37604117
snls3_mock 0.763000 43.49925356 0.18233708 43.37604117
snls3_mock 0.766000 43.57581641 0.22249010 43.38650374
snls3_mock 0.767000 43.53959830 0.18781432 43.38999126
snls3_mock 0.767700 43.20741849 0.20861000 43.39243253
snls3_mock 0.769000 43.59963903 0.41071847 43.39694333
snls3_mock 0.770000 43.37495941 0.25853451 43.40039638
snls3_mock 0.775000 43.38934595 0.24439105 43.41766163
snls3_mock 0.778000 43.32367692 0.34402671 43.42796280
snls3_mock 0.790000 43.41236089 0.28661362 43.46879833
snls3_mock 0.791000 43.39450479 0.22962266 43.47218336
snls3_mock 0.798000 43.68618615 0.31157403 43.49569372
snls3_mock 0.800000 43.65293377 0.39432775 43.50239666
snls3_mock 0.800000 43.29142019 0.23557406 43.50239666
snls3_mock 0.805000 43.13671358 0.23012355 43.51901144
snls3_mock 0.805000 44.04887255 0.26177256 43.51901144
snls3_mock 0.808000 43.57651718 0.26497544 43.52896610
snls3_mock 0.810000 43.72765346 0.25546851 43.53557016
snls3_mock 0.810000 43.60504321 0.28015001 43.53557016
snls3_mock 0.811000 44.25767477 0.23089527 43.53885543
snls3_mock 0.813000 43.48322203 0.21986335 43.54542596
snls3_mock 0.817000 43.76543291 0.22285672 43.55856703
snls3_mock 0.820000 43.50436159 0.26334730 43.56833821
snls3_mock 0.821800 43.90991641 0.22437213 43.57419291
snls3_mock 0.830000 43.39474921 0.23310538 43.60073123
snls3_mock 0.830000 43.98892048 0.40187208 43.60073123
snls3_mock 0.836000 42.82809419 0.27217231 43.62000313
snls3_mock 0.839000 43.64845186 0.21163856 43.62956765
snls3_mock 0.839000 43.64784903 0.26050076 43.62956765
snls3_mock 0.840000 43.64995718 0.27209098 43.63275583
snls3_mock 0.842000 43.99868031 0.25564345 43.63913218
snls3_mock 0.842000 43.33314009 0.32195829 43.63913218
snls3_mock 0.850000 43.56158642 0.22105526 43.66441857
snls3_mock 0.850000 43.53765302 0.26063107 43.66441857
snls3_mock 0.850000 44.09375900 0.22716515 43.66441857
snls3_mock 0.855000 43.38845622 0.23972809 43.68010147
snls3_mock 0.860000 43.54786691 0.26273617 43.69572594
snls3_mock 0.860000 43.82616559 0.33563437 43.69572594
snls3_mock 0.860000 43.91808342 0.32682965 43.69572594
snls3_mock 0.865000 44.13204745 0.37583432 43.71121592
snls3_mock 0.866000 43.62826669 0.24931130 43.71430960
snls3_mock 0.866000 43.31452814 0.23953230 43.71430960
snls3_mock 0.868000 43.84933907 0.24788435 43.72049697
snls3_mock 0.870000 44.16619236 0.36745478 43.72667254
snls3_mock 0.880000 43.85025818 0.22424829 43.75725834
snls3_mock 0.890000 43.40269012 0.25259525 43.78751110
snls3_mock 0.891000 43.93595320 0.23703163 43.79051283
snls3_mock 0.899000 43.68473783 0.24832412 43.81446529
snls3_mock 0.901000 43.62878314 0.23871994 43.82040855
snls3_mock 0.910000 43.76487517 0.27142158 43.84704184
snls3_mock 0.915000 43.81019906 0.23671486 43.86175086
snls3_mock 0.920000 43.81911978 0.26881742 43.87633180
snls3_mock 0.920000 44.20557192 0.34623202 43.87633180
snls3_mock 0.924000 43.78178995 0.34870584 43.88798081
snls3_mock 0.927100 43.96973483 0.28586729 43.89695208
snls3_mock 0.930000 43.62595219 0.36364131 43.90531268
snls3_mock 0.930000 43.90312054 0.30111960 43.90531268
snls3_mock 0.934000 43.91219554 0.31281438 43.91684454
snls3_mock 0.935000 43.94841405 0.36672718 43.91972054
snls3_mock 0.936000 43.80634327 0.36443540 43.92257449
snls3_mock 0.936000 43.99037276 0.23420110 43.92257449
snls3_mock 0.949000 43.25946089 0.27996497 43.95954516
snls3_mock 0.950000 44.01795808 0.34816011 43.96237035
snls3_mock 0.950000 43.83576413 0.27016035 43.96237035
snls3_mock 0.960000 43.96155894 0.25489317 43.99045853
snls3_mock 0.960000 44.62985792 0.33123927 43.99045853
snls3_mock 0.961000 44.24147269 0.36039674 43.99325523
snls3_mock 0.970000 43.57178149 0.48288324 44.01826041
snls3_mock 0.975000 43.94737421 0.20698597 44.03207903
snls3_mock 0.981000 43.90573940 0.24801720 44.04852201
snls3_mock 0.983000 43.82397892 0.33915057 44.05400300
snls3_mock 0.985000 44.18081751 0.24995822 44.05946338
snls3_mock 0.998000 44.46707221 0.26579179 44.09463244
snls3_mock 1.000000 43.81205127 0.30025237 44.10000308
snls3_mock 1.002000 44.11331500 0.70115651 44.10537371
snls3_mock 1.010000 44.36572627 0.39405377 44.12671422
snls3_mock 1.020000 43.77425722 0.23182255 44.15316595
snls3_mock 1.020000 44.38726125 0.29426685 44.15316595
snls3_mock 1.031000 43.60988843 0.36591000 44.18196785
snls3_mock 1.060000 44.22191678 0.33911631 44.25648103
snls3_mock 1.120000 44.39006853 0.22754982 44.40438300
snls3_mock 1.140000 44.47446052 0.25630778 44.45194976
snls3_mock 1.230000 44.61911284 0.34037769 44.65610680
snls3_mock 1.265000 45.09295927 0.32075408 44.73148522
snls3_mock 1.300000 44.40652460 0.21736895 44.80481459
snls3_mock 1.340000 44.83012457 0.30959555 44.88618108
snls3_mock 1.390000 44.78610456 0.38184821 44.98448728
