mock_SNLS3    0.0102900000   33.0058434545    0.2392021718   33.2378002200
mock_SNLS3    0.0100600000   33.1053019852    0.2038462576   33.1883434900
mock_SNLS3    0.0105500000   33.3335519599    0.2247672773   33.2924057100
mock_SNLS3    0.0111300000   33.3833458095    0.2600517089   33.4095631300
mock_SNLS3    0.0109000000   33.8077537922    0.2483400631   33.3638444700
mock_SNLS3    0.0123100000   33.4185012809    0.2690172095   33.6303192900
mock_SNLS3    0.0133400000   33.6607910397    0.1631419281   33.8065175800
mock_SNLS3    0.0142600000   33.9137924063    0.1718320810   33.9528685400
mock_SNLS3    0.0145700000   33.6238157836    0.2001140760   34.0000855600
mock_SNLS3    0.0144300000   33.8154149771    0.2533431510   33.9788860100
mock_SNLS3    0.0136600000   34.0499049369    0.1774125227   33.8585245800
mock_SNLS3    0.0147000000   33.9939330699    0.1553097281   34.0195912700
mock_SNLS3    0.0135400000   34.2401394623    0.2016231686   33.8391646000
mock_SNLS3    0.0155700000   34.0693285902    0.1832562968   34.1458982400
mock_SNLS3    0.0138000000   33.8467232306    0.1670350867   33.8808997000
mock_SNLS3    0.0141500000   34.1082765754    0.1844222756   33.9358697300
mock_SNLS3    0.0151500000   33.8604438738    0.2161279369   34.0858181700
mock_SNLS3    0.0144600000   34.2549154265    0.2117137736   33.9834458400
mock_SNLS3    0.0157800000   34.0304597117    0.1811875004   34.1753401100
mock_SNLS3    0.0149700000   34.2361074539    0.2031400064   34.0595638600
mock_SNLS3    0.0147100000   33.7034116797    0.1815063111   34.0210846300
mock_SNLS3    0.0155500000   34.1613541936    0.1648519832   34.1430738100
mock_SNLS3    0.0154900000   34.1521300396    0.2023835662   34.1345789300
mock_SNLS3    0.0155000000   34.2282306184    0.2045791019   34.1359970000
mock_SNLS3    0.0154800000   34.2251169047    0.1708520074   34.1331599500
mock_SNLS3    0.0156400000   33.9062165477    0.2245165669   34.1557555800
mock_SNLS3    0.0155000000   34.1255249146    0.1928256776   34.1359970000
mock_SNLS3    0.0160100000   34.3634147319    0.1664997765   34.2071448900
mock_SNLS3    0.0169700000   34.5097581560    0.1860211472   34.3351941800
mock_SNLS3    0.0173700000   34.1048689820    0.1811734409   34.3864479500
mock_SNLS3    0.0170600000   34.4134725900    0.3060537814   34.3468295600
mock_SNLS3    0.0175000000   34.3263286782    0.1672549134   34.4028546500
mock_SNLS3    0.0174500000   34.5129415975    0.2602534234   34.3965586700
mock_SNLS3    0.0176800000   34.3096937049    0.2139027322   34.4253739800
mock_SNLS3    0.0185800000   34.5667104223    0.1673724966   34.5346790500
mock_SNLS3    0.0189200000   34.4036158995    0.1654484386   34.5746165800
mock_SNLS3    0.0195800000   34.5170191359    0.1466265285   34.6501597000
mock_SNLS3    0.0203700000   34.7598427400    0.1618442939   34.7373466400
mock_SNLS3    0.0209800000   34.4009108065    0.1703287545   34.8024164700
mock_SNLS3    0.0208000000   34.5690557554    0.1512766231   34.7834115800
mock_SNLS3    0.0204100000   34.7884895870    0.2275095773   34.7416720000
mock_SNLS3    0.0216800000   34.7344563456    0.1782887519   34.8748277500
mock_SNLS3    0.0215700000   34.6741704271    0.1811769763   34.8636027400
mock_SNLS3    0.0220500000   34.6721972304    0.1789844056   34.9121771800
mock_SNLS3    0.0219500000   35.0462686318    0.1529084099   34.9021439600
mock_SNLS3    0.0224800000   35.0452677029    0.1652706613   34.9548156000
mock_SNLS3    0.0233000000   34.9507180422    0.2134514283   35.0339462500
mock_SNLS3    0.0229800000   35.3636561156    0.1581381327   35.0033970400
mock_SNLS3    0.0224200000   34.9043047168    0.4345441635   34.9489145000
mock_SNLS3    0.0230300000   35.2807507513    0.2170209503   35.0081978400
mock_SNLS3    0.0245800000   34.8570437389    0.2154530054   35.1521515900
mock_SNLS3    0.0234500000   34.9336910290    0.2065376579   35.0481243800
mock_SNLS3    0.0249300000   34.9224649911    0.2374835895   35.1834202900
mock_SNLS3    0.0235500000   35.0398557716    0.1545282450   35.0575270000
mock_SNLS3    0.0237900000   34.9771544019    0.1468268198   35.0799340100
mock_SNLS3    0.0233500000   35.0814761597    0.1559428293   35.0386822500
mock_SNLS3    0.0238900000   35.4346919083    0.1736990142   35.0892047300
mock_SNLS3    0.0241800000   35.3056324662    0.1554748813   35.1158756100
mock_SNLS3    0.0238900000   34.6155027889    0.3686019192   35.0892047300
mock_SNLS3    0.0247300000   35.1955180333    0.1655314393   35.1656056900
mock_SNLS3    0.0247200000   35.1194841466    0.1529392289   35.1647112500
mock_SNLS3    0.0251700000   35.4394911742    0.5115747543   35.2046133800
mock_SNLS3    0.0265500000   35.1342015549    0.1629858898   35.3227506700
mock_SNLS3    0.0276100000   35.3311218715    0.3774390537   35.4094710200
mock_SNLS3    0.0254900000   35.1979491441    0.1787117840   35.2325641300
mock_SNLS3    0.0268700000   35.5944666891    0.1868632473   35.3492831000
mock_SNLS3    0.0274100000   35.2917161167    0.2041062679   35.3933614900
mock_SNLS3    0.0267000000   35.3013019173    0.1772040826   35.3352265900
mock_SNLS3    0.0270700000   35.3803047276    0.1413531301   35.3657089000
mock_SNLS3    0.0276700000   35.4280319027    0.1639896987   35.4142815700
mock_SNLS3    0.0277400000   35.4063177807    0.1622582123   35.4198809700
mock_SNLS3    0.0285600000   35.3657070560    0.1722820702   35.4844618800
mock_SNLS3    0.0291000000   35.4244316281    0.1567357913   35.5260059500
mock_SNLS3    0.0303500000   35.6285527209    0.1638074122   35.6193468600
mock_SNLS3    0.0307100000   35.3775590679    0.1585186791   35.6455315200
mock_SNLS3    0.0295100000   35.6175537298    0.1516666245   35.5570474100
mock_SNLS3    0.0304100000   35.5201196685    0.1902725081   35.6237320100
mock_SNLS3    0.0303200000   35.5528530463    0.1546395262   35.6171511000
mock_SNLS3    0.0305200000   35.8017557000    0.1828255214   35.6317495000
mock_SNLS3    0.0314700000   35.4929968209    0.1368601129   35.6998377800
mock_SNLS3    0.0325100000   35.9849324234    0.1974833239   35.7721087700
mock_SNLS3    0.0316200000   35.7415849949    0.1484733094   35.7104043800
mock_SNLS3    0.0317600000   35.7633040697    0.1417794998   35.7202223900
mock_SNLS3    0.0332300000   35.4697560043    0.1528406605   35.8208303700
mock_SNLS3    0.0314700000   35.5639500891    0.1967488335   35.6998377800
mock_SNLS3    0.0331500000   35.8503497781    0.2219814763   35.8154680800
mock_SNLS3    0.0341100000   35.6627266039    0.1409267600   35.8789970800
mock_SNLS3    0.0350000000   35.8647751163    0.2120022009   35.9363527700
mock_SNLS3    0.0336500000   35.9285181989    0.1525842665   35.8487770900
mock_SNLS3    0.0348100000   35.8644333887    0.1908454898   35.9242288000
mock_SNLS3    0.0357300000   36.2708658978    0.3768560897   35.9823443100
mock_SNLS3    0.0350100000   36.2686734031    0.2011267163   35.9369890900
mock_SNLS3    0.0348900000   35.8218842615    0.1652758133   35.9293414800
mock_SNLS3    0.0369300000   36.1273260573    0.1570816892   36.0559908300
mock_SNLS3    0.0370100000   36.2344050614    0.1721020635   36.0608172600
mock_SNLS3    0.0371100000   36.0995790217    0.1466527695   36.0668360200
mock_SNLS3    0.0390500000   36.0055087107    0.1776858442   36.1805741000
mock_SNLS3    0.0381200000   36.1223083355    0.1484012077   36.1267543700
mock_SNLS3    0.0392200000   36.3837276663    0.1516245567   36.1902769800
mock_SNLS3    0.0402600000   36.2765895420    0.1570427971   36.2487589000
mock_SNLS3    0.0407200000   36.1769248649    0.1793962213   36.2741583200
mock_SNLS3    0.0424300000   36.4699450656    0.1942424022   36.3661917700
mock_SNLS3    0.0418600000   36.0315180455    0.1921432814   36.3359211200
mock_SNLS3    0.0467400000   36.3824640431    0.1601571920   36.5830633000
mock_SNLS3    0.0449700000   36.6240577993    0.1502436417   36.4964495800
mock_SNLS3    0.0492800000   36.7372044236    0.1847970888   36.7019569500
mock_SNLS3    0.0490400000   36.6016953278    0.1572220903   36.6909799600
mock_SNLS3    0.0495300000   36.9427922114    0.1700664899   36.7133364000
mock_SNLS3    0.0530900000   36.8853032321    0.1929160350   36.8696154800
mock_SNLS3    0.0549200000   36.9149110258    0.1780114436   36.9460500200
mock_SNLS3    0.0536700000   37.0858219710    0.1611929121   36.8941125100
mock_SNLS3    0.0594200000   37.3589068329    0.1872076409   37.1240258800
mock_SNLS3    0.0584800000   37.2562869534    0.1537525355   37.0879482400
mock_SNLS3    0.0630000000   37.1758154102    0.1429303546   37.2565744000
mock_SNLS3    0.0633700000   37.4238503735    0.1863517560   37.2698579300
mock_SNLS3    0.0651300000   37.4516496021    0.1638620075   37.3320412900
mock_SNLS3    0.0629700000   37.4286026350    0.1790296174   37.2554940700
mock_SNLS3    0.0650000000   37.3305238466    0.1643816444   37.3275037500
mock_SNLS3    0.0670000000   37.3954570899    0.1406160905   37.3963675000
mock_SNLS3    0.0690500000   37.6348040204    0.1692446594   37.4649357400
mock_SNLS3    0.0700900000   37.2851309429    0.1948970582   37.4989789000
mock_SNLS3    0.0679300000   37.3349203731    0.3905943871   37.4277198500
mock_SNLS3    0.0746100000   37.6993601658    0.2818728317   37.6415289400
mock_SNLS3    0.0752900000   37.6198446282    0.1801470206   37.6622561900
mock_SNLS3    0.0782300000   37.7871464725    0.1922181981   37.7498607200
mock_SNLS3    0.0788800000   37.8042233155    0.1817550458   37.7688042400
mock_SNLS3    0.0801000000   37.8572548358    0.1439242971   37.8039611200
mock_SNLS3    0.0870000000   37.9671962361    0.1493869247   37.9936784000
mock_SNLS3    0.0870000000   38.1463045717    0.1363523169   37.9936784000
mock_SNLS3    0.0900000000   37.9193018077    0.2408862623   38.0717344000
mock_SNLS3    0.0950000000   38.1378273903    0.1397129451   38.1964975000
mock_SNLS3    0.1040000000   38.7241463673    0.1559566704   38.4061592500
mock_SNLS3    0.1080000000   38.4256422421    0.2564925334   38.4938860600
mock_SNLS3    0.1100000000   38.6134061848    0.1384035910   38.5366058900
mock_SNLS3    0.1160000000   38.6294581822    0.1330023511   38.6605095500
mock_SNLS3    0.1170000000   38.8078478705    0.1174009706   38.6805714200
mock_SNLS3    0.1180000000   38.8092759783    0.1514013300   38.7004726600
mock_SNLS3    0.1190000000   38.8605593847    0.1472718936   38.7202159500
mock_SNLS3    0.1210000000   38.6944248134    0.1160628335   38.7592390700
mock_SNLS3    0.1240000000   38.8376509252    0.1443648549   38.8166524200
mock_SNLS3    0.1242000000   38.7371568703    0.1059592569   38.8204334600
mock_SNLS3    0.1250000000   38.8154250836    0.1206891454   38.8355007100
mock_SNLS3    0.1270000000   38.7523147758    0.1390873538   38.8727766500
mock_SNLS3    0.1280000000   38.9321522506    0.1456620273   38.8912086500
mock_SNLS3    0.1300000000   38.9423717153    0.1474126372   38.9276712300
mock_SNLS3    0.1300000000   38.8920234294    0.1531031875   38.9276712300
mock_SNLS3    0.1430000000   39.1178064700    0.1288021866   39.1526178200
mock_SNLS3    0.1430000000   39.0100964847    0.1449645487   39.1526178200
mock_SNLS3    0.1450000000   39.2806273441    0.1547918280   39.1855155700
mock_SNLS3    0.1460000000   39.1549529860    0.1329023682   39.2018059600
mock_SNLS3    0.1470000000   39.1766524032    0.1479900362   39.2179925800
mock_SNLS3    0.1470000000   39.5072551774    0.1453598858   39.2179925800
mock_SNLS3    0.1480000000   39.2556513531    0.1357418710   39.2340768200
mock_SNLS3    0.1530000000   39.4150883150    0.1306389327   39.3130088900
mock_SNLS3    0.1560000000   39.4222345042    0.1504062294   39.3592223800
mock_SNLS3    0.1620000000   39.3129686437    0.1723768936   39.4492197400
mock_SNLS3    0.1650000000   39.4740791154    0.1491622261   39.4930621800
mock_SNLS3    0.1692000000   39.4263935568    0.1103428718   39.5532135600
mock_SNLS3    0.1720000000   39.5604309892    0.1434129152   39.5925490900
mock_SNLS3    0.1740000000   39.5179183759    0.1363536866   39.6202837900
mock_SNLS3    0.1750000000   39.8077133299    0.1425220448   39.6340404400
mock_SNLS3    0.1790000000   39.8729158778    0.1751490890   39.6883480300
mock_SNLS3    0.1810000000   39.7532234299    0.1681560511   39.7150813800
mock_SNLS3    0.1810000000   39.9325049091    0.2283177444   39.7150813800
mock_SNLS3    0.1830000000   39.8693201226    0.1613606366   39.7415425000
mock_SNLS3    0.1840000000   39.6655081695    0.1080958028   39.7546727800
mock_SNLS3    0.1840000000   39.8661923467    0.2111032835   39.7546727800
mock_SNLS3    0.1850000000   39.8732068142    0.1833155340   39.7677371600
mock_SNLS3    0.1870000000   39.8450814602    0.1368841489   39.7936709700
mock_SNLS3    0.1900000000   39.5940658801    0.1410859698   39.8320944200
mock_SNLS3    0.1910000000   39.9821088774    0.1694319423   39.8447775800
mock_SNLS3    0.1930000000   39.8151495464    0.1979382405   39.8699607200
mock_SNLS3    0.1980000000   40.0068112042    0.1525290709   39.9318783700
mock_SNLS3    0.2020000000   40.0122950206    0.1444905900   39.9803808600
mock_SNLS3    0.2040000000   39.9376406749    0.1548739860   40.0043003800
mock_SNLS3    0.2060000000   39.9543439490    0.1774812815   40.0280043700
mock_SNLS3    0.2110000000   40.2547718106    0.1111118587   40.0863477200
mock_SNLS3    0.2120000000   40.2013519914    0.1459935692   40.0978631200
mock_SNLS3    0.2130000000   40.1395272481    0.1345366932   40.1093285300
mock_SNLS3    0.2140000000   40.2638506028    0.1744015843   40.1207444100
mock_SNLS3    0.2170000000   40.3151321747    0.1942416335   40.1546992600
mock_SNLS3    0.2180000000   40.4548187882    0.1754087707   40.1659214100
mock_SNLS3    0.2190000000   40.1502349610    0.1082111927   40.1770962100
mock_SNLS3    0.2190000000   40.1223008246    0.1520707147   40.1770962100
mock_SNLS3    0.2200000000   39.9190562350    0.1355928013   40.1882240700
mock_SNLS3    0.2300000000   40.3562870706    0.1551212822   40.2970096700
mock_SNLS3    0.2440000000   40.7093798455    0.1861542990   40.4422109500
mock_SNLS3    0.2450000000   40.6087743243    0.1678269234   40.4522867900
mock_SNLS3    0.2460000000   40.5097309975    0.1098608053   40.4623248600
mock_SNLS3    0.2500000000   40.6503700627    0.1644553014   40.5021054200
mock_SNLS3    0.2501000000   40.3751872745    0.1184247195   40.5030924200
mock_SNLS3    0.2510000000   40.5653190642    0.1642260512   40.5119590700
mock_SNLS3    0.2520000000   40.7756763648    0.2422353507   40.5217766900
mock_SNLS3    0.2530000000   40.5900268477    0.1324998500   40.5315585500
mock_SNLS3    0.2540000000   40.5194091203    0.1785719599   40.5413049200
mock_SNLS3    0.2570000000   40.5947576831    0.1974374851   40.5703338100
mock_SNLS3    0.2580000000   40.4309495407    0.2268749305   40.5799409100
mock_SNLS3    0.2590000000   40.6962993009    0.1849877607   40.5895138300
mock_SNLS3    0.2590000000   40.5671699988    0.1779377717   40.5895138300
mock_SNLS3    0.2590000000   40.5900452109    0.1836744828   40.5895138300
mock_SNLS3    0.2620000000   40.2309757010    0.1799395629   40.6180301200
mock_SNLS3    0.2620000000   40.6780968901    0.1911175243   40.6180301200
mock_SNLS3    0.2630000000   40.4778758553    0.1368474020   40.6274688800
mock_SNLS3    0.2631000000   40.6328949158    0.1500321863   40.6284109400
mock_SNLS3    0.2650000000   40.8775825196    0.2235499112   40.6462478600
mock_SNLS3    0.2650000000   40.9174220738    0.1823257069   40.6462478600
mock_SNLS3    0.2670000000   40.6089959325    0.1537048710   40.6648970400
mock_SNLS3    0.2680000000   40.7375743217    0.1084896831   40.6741735400
mock_SNLS3    0.2700000000   40.8205695119    0.1334895988   40.6926315100
mock_SNLS3    0.2720000000   40.9435535407    0.1852353724   40.7109642700
mock_SNLS3    0.2800000000   40.9009831062    0.1648129083   40.7830779800
mock_SNLS3    0.2821000000   40.9213156448    0.1029404464   40.8016940400
mock_SNLS3    0.2847000000   40.6745978249    0.1380265647   40.8245669000
mock_SNLS3    0.2880000000   41.0755450124    0.1876985252   40.8533231000
mock_SNLS3    0.2900000000   40.8837980384    0.1815939907   40.8706041300
mock_SNLS3    0.2912000000   40.4893560936    0.1482308046   40.8809202700
mock_SNLS3    0.2940000000   40.9748274004    0.1937975486   40.9048402300
mock_SNLS3    0.3000000000   40.5120853048    0.2574492481   40.9554004900
mock_SNLS3    0.3027000000   41.0740930968    0.1021873362   40.9778502000
mock_SNLS3    0.3030000000   40.8382348901    0.4968612793   40.9803332500
mock_SNLS3    0.3100000000   41.0427577098    0.2529078790   41.0376390600
mock_SNLS3    0.3110000000   41.1774706097    0.1957517310   41.0457283600
mock_SNLS3    0.3110000000   41.2904939336    0.1612645434   41.0457283600
mock_SNLS3    0.3140000000   41.3409853075    0.2005802304   41.0698536900
mock_SNLS3    0.3220000000   41.2600843206    0.1657102631   41.1331673700
mock_SNLS3    0.3230000000   41.1988830648    0.1112926568   41.1409796900
mock_SNLS3    0.3280000000   40.8765770678    0.1743506786   41.1797109900
mock_SNLS3    0.3320000000   41.0995442689    0.1269035107   41.2103072800
mock_SNLS3    0.3373000000   41.3067091816    0.1037185689   41.2503295800
mock_SNLS3    0.3400000000   40.9922602619    0.1978396780   41.2704965200
mock_SNLS3    0.3402000000   41.2476404243    0.1007661192   41.2719845000
mock_SNLS3    0.3470000000   41.1373612167    0.1155112358   41.3221033100
mock_SNLS3    0.3480000000   41.3850202694    0.1199175147   41.3293974100
mock_SNLS3    0.3480000000   41.2499425752    0.1233571552   41.3293974100
mock_SNLS3    0.3500000000   40.8877513486    0.2216261827   41.3439279500
mock_SNLS3    0.3500000000   41.4481306449    0.1340711553   41.3439279500
mock_SNLS3    0.3537000000   41.2969158504    0.1051047167   41.3706092400
mock_SNLS3    0.3553000000   41.4098578796    0.1219309604   41.3820676500
mock_SNLS3    0.3570000000   41.3981031948    0.1283597217   41.3941903000
mock_SNLS3    0.3578000000   41.3839384571    0.1020741736   41.3998767100
mock_SNLS3    0.3688000000   41.2937134260    0.0955848078   41.4769005100
mock_SNLS3    0.3690000000   41.4857933827    0.1274488071   41.4782812600
mock_SNLS3    0.3700000000   41.7098847648    0.1179065971   41.4851747200
mock_SNLS3    0.3709000000   41.5561616436    0.1359188577   41.4913641900
mock_SNLS3    0.3720000000   41.5082219572    0.1009685078   41.4989103300
mock_SNLS3    0.3730000000   41.4688922912    0.0955172212   41.5057526500
mock_SNLS3    0.3750000000   41.5536721346    0.1289422392   41.5193867400
mock_SNLS3    0.3810000000   41.7449498484    0.1800975103   41.5598907800
mock_SNLS3    0.3930000000   41.1266607646    0.3371202770   41.6391651000
mock_SNLS3    0.3950000000   41.5517716237    0.1941410250   41.6521599800
mock_SNLS3    0.4020000000   41.5929808707    0.1150655882   41.6971689900
mock_SNLS3    0.4040000000   41.7476814774    0.1031478900   41.7098958700
mock_SNLS3    0.4067000000   41.6709009211    0.1075570354   41.7269852000
mock_SNLS3    0.4110000000   41.8273807455    0.1109056126   41.7539864900
mock_SNLS3    0.4150000000   41.6908667280    0.1246025167   41.7788707400
mock_SNLS3    0.4170000000   41.8422276755    0.1080461836   41.7912298700
mock_SNLS3    0.4190000000   41.7680736874    0.1156551619   41.8035343500
mock_SNLS3    0.4240000000   41.7031247733    0.1214977648   41.8340596400
mock_SNLS3    0.4270000000   41.8428761101    0.1285189001   41.8522154400
mock_SNLS3    0.4355000000   41.8169488581    0.1714723286   41.9030233400
mock_SNLS3    0.4370000000   41.9022641298    0.1164251332   41.9118940500
mock_SNLS3    0.4420000000   42.0697879716    0.1475045730   41.9412608400
mock_SNLS3    0.4422000000   41.9941989771    0.1184617901   41.9424291000
mock_SNLS3    0.4490000000   42.1851486297    0.1576672782   41.9818615600
mock_SNLS3    0.4500000000   42.0591274240    0.1703626173   41.9876137200
mock_SNLS3    0.4510000000   41.8964880768    0.1363278419   41.9933540400
mock_SNLS3    0.4607000000   42.2200221797    0.1563369186   42.0484307500
mock_SNLS3    0.4610000000   42.2119726059    0.1120162485   42.0501169500
mock_SNLS3    0.4680000000   41.9195534057    0.1787724530   42.0891751500
mock_SNLS3    0.4700000000   41.8944904846    0.1741161829   42.1002350200
mock_SNLS3    0.4700000000   42.0047859283    0.1282526744   42.1002350200
mock_SNLS3    0.4700000000   42.1913124135    0.2046414226   42.1002350200
mock_SNLS3    0.4720000000   42.0561341717    0.1494328899   42.1112512600
mock_SNLS3    0.4740000000   42.0146490772    0.1069852373   42.1222242200
mock_SNLS3    0.4790000000   42.1136758327    0.1300508100   42.1494695100
mock_SNLS3    0.4800000000   42.3390918431    0.1269065760   42.1548868300
mock_SNLS3    0.4900000000   42.3881928941    0.1291698670   42.2084900800
mock_SNLS3    0.4960000000   42.3331421544    0.1523609258   42.2401653800
mock_SNLS3    0.4990000000   42.1698046335    0.1282278033   42.2558694400
mock_SNLS3    0.4990000000   42.4209198591    0.1549461238   42.2558694400
mock_SNLS3    0.5043000000   42.3523351488    0.1315114654   42.2833995100
mock_SNLS3    0.5090000000   42.2939116844    0.1340796341   42.3075882400
mock_SNLS3    0.5100000000   42.0805839735    0.1863384795   42.3127078900
mock_SNLS3    0.5130000000   42.2455908611    0.1577973354   42.3280108500
mock_SNLS3    0.5150000000   42.3260900971    0.1438402786   42.3381664900
mock_SNLS3    0.5150000000   42.7553218841    0.2272978720   42.3381664900
mock_SNLS3    0.5160000000   42.4213103549    0.1450838394   42.3432305100
mock_SNLS3    0.5190000000   42.3886726380    0.2265225591   42.3583678000
mock_SNLS3    0.5216000000   42.5950729495    0.1751568574   42.3714208300
mock_SNLS3    0.5310000000   42.2255050350    0.1553896981   42.4181107000
mock_SNLS3    0.5320000000   42.3926255601    0.1788916775   42.4230321500
mock_SNLS3    0.5344000000   42.4999180745    0.1336812853   42.4348084100
mock_SNLS3    0.5360000000   42.5129466017    0.1804904913   42.4426318000
mock_SNLS3    0.5370000000   42.3961919092    0.1941428312   42.4475103200
mock_SNLS3    0.5500000000   42.7138761136    0.1824493899   42.5101687800
mock_SNLS3    0.5516000000   42.5839094787    0.1501746194   42.5177844700
mock_SNLS3    0.5520000000   42.6276294251    0.1796412199   42.5196851600
mock_SNLS3    0.5520000000   42.6349185552    0.1702421226   42.5196851600
mock_SNLS3    0.5590000000   42.3349279422    0.1588337179   42.5527397800
mock_SNLS3    0.5600000000   42.5015035335    0.1478372599   42.5574301400
mock_SNLS3    0.5600000000   42.5426599435    0.1721334723   42.5574301400
mock_SNLS3    0.5635000000   42.5349101417    0.1459960727   42.5737847300
mock_SNLS3    0.5660000000   42.3702477388    0.1764224285   42.5854082900
mock_SNLS3    0.5710000000   41.3770807425    1.2217624139   42.6085114700
mock_SNLS3    0.5740000000   42.7280060735    0.1695551007   42.6222823100
mock_SNLS3    0.5755000000   42.5150383378    0.1675736159   42.6291423800
mock_SNLS3    0.5794000000   42.6010405888    0.1296159123   42.6469001900
mock_SNLS3    0.5800000000   42.8119199299    0.1960251968   42.6496221800
mock_SNLS3    0.5800000000   42.7290339245    0.1683553447   42.6496221800
mock_SNLS3    0.5800000000   42.8224398578    0.1432251801   42.6496221800
mock_SNLS3    0.5817000000   42.6751051946    0.1647996235   42.6573201100
mock_SNLS3    0.5842000000   42.5655446031    0.1498286815   42.6686022400
mock_SNLS3    0.5845000000   42.7164555557    0.1514951854   42.6699530400
mock_SNLS3    0.5850000000   42.4547082813    0.1757450243   42.6722029300
mock_SNLS3    0.5850000000   42.9026407062    0.1717993437   42.6722029300
mock_SNLS3    0.5870000000   42.6671284021    0.1846528668   42.6811844000
mock_SNLS3    0.5890000000   42.5626988904    0.1631368701   42.6901371100
mock_SNLS3    0.5900000000   42.6771230460    0.1668477566   42.6946027400
mock_SNLS3    0.5900000000   42.6203407317    0.1829161393   42.6946027400
mock_SNLS3    0.5920000000   42.4153176700    0.1945411232   42.7035126500
mock_SNLS3    0.6000000000   42.5760094416    0.2337654113   42.7388709100
mock_SNLS3    0.6050000000   42.8392567900    0.1616053044   42.7607447800
mock_SNLS3    0.6075000000   42.8989254974    0.2691258075   42.7716178300
mock_SNLS3    0.6100000000   42.5756787671    0.1778327274   42.7824487300
mock_SNLS3    0.6100000000   42.9172429930    0.1856604002   42.7824487300
mock_SNLS3    0.6120000000   42.7373896277    0.1667019391   42.7910833100
mock_SNLS3    0.6130000000   43.2466421865    0.2182802392   42.7953906200
mock_SNLS3    0.6165000000   42.8515880549    0.2287037349   42.8104140900
mock_SNLS3    0.6200000000   43.2685674359    0.2333963234   42.8253571800
mock_SNLS3    0.6200000000   43.0505614024    0.2848384267   42.8253571800
mock_SNLS3    0.6268000000   42.7710871053    0.1742753383   42.8541628600
mock_SNLS3    0.6290000000   42.7711301104    0.2043301997   42.8634190700
mock_SNLS3    0.6300000000   43.1996954296    0.3728341792   42.8676163200
mock_SNLS3    0.6320000000   43.0319757259    0.1963558063   42.8759919200
mock_SNLS3    0.6340000000   42.7108858423    0.2348226732   42.8843424700
mock_SNLS3    0.6390000000   42.8772531883    0.2956487488   42.9051101900
mock_SNLS3    0.6396000000   42.6858482876    0.2199248137   42.9075919600
mock_SNLS3    0.6400000000   43.1656795566    0.3721730351   42.9092452500
mock_SNLS3    0.6430000000   42.9090995144    0.2043991430   42.9216138000
mock_SNLS3    0.6430000000   43.0304791031    0.2268375167   42.9216138000
mock_SNLS3    0.6473000000   42.9475392422    0.1946817430   42.9392469700
mock_SNLS3    0.6477000000   42.9122025790    0.1814953647   42.9408816100
mock_SNLS3    0.6634000000   42.8293257123    0.1964447679   43.0042960600
mock_SNLS3    0.6637000000   43.1354786925    0.2343702023   43.0054938600
mock_SNLS3    0.6700000000   43.3624374602    0.3362717730   43.0305296300
mock_SNLS3    0.6790000000   43.1022831154    0.2056357343   43.0659092400
mock_SNLS3    0.6800000000   42.8333196173    0.2332340113   43.0698127200
mock_SNLS3    0.6830000000   42.7487470203    0.2703936530   43.0814904200
mock_SNLS3    0.6870000000   43.2628514547    0.2779660565   43.0969848900
mock_SNLS3    0.6900000000   43.3388004975    0.3231299505   43.1085494100
mock_SNLS3    0.6900000000   43.1722730190    0.2004504602   43.1085494100
mock_SNLS3    0.6950000000   43.0505083540    0.3134215697   43.1277174800
mock_SNLS3    0.6980000000   43.0919232753    0.2324833700   43.1391552700
mock_SNLS3    0.6990000000   43.0447949642    0.2315853422   43.1429574400
mock_SNLS3    0.7000000000   43.2516525222    0.3002070565   43.1467544200
mock_SNLS3    0.7000000000   42.6360095306    0.2613950540   43.1467544200
mock_SNLS3    0.7002000000   43.1309497437    0.1816944753   43.1475131900
mock_SNLS3    0.7010000000   42.8698273708    0.3125115457   43.1505462200
mock_SNLS3    0.7010000000   43.1677946900    0.1985048734   43.1505462200
mock_SNLS3    0.7020000000   43.1752206970    0.1869600512   43.1543328700
mock_SNLS3    0.7027000000   43.0656684366    0.2660333126   43.1569804600
mock_SNLS3    0.7150000000   43.1593219901    0.2134079012   43.2030957200
mock_SNLS3    0.7180000000   43.1393043885    0.2193402721   43.2142282500
mock_SNLS3    0.7200000000   43.0364857658    0.2676281763   43.2216252300
mock_SNLS3    0.7210000000   43.2066296931    0.2241364003   43.2253163600
mock_SNLS3    0.7220000000   42.9477943598    0.2077119111   43.2290025800
mock_SNLS3    0.7255000000   43.1492341392    0.1957452726   43.2418659900
mock_SNLS3    0.7270000000   42.8188153385    0.3204871126   43.2473606900
mock_SNLS3    0.7320000000   42.7218060538    0.3317397266   43.2655982500
mock_SNLS3    0.7320000000   43.7562710937    0.2368078159   43.2655982500
mock_SNLS3    0.7330000000   43.0191612506    0.3163256432   43.2692314400
mock_SNLS3    0.7340000000   42.9547163743    0.2471129074   43.2728598700
mock_SNLS3    0.7350000000   42.7897003626    0.2466070229   43.2764835700
mock_SNLS3    0.7360000000   43.3535206798    0.2234804466   43.2801025400
mock_SNLS3    0.7370000000   43.2164365248    0.2094404877   43.2837168000
mock_SNLS3    0.7400000000   42.7204861386    0.4223366974   43.2945314300
mock_SNLS3    0.7420000000   43.2115616282    0.2146017865   43.3017178400
mock_SNLS3    0.7441000000   43.1484788287    0.1911644016   43.3092436000
mock_SNLS3    0.7450000000   43.2366744646    0.1942710990   43.3124626800
mock_SNLS3    0.7500000000   43.1044676435    0.2152261359   43.3302787700
mock_SNLS3    0.7510000000   43.3776482774    0.2434654067   43.3338283000
mock_SNLS3    0.7560000000   42.8366096954    0.4281592154   43.3515080900
mock_SNLS3    0.7570000000   43.4345176264    0.1915791691   43.3550305500
mock_SNLS3    0.7600000000   43.3152053832    0.1831366881   43.3655711800
mock_SNLS3    0.7600000000   43.2625568111    0.3043525282   43.3655711800
mock_SNLS3    0.7630000000   43.2766544522    0.2147493631   43.3760718700
mock_SNLS3    0.7630000000   43.3739163681    0.1823370765   43.3760718700
mock_SNLS3    0.7660000000   42.9966144380    0.2224901022   43.3865329100
mock_SNLS3    0.7670000000   43.3813559757    0.1878143209   43.3900111600
mock_SNLS3    0.7677000000   43.8015667769    0.2086099994   43.3924433400
mock_SNLS3    0.7690000000   43.0208502163    0.4107184651   43.3969545900
mock_SNLS3    0.7700000000   43.0048906820    0.2585345052   43.4004197900
mock_SNLS3    0.7750000000   43.3268880768    0.2443910484   43.4176810500
mock_SNLS3    0.7780000000   43.6101585016    0.3440267143   43.4279863800
mock_SNLS3    0.7900000000   43.2043769887    0.2866136162   43.4688281700
mock_SNLS3    0.7910000000   43.4308911331    0.2296226572   43.4722045900
mock_SNLS3    0.7980000000   43.6200725261    0.3115740293   43.4957247800
mock_SNLS3    0.8000000000   43.9653940258    0.3943277492   43.5024082400
mock_SNLS3    0.8000000000   43.4019570086    0.2355740626   43.5024082400
mock_SNLS3    0.8050000000   43.2950676160    0.2301235478   43.5190465100
mock_SNLS3    0.8050000000   43.3572590034    0.2617725617   43.5190465100
mock_SNLS3    0.8080000000   43.7011574269    0.2649754426   43.5289815900
mock_SNLS3    0.8100000000   43.2784945242    0.2554685052   43.5355851800
mock_SNLS3    0.8100000000   43.3602780303    0.2801500136   43.5355851800
mock_SNLS3    0.8110000000   43.7817888915    0.2308952695   43.5388810600
mock_SNLS3    0.8130000000   43.5541768952    0.2198633515   43.5454610400
mock_SNLS3    0.8170000000   43.5999690325    0.2228567234   43.5585741400
mock_SNLS3    0.8200000000   43.2140773100    0.2633473023   43.5683682500
mock_SNLS3    0.8218000000   43.4705013458    0.2243721282   43.5742280700
mock_SNLS3    0.8300000000   43.6297303155    0.2331053785   43.6007664200
mock_SNLS3    0.8300000000   43.0452340555    0.4018720805   43.6007664200
mock_SNLS3    0.8360000000   43.6929939985    0.2721723103   43.6200241800
mock_SNLS3    0.8390000000   43.4134041842    0.2116385638   43.6296028400
mock_SNLS3    0.8390000000   43.4203816066    0.2605007622   43.6296028400
mock_SNLS3    0.8400000000   43.3561276763    0.2720909754   43.6327883400
mock_SNLS3    0.8420000000   43.5738078692    0.2556434510   43.6391483200
mock_SNLS3    0.8420000000   43.7855370275    0.3219582886   43.6391483200
mock_SNLS3    0.8500000000   43.7938537701    0.2210552589   43.6644423900
mock_SNLS3    0.8500000000   43.1113114543    0.2606310683   43.6644423900
mock_SNLS3    0.8500000000   43.3870368266    0.2271651520   43.6644423900
mock_SNLS3    0.8550000000   43.6682633358    0.2397280941   43.6801339900
mock_SNLS3    0.8600000000   43.6947099419    0.2627361654   43.6957366400
mock_SNLS3    0.8600000000   43.2441512608    0.3356343655   43.6957366400
mock_SNLS3    0.8600000000   43.7488900302    0.3268296522   43.6957366400
mock_SNLS3    0.8650000000   43.7934374461    0.3758343239   43.7112513000
mock_SNLS3    0.8660000000   43.7336902888    0.2493112998   43.7143437500
mock_SNLS3    0.8660000000   43.3549156533    0.2395322971   43.7143437500
mock_SNLS3    0.8680000000   43.9658390249    0.2478843540   43.7205182500
mock_SNLS3    0.8700000000   43.8603591516    0.3674547827   43.7266789200
mock_SNLS3    0.8800000000   44.1134735374    0.2242482860   43.7572767800
mock_SNLS3    0.8900000000   43.6076300554    0.2525952506   43.7875375600
mock_SNLS3    0.8910000000   43.8808260320    0.2370316300   43.7905453800
mock_SNLS3    0.8990000000   43.2413391364    0.2483241180   43.8144899200
mock_SNLS3    0.9010000000   43.9725179540    0.2387199411   43.8204435400
mock_SNLS3    0.9100000000   43.7096557792    0.2714215781   43.8470760100
mock_SNLS3    0.9150000000   44.1078255628    0.2367148606   43.8617607600
mock_SNLS3    0.9200000000   44.0416397631    0.2688174247   43.8763672000
mock_SNLS3    0.9200000000   43.5520139086    0.3462320203   43.8763672000
mock_SNLS3    0.9240000000   44.0850873837    0.3487058382   43.8879965200
mock_SNLS3    0.9271000000   43.2250652664    0.2858672874   43.8969753800
mock_SNLS3    0.9300000000   43.9300119740    0.3636413132   43.9053483800
mock_SNLS3    0.9300000000   44.0050047318    0.3011196050   43.9053483800
mock_SNLS3    0.9340000000   43.6152784216    0.3128143786   43.9168554500
mock_SNLS3    0.9350000000   44.2049375660    0.3667271835   43.9197246700
mock_SNLS3    0.9360000000   44.1573695772    0.3644353956   43.9225908800
mock_SNLS3    0.9360000000   44.2250719560    0.2342010957   43.9225908800
mock_SNLS3    0.9490000000   44.2088477906    0.2799649655   43.9595807600
mock_SNLS3    0.9500000000   43.9105421701    0.3481601142   43.9624055100
mock_SNLS3    0.9500000000   44.2434896096    0.2701603486   43.9624055100
mock_SNLS3    0.9600000000   44.3076654189    0.2548931733   43.9904934200
mock_SNLS3    0.9600000000   44.2187266778    0.3312392700   43.9904934200
mock_SNLS3    0.9610000000   43.6805828055    0.3603967421   43.9932863900
mock_SNLS3    0.9700000000   43.7308633636    0.4828832390   44.0182952400
mock_SNLS3    0.9750000000   44.3096844363    0.2069859695   44.0320906100
mock_SNLS3    0.9810000000   44.2960101527    0.2480172049   44.0485534300
mock_SNLS3    0.9830000000   43.8233921960    0.3391505653   44.0540190100
mock_SNLS3    0.9850000000   43.9560299392    0.2499582165   44.0594736500
mock_SNLS3    0.9980000000   44.4482873775    0.2657917879   44.0946649600
mock_SNLS3    1.0000000000   44.0773861698    0.3002523700   44.1000388600
mock_SNLS3    1.0020000000   44.4697941767    0.7011565148   44.1054021600
mock_SNLS3    1.0100000000   44.3702800309    0.3940537726   44.1267502400
mock_SNLS3    1.0200000000   44.0999074690    0.2318225527   44.1532017300
mock_SNLS3    1.0200000000   44.2521605816    0.2942668510   44.1532017300
mock_SNLS3    1.0310000000   43.9453005820    0.3659100016   44.1820039400
mock_SNLS3    1.0600000000   44.2119188050    0.3391163133   44.2565030800
mock_SNLS3    1.1200000000   44.8316047228    0.2275498186   44.4044193200
mock_SNLS3    1.1400000000   44.5230860172    0.2563077795   44.4519761600
mock_SNLS3    1.2300000000   44.7188818912    0.3403776935   44.6561420800
mock_SNLS3    1.2650000000   44.8985567577    0.3207540815   44.7315171700
mock_SNLS3    1.3000000000   44.6580502505    0.2173689486   44.8048205400
mock_SNLS3    1.3400000000   45.0122660700    0.3095955456   44.8861949300
mock_SNLS3    1.3900000000   44.8873559376    0.3818482086   44.9845238800
