  jla_mock 0.503084 42.27459989 0.14571158 42.27710165
  jla_mock 0.580724 42.44218748 0.16122778 42.65288757
  jla_mock 0.494795 42.08757053 0.12070859 42.23380227
  jla_mock 0.345928 41.27430022 0.13253081 41.31423394
  jla_mock 0.677662 43.22839162 0.22871689 43.06065815
  jla_mock 0.610712 43.02205367 0.22548733 42.78550004
  jla_mock 0.866494 43.40246225 0.25803499 43.71583788
  jla_mock 0.330932 41.40616197 0.12801230 41.20214124
  jla_mock 0.798566 43.37831627 0.25919990 43.49759065
  jla_mock 0.449562 41.91691664 0.16139765 41.98508724
  jla_mock 0.371443 41.39203236 0.14921889 41.49506003
  jla_mock 0.291718 41.01473066 0.14231442 40.88534426
  jla_mock 0.355820 41.47642302 0.14101044 41.38575040
  jla_mock 0.461274 42.20989855 0.15587207 42.05162357
  jla_mock 0.283610 40.78400369 0.13055630 40.81497031
  jla_mock 0.632234 42.92701568 0.22182909 42.87695673
  jla_mock 0.466414 41.69874784 0.17243727 42.08034259
  jla_mock 0.268624 40.92623669 0.12820280 40.67992826
  jla_mock 0.946890 44.03898890 0.29224985 43.95358400
  jla_mock 0.924917 43.89449307 0.31213110 43.89065134
  jla_mock 0.693165 43.01590726 0.29243158 43.12069432
  jla_mock 0.625233 42.88256825 0.19088816 42.84754675
  jla_mock 0.896944 43.59384591 0.26745476 43.80835510
  jla_mock 0.608261 43.08334744 0.15987482 42.77488783
  jla_mock 0.789054 43.69284051 0.26932700 43.46559609
  jla_mock 0.578292 42.71370980 0.14637659 42.64183302
  jla_mock 0.590280 42.48985709 0.18966931 42.69581830
  jla_mock 0.719626 43.61109658 0.25305179 43.22021202
  jla_mock 0.210032 40.16794736 0.13132256 40.07512520
  jla_mock 0.766590 43.43788177 0.22576765 43.38856138
  jla_mock 0.858513 43.26862856 0.22289539 43.69107922
  jla_mock 0.367904 41.46543453 0.09931133 41.47067633
  jla_mock 0.558746 42.71304154 0.15678156 42.55153127
  jla_mock 0.848509 44.14797887 0.21739327 43.65971240
  jla_mock 0.996390 43.69270451 0.24266005 44.09030908
  jla_mock 0.776594 43.56783696 0.26449227 43.42315585
  jla_mock 0.582932 42.57004573 0.13306958 42.66286084
  jla_mock 0.583743 42.48208749 0.16752875 42.66651159
  jla_mock 0.796552 43.81384343 0.22887969 43.49084078
  jla_mock 0.588721 42.87039588 0.15579306 42.68886827
  jla_mock 0.913473 43.99405073 0.24294053 43.85725873
  jla_mock 0.768587 43.65402358 0.23905376 43.39551722
  jla_mock 0.948455 44.13491630 0.26528102 43.95800543
  jla_mock 0.513793 42.72695046 0.15287930 42.33204049
  jla_mock 0.733609 43.52296619 0.19294483 43.27140703
  jla_mock 0.637701 42.90864772 0.27010736 42.89972139
  jla_mock 0.765588 43.28336823 0.21113574 43.38506688
  jla_mock 0.434861 41.91176494 0.15772880 41.89921787
  jla_mock 0.983407 44.22665649 0.25879722 44.05511838
  jla_mock 0.583743 42.56709317 0.16232669 42.66651159
  jla_mock 0.700631 43.53948159 0.21687358 43.14913913
  jla_mock 0.662058 42.98971000 0.21294856 42.99889797
  jla_mock 0.838126 43.54587010 0.28077453 43.62678119
  jla_mock 0.621874 42.67137410 0.17546981 42.83329136
  jla_mock 0.370586 41.49079010 0.14291643 41.48917715
  jla_mock 0.416632 41.65793415 0.13815441 41.78893191
  jla_mock 0.358570 41.25435520 0.10704088 41.40532205
  jla_mock 0.451681 41.92339404 0.15278703 41.99722362
  jla_mock 0.522762 42.34471925 0.16112888 42.37720580
  jla_mock 0.733996 43.47816536 0.30408870 43.27281129
  jla_mock 0.701965 43.26763474 0.31176741 43.15417465
  jla_mock 0.742008 43.23915261 0.29013165 43.30171378
  jla_mock 0.746118 43.30108624 0.21822021 43.31643756
  jla_mock 0.349560 41.52933057 0.13472825 41.34070971
  jla_mock 0.591835 42.52832562 0.15357327 42.70275050
  jla_mock 0.514746 42.33771720 0.15561143 42.33685840
  jla_mock 0.620632 42.79529390 0.18447364 42.82801766
  jla_mock 0.643646 42.78327492 0.24392132 42.92425127
  jla_mock 1.002795 43.93163749 0.33216844 44.10750854
  jla_mock 0.470586 42.12433128 0.14420733 42.10343429
  jla_mock 0.610643 42.72710613 0.15877872 42.78520128
  jla_mock 0.263487 40.67666801 0.12804977 40.63202731
  jla_mock 0.358336 41.53530689 0.12918713 41.40366931
  jla_mock 0.742697 43.10409779 0.25908753 43.30418923
  jla_mock 0.451556 41.86049715 0.11538935 41.99650770
  jla_mock 0.910752 43.79016042 0.26164869 43.84925407
  jla_mock 0.552605 42.57044465 0.15821060 42.52254908
  jla_mock 0.337534 40.85792495 0.12813367 41.25205666
  jla_mock 0.750681 42.80229949 0.24281434 43.33267001
  jla_mock 0.983777 43.65678994 0.34665096 44.05613237
  jla_mock 0.822697 43.31103284 0.22175759 43.57711051
  jla_mock 0.813696 43.60252017 0.24256727 43.54771251
  jla_mock 0.950763 43.99527328 0.26472927 43.96452597
  jla_mock 0.817732 43.43062698 0.24643394 43.56096129
  jla_mock 0.340520 41.21802913 0.12574260 41.27434731
  jla_mock 0.960751 44.05521671 0.28766046 43.99255885
  jla_mock 0.810720 43.50795045 0.27275574 43.53793555
  jla_mock 0.756687 43.34218164 0.24755189 43.35389370
  jla_mock 0.611252 43.00461303 0.18572910 42.78783810
  jla_mock 0.877971 43.91297390 0.22378685 43.75108573
  jla_mock 0.548325 42.52865265 0.14258079 42.50214510
  jla_mock 0.809032 43.54518819 0.23222084 43.53239002
  jla_mock 1.028800 43.85515920 0.28337345 44.17623810
  jla_mock 0.627239 43.14925788 0.17555461 42.85598177
  jla_mock 0.422452 41.96021367 0.15606690 41.82463937
  jla_mock 0.933900 43.47618417 0.34999950 43.91655625
  jla_mock 0.701158 43.16819677 0.22740618 43.15112843
  jla_mock 0.697164 43.13731100 0.20952266 43.13593901
  jla_mock 0.685179 43.32786017 0.27044472 43.08992881
  jla_mock 0.767075 43.74075770 0.25233801 43.39025283
  jla_mock 0.931901 43.90108128 0.25136810 43.91079320
  jla_mock 0.863978 43.46163420 0.24510246 43.70805418
  jla_mock 0.749100 43.49718376 0.22590126 43.32704575
  jla_mock 0.514353 42.27141261 0.15357466 42.33487158
  jla_mock 0.468406 41.98090904 0.11440416 42.09141773
  jla_mock 0.470398 42.09498955 0.15654577 42.10239800
  jla_mock 0.958871 43.65590964 0.27681249 43.98730105
  jla_mock 0.927909 43.29573172 0.29724149 43.89928440
  jla_mock 0.840522 43.90357042 0.21913135 43.63442005
  jla_mock 0.630699 42.86127728 0.17083127 42.87053069
  jla_mock 0.562751 42.60750052 0.14440652 42.57027306
  jla_mock 0.615698 42.92152842 0.16969222 42.80694489
  jla_mock 0.828528 43.93029173 0.22446355 43.59599102
  jla_mock 0.564741 42.52841074 0.16042692 42.57954163
  jla_mock 0.578745 42.66968550 0.14758356 42.64389211
  jla_mock 0.557743 42.51130815 0.15831963 42.54682676
  jla_mock 0.864497 43.53770144 0.22870035 43.70965980
  jla_mock 0.735608 43.17788199 0.23468503 43.27866052
  jla_mock 0.858507 44.25280756 0.28336591 43.69106047
  jla_mock 0.261984 40.70545083 0.10443414 40.61785379
  jla_mock 0.585743 42.78401873 0.18660838 42.67551465
  jla_mock 0.761580 43.10326100 0.21598834 43.37108889
  jla_mock 0.488800 42.27313132 0.11155101 42.20209244
  jla_mock 0.858516 43.51416336 0.27431051 43.69108859
  jla_mock 0.688656 43.28931750 0.18053033 43.10334160
  jla_mock 0.558743 42.66036533 0.15491557 42.55151723
  jla_mock 0.324532 41.10213217 0.12601850 41.15287319
  jla_mock 0.480704 42.29391397 0.10839252 42.15866163
  jla_mock 0.185371 39.62531622 0.13095679 39.77254564
  jla_mock 0.922221 43.88355912 0.33854809 43.88279991
  jla_mock 0.681942 43.11334098 0.19640351 43.07734372
  jla_mock 0.475707 42.03373509 0.10811298 42.13152285
  jla_mock 0.922210 44.25978062 0.27644363 43.88276787
  jla_mock 0.893183 44.00096138 0.25783329 43.79706560
  jla_mock 0.428646 42.02604012 0.14143599 41.86209452
  jla_mock 0.631882 43.19374158 0.23474045 42.87549100
  jla_mock 0.699960 43.47359661 0.25834877 43.14659772
  jla_mock 0.736007 43.37824084 0.26468680 43.28010832
  jla_mock 0.575823 42.54665591 0.15953941 42.63061030
  jla_mock 0.418633 41.86649092 0.10651651 41.80126293
  jla_mock 0.511746 42.13997460 0.12000546 42.32159289
  jla_mock 0.535771 42.56539945 0.12653138 42.44150478
  jla_mock 0.641893 42.91793107 0.21547239 42.91702278
  jla_mock 0.734996 43.12365397 0.22720400 43.27643984
  jla_mock 0.351560 41.46016421 0.13079492 41.35518543
  jla_mock 0.609860 42.94832246 0.17401244 42.78181109
  jla_mock 0.349557 41.28982528 0.13436921 41.34068791
  jla_mock 0.701969 42.95084526 0.18819535 43.15418975
  jla_mock 0.355261 41.36861618 0.10427939 41.38176452
  jla_mock 0.983280 44.00830893 0.25756994 44.05477034
  jla_mock 0.872152 43.73034346 0.26597542 43.73326358
  jla_mock 0.759030 43.62576871 0.20819082 43.36214646
  jla_mock 0.926220 44.10341376 0.24599386 43.89441507
  jla_mock 0.643642 43.08901985 0.22846121 42.92423478
  jla_mock 0.419569 41.89536010 0.13772753 41.80699449
  jla_mock 0.515587 42.65662296 0.20313602 42.34111010
  jla_mock 0.890729 43.88318799 0.21057911 43.78969936
  jla_mock 0.805696 43.58442154 0.22987004 43.52132092
  jla_mock 0.480568 42.46774249 0.10874993 42.15792621
  jla_mock 0.800697 43.63753420 0.24546005 43.50473264
  jla_mock 0.580604 42.92153049 0.18881444 42.65234211
  jla_mock 0.715652 43.53552784 0.24396561 43.20550425
  jla_mock 0.805695 43.72350963 0.23276535 43.52131760
  jla_mock 0.766684 43.64351727 0.25283777 43.38888921
  jla_mock 0.664638 42.99561838 0.19578546 43.00922858
  jla_mock 0.901736 44.09513287 0.25190507 43.82259567
  jla_mock 0.745665 43.46381777 0.21142864 43.31482606
  jla_mock 0.718680 43.76889226 0.20380008 43.21671088
  jla_mock 0.736690 43.06324430 0.19636251 43.28258662
  jla_mock 0.579600 42.44636064 0.12084594 42.64777848
  jla_mock 0.370531 41.61313563 0.10256736 41.48879960
  jla_mock 0.960740 43.94037385 0.23956115 43.99252809
  jla_mock 0.850729 43.83707813 0.21179952 43.66671958
  jla_mock 0.648640 42.52394843 0.19254569 42.94468610
  jla_mock 0.219462 40.24547569 0.13036783 40.18221211
  jla_mock 0.936755 43.80131687 0.24129989 43.92472922
  jla_mock 0.647639 42.74317322 0.17876349 42.94059867
  jla_mock 0.461564 42.02870621 0.13341110 42.05325303
  jla_mock 0.600603 42.72606776 0.17945434 42.74150193
  jla_mock 0.670654 43.05573553 0.23100742 43.03309544
  jla_mock 0.760698 43.30325233 0.20946016 43.36801289
  jla_mock 0.246492 40.41533631 0.13212126 40.46723114
  jla_mock 0.470573 42.12522591 0.14759396 42.10336263
  jla_mock 0.169455 39.64850793 0.11209573 39.55678917
  jla_mock 0.497379 42.16791968 0.12912927 42.24737835
  jla_mock 0.638234 42.75245352 0.19688575 42.90193490
  jla_mock 0.507371 42.20163176 0.14542671 42.29920550
  jla_mock 0.535327 42.55947025 0.14229510 42.43934075
  jla_mock 0.587285 42.66124263 0.16639385 42.68245602
  jla_mock 0.773081 43.05994950 0.25620999 43.41103522
  jla_mock 0.699166 43.28747577 0.22210270 43.14357089
  jla_mock 0.370511 41.42553088 0.12736057 41.48866231
  jla_mock 0.761089 43.37330376 0.22808946 43.36937651
  jla_mock 0.699169 43.41146239 0.21959570 43.14358233
  jla_mock 0.788060 43.39235152 0.19242158 43.46223138
  jla_mock 0.373513 41.72482992 0.13202741 41.50924344
  jla_mock 0.405478 41.79833646 0.13198879 41.71925539
  jla_mock 0.852994 43.71209866 0.25729076 43.67383293
  jla_mock 0.808048 43.48628241 0.24185374 43.52912538
  jla_mock 0.603272 42.65236453 0.18397635 42.75317111
  jla_mock 0.583290 42.40831793 0.17902789 42.66447239
  jla_mock 0.534335 42.51661029 0.14774220 42.43446867
  jla_mock 0.720140 43.47081052 0.24070231 43.22211434
  jla_mock 0.400485 41.88057576 0.21060605 41.68747331
  jla_mock 0.837004 43.86714301 0.21502566 43.62320406
  jla_mock 0.371508 41.42113202 0.10193219 41.49550623
  jla_mock 0.806041 43.92385084 0.25907683 43.52246571
  jla_mock 0.840005 43.51030228 0.23506835 43.63277177
  jla_mock 0.500728 42.19395032 0.12981336 42.26484189
  jla_mock 0.532765 42.43844142 0.17422186 42.42675782
  jla_mock 0.533766 42.37516034 0.18215335 42.43167410
  jla_mock 0.932229 43.77709436 0.34152943 43.91173881
  jla_mock 0.822103 44.18718197 0.25790730 43.57517845
  jla_mock 0.553797 42.25656520 0.13544877 42.52818142
  jla_mock 0.125298 38.71053569 0.13709229 38.84106498
  jla_mock 0.842123 43.51120875 0.28302626 43.63952432
  jla_mock 0.443668 41.99441908 0.15186631 41.95096666
  jla_mock 0.727675 42.91181052 0.24978201 43.24980232
  jla_mock 0.683659 43.11296893 0.41253064 43.08401922
  jla_mock 0.442548 42.07431599 0.13367762 41.94442810
  jla_mock 0.726679 43.26946716 0.20021505 43.24615236
  jla_mock 0.282510 40.47560869 0.12747632 40.80530724
  jla_mock 0.404549 41.78745660 0.12965359 41.71336120
  jla_mock 0.519611 42.62869514 0.13964385 42.36142862
  jla_mock 0.690652 43.10806362 0.23214813 43.11102588
  jla_mock 1.060801 44.12504155 0.27869308 44.25850417
  jla_mock 0.576612 42.60514477 0.15376326 42.63419666
  jla_mock 0.268489 40.72870924 0.12614174 40.67868477
  jla_mock 0.720680 43.79314886 0.25106936 43.22411288
  jla_mock 0.250498 40.41419497 0.13111277 40.50698685
  jla_mock 0.760691 43.25044086 0.27664014 43.36798848
  jla_mock 0.698167 42.99027476 0.26129048 43.13976258
  jla_mock 0.550315 42.70222178 0.16854352 42.51163951
  jla_mock 0.730128 43.30415194 0.23524622 43.25877602
  jla_mock 0.847985 43.68106753 0.24702775 43.65805845
  jla_mock 0.997826 44.51074804 0.24705649 44.09416520
  jla_mock 0.435446 41.90772496 0.13052406 41.90269898
  jla_mock 0.409470 41.70797425 0.12922369 41.74440667
  jla_mock 0.301590 40.82620329 0.12598595 40.96861318
  jla_mock 1.299106 44.88538768 0.19340708 44.80295884
  jla_mock 1.020807 44.20031641 0.23668119 44.15528928
  jla_mock 0.839734 44.00569366 0.19264717 43.63190777
  jla_mock 1.120850 44.33287293 0.20807086 44.40642252
  jla_mock 1.230892 44.74347066 0.23900250 44.65805713
  jla_mock 0.974230 44.29671700 0.18427047 44.02996885
  jla_mock 0.970782 44.07418853 0.33863365 44.02042535
  jla_mock 0.064229 37.22304548 0.15072784 37.30037791
  jla_mock 0.129030 38.95835701 0.16416611 38.91003962
  jla_mock 0.102890 38.23342663 0.14983539 38.38123082
  jla_mock 0.044130 36.60174907 0.17359564 36.45415970
  jla_mock 0.113040 38.39066580 0.15276523 38.60013137
  jla_mock 0.256110 40.42366657 0.20496122 40.56172302
  jla_mock 0.380260 41.63265771 0.28702753 41.55490922
  jla_mock 0.145470 39.34385658 0.16218924 39.19315913
  jla_mock 0.088890 38.14333093 0.14636771 38.04314103
  jla_mock 0.260590 40.40908431 0.18294429 40.60464301
  jla_mock 0.078910 37.59871546 0.15602647 37.76964193
  jla_mock 0.083040 37.91790974 0.15331705 37.88659751
  jla_mock 0.165650 39.54024029 0.13854363 39.50243618
  jla_mock 0.168170 39.45629859 0.16196037 39.53856886
  jla_mock 0.170630 39.52694158 0.16520984 39.57335790
  jla_mock 0.170280 39.58646483 0.17035518 39.56845298
  jla_mock 0.120440 38.67157933 0.15109792 38.74834258
  jla_mock 0.276530 40.65472954 0.21443501 40.75202947
  jla_mock 0.231600 40.41358513 0.18253328 40.31398810
  jla_mock 0.305690 40.75276216 0.26735001 41.00246986
  jla_mock 0.079970 37.76712497 0.16566195 37.80021288
  jla_mock 0.174150 39.94541626 0.15831009 39.62233390
  jla_mock 0.138680 38.95831336 0.16604939 39.08005465
  jla_mock 0.146070 39.38489814 0.16391832 39.20292737
  jla_mock 0.081330 38.05358920 0.14393418 37.83886154
  jla_mock 0.233800 40.36746233 0.17178002 40.33718241
  jla_mock 0.256550 40.78257606 0.17733386 40.56597272
  jla_mock 0.245620 40.25369530 0.20041043 40.45848319
  jla_mock 0.125930 39.11072019 0.19132506 38.85287811
  jla_mock 0.223510 40.34039067 0.21582750 40.22688870
  jla_mock 0.102640 38.35746288 0.14663754 38.37559387
  jla_mock 0.119670 38.78763903 0.14566661 38.73333561
  jla_mock 0.180550 39.33480466 0.16851019 39.70906170
  jla_mock 0.197090 39.86590839 0.17389574 39.92070050
  jla_mock 0.229160 40.34387043 0.19939442 40.28801769
  jla_mock 0.264510 40.64873212 0.19876199 40.64163064
  jla_mock 0.103370 38.51265212 0.12264053 38.39202172
  jla_mock 0.364410 41.50357108 0.23042794 41.44639133
  jla_mock 0.205600 40.21768938 0.15584351 40.02325654
  jla_mock 0.179810 39.90642069 0.19620482 39.69918339
  jla_mock 0.199590 39.84173555 0.18224440 39.95123585
  jla_mock 0.156530 39.51361175 0.15012954 39.36728138
  jla_mock 0.161800 39.37605683 0.14760764 39.44626416
  jla_mock 0.209530 40.03742047 0.20608020 40.06931740
  jla_mock 0.241790 40.32177025 0.19813238 40.41980198
  jla_mock 0.236460 40.49733712 0.16266354 40.36497147
  jla_mock 0.226680 40.15404887 0.21050732 40.26135800
  jla_mock 0.296780 40.95290192 0.19716042 40.92836382
  jla_mock 0.208520 40.07243676 0.16317028 40.05754079
  jla_mock 0.251040 41.05154540 0.22085837 40.51232199
  jla_mock 0.250120 40.46044348 0.17967388 40.50326604
  jla_mock 0.117710 38.61770610 0.14551100 38.69469577
  jla_mock 0.219710 40.11619471 0.16999397 40.18497414
  jla_mock 0.149010 39.21826117 0.14890457 39.25021107
  jla_mock 0.287420 40.82383752 0.18840122 40.84826474
  jla_mock 0.143600 39.26405487 0.16639625 39.16250030
  jla_mock 0.328370 41.21184984 0.19601268 41.18252527
  jla_mock 0.246250 40.08816389 0.16506508 40.46480338
  jla_mock 0.119660 38.55988244 0.15026680 38.73313941
  jla_mock 0.328380 40.81358949 0.27642285 41.18260220
  jla_mock 0.215130 39.74827031 0.18366862 40.13355604
  jla_mock 0.144780 39.28265618 0.13616902 39.18189244
  jla_mock 0.132430 38.94529067 0.12839376 38.97124243
  jla_mock 0.210820 39.55988036 0.16235031 40.08424183
  jla_mock 0.203990 40.03050721 0.15780808 40.00414975
  jla_mock 0.279520 40.72964785 0.16701092 40.77880193
  jla_mock 0.044280 36.46086125 0.15509722 36.46174914
  jla_mock 0.180370 39.46537452 0.15078404 39.70665887
  jla_mock 0.260700 40.70860683 0.18972170 40.60568547
  jla_mock 0.056540 36.88613674 0.18696980 37.01166886
  jla_mock 0.212600 40.58656911 0.19194689 40.10471675
  jla_mock 0.369410 41.75612357 0.23700047 41.48110448
  jla_mock 0.173860 39.83111231 0.13051969 39.61834998
  jla_mock 0.142650 39.06711627 0.16862649 39.14679731
  jla_mock 0.177890 39.86061762 0.17323466 39.67336899
  jla_mock 0.328370 41.33057698 0.20656404 41.18252527
  jla_mock 0.253510 40.51148682 0.19560920 40.53650221
  jla_mock 0.300010 40.68425753 0.19320267 40.95546874
  jla_mock 0.105890 38.43276375 0.14607715 38.44799109
  jla_mock 0.223280 40.05609732 0.16843887 40.22437539
  jla_mock 0.118450 38.65133750 0.12252294 38.70935573
  jla_mock 0.176530 39.58196030 0.17118858 39.65491611
  jla_mock 0.182800 39.69238430 0.18906536 39.73889217
  jla_mock 0.297620 40.99362176 0.22708191 40.93544539
  jla_mock 0.196990 39.59443151 0.16336648 39.91947550
  jla_mock 0.152950 39.32947425 0.14755004 39.31220059
  jla_mock 0.248500 40.54384611 0.17447627 40.48722668
  jla_mock 0.138180 39.03530257 0.12408786 39.07150884
  jla_mock 0.207040 39.78301411 0.17044837 40.04023669
  jla_mock 0.214680 40.02370178 0.18059604 40.12844801
  jla_mock 0.306320 40.59183033 0.21502986 41.00764886
  jla_mock 0.246950 40.72467724 0.17120148 40.47182389
  jla_mock 0.198010 40.05530424 0.14489973 39.93197045
  jla_mock 0.222560 40.12272449 0.15195110 40.21649103
  jla_mock 0.135080 39.18920003 0.15130600 39.01794405
  jla_mock 0.210540 40.33560416 0.18260591 40.08100242
  jla_mock 0.272580 40.59076392 0.16910743 40.71622656
  jla_mock 0.246600 40.21759663 0.16168519 40.46831460
  jla_mock 0.220680 40.22767448 0.19428942 40.19575119
  jla_mock 0.274470 40.89081990 0.19147108 40.73341110
  jla_mock 0.176560 39.68517141 0.15540451 39.65532432
  jla_mock 0.310880 41.01207011 0.22015615 41.04473105
  jla_mock 0.184350 39.73305923 0.17307932 39.75922489
  jla_mock 0.159350 39.73662464 0.14827050 39.40982852
  jla_mock 0.219760 40.31591274 0.16604587 40.18553101
  jla_mock 0.252050 40.41088250 0.18410044 40.52226384
  jla_mock 0.181220 39.59233452 0.14940352 39.71800129
  jla_mock 0.173730 39.47626515 0.13336424 39.61654695
  jla_mock 0.380470 41.42716622 0.24246083 41.55632362
  jla_mock 0.178650 39.99467442 0.17172186 39.68361175
  jla_mock 0.245680 40.21809951 0.18910008 40.45908511
  jla_mock 0.209100 40.09638463 0.16102286 40.06431519
  jla_mock 0.249470 40.30117666 0.20970726 40.49686584
  jla_mock 0.133920 38.88193966 0.16606211 38.99761169
  jla_mock 0.177060 39.85600676 0.16039966 39.66212774
  jla_mock 0.281110 41.03728056 0.18775324 40.79290250
  jla_mock 0.173830 39.63600516 0.15186906 39.61793393
  jla_mock 0.196540 40.08182584 0.16513423 39.91393501
  jla_mock 0.363970 41.60947239 0.22724835 41.44331300
  jla_mock 0.378350 41.47033002 0.26733097 41.54204491
  jla_mock 0.316460 40.70638265 0.21038880 41.08947283
  jla_mock 0.183220 39.87444750 0.13519430 39.74442604
  jla_mock 0.241020 40.22472740 0.16773658 40.41192924
  jla_mock 0.202030 39.91070395 0.19953174 39.98070999
  jla_mock 0.168690 39.52286775 0.16511959 39.54597364
  jla_mock 0.197940 39.75540123 0.17492454 39.93111295
  jla_mock 0.122760 38.87062826 0.14574653 38.79305529
  jla_mock 0.203180 40.05165736 0.16105255 39.99450699
  jla_mock 0.127390 38.83214140 0.14895509 38.87996467
  jla_mock 0.275490 41.02928997 0.19972760 40.74262991
  jla_mock 0.144680 39.29582414 0.14721731 39.18025959
  jla_mock 0.334360 41.25458565 0.24977783 41.22817044
  jla_mock 0.195800 39.69115950 0.15392559 39.90478319
  jla_mock 0.193920 39.72069815 0.16374737 39.88143323
  jla_mock 0.249730 40.38067471 0.18580683 40.49942710
  jla_mock 0.148600 39.19556864 0.14879989 39.24365667
  jla_mock 0.155960 39.41013477 0.14872192 39.35858004
  jla_mock 0.095820 37.95852345 0.15034816 38.21633573
  jla_mock 0.150650 39.00633807 0.15872946 39.27620079
  jla_mock 0.309330 41.09623702 0.24715745 41.03218750
  jla_mock 0.248570 40.64093620 0.17340396 40.48792229
  jla_mock 0.365540 41.68077959 0.24311996 41.45429367
  jla_mock 0.117710 38.80011528 0.12847626 38.69469577
  jla_mock 0.191760 39.97771866 0.14428474 39.85434418
  jla_mock 0.182550 39.80100400 0.16171197 39.73558665
  jla_mock 0.234720 40.55985792 0.18444964 40.34683999
  jla_mock 0.246470 40.62205625 0.19927669 40.46701043
  jla_mock 0.288450 40.51631426 0.18873457 40.85721264
  jla_mock 0.209600 39.83363747 0.19927022 40.07012725
  jla_mock 0.191980 39.61936914 0.17965405 39.85711740
  jla_mock 0.114020 38.73988520 0.12215388 38.62028720
  jla_mock 0.113890 38.45984135 0.18397194 38.61763570
  jla_mock 0.198800 39.99733702 0.20967258 39.94164791
  jla_mock 0.220580 40.24512150 0.22796022 40.19464800
  jla_mock 0.182570 39.71405771 0.16453718 39.73585109
  jla_mock 0.158950 39.25407587 0.16372575 39.40383846
  jla_mock 0.078490 37.43864602 0.14911597 37.75744452
  jla_mock 0.138640 39.22136727 0.13217046 39.07937585
  jla_mock 0.180790 39.62785216 0.15445548 39.71226547
  jla_mock 0.177570 39.79292826 0.18629282 39.66905625
  jla_mock 0.170660 39.56625127 0.16102003 39.57377800
  jla_mock 0.233810 40.40302926 0.20858516 40.33728761
  jla_mock 0.071530 37.47517330 0.17410666 37.54531352
  jla_mock 0.154630 39.57344579 0.18791656 39.33819243
  jla_mock 0.090100 37.99203022 0.15950858 38.07426524
  jla_mock 0.176580 39.61586151 0.20448697 39.65559645
  jla_mock 0.130450 39.01635651 0.16440638 38.93578423
  jla_mock 0.182040 40.14634371 0.17166998 39.72884339
  jla_mock 0.256170 40.81194359 0.17261330 40.56230252
  jla_mock 0.138110 38.97335930 0.14854031 39.07030941
  jla_mock 0.170700 39.71416714 0.16749506 39.57433812
  jla_mock 0.216740 39.87819630 0.14793120 40.15174436
  jla_mock 0.245550 40.66266285 0.17887642 40.45778095
  jla_mock 0.143820 38.89687640 0.16709807 39.16612734
  jla_mock 0.248620 40.51319959 0.18856198 40.48841915
  jla_mock 0.145330 39.39743193 0.17138622 39.19087314
  jla_mock 0.135880 39.25834965 0.12760365 39.03189192
  jla_mock 0.058740 37.26739011 0.12754402 37.09796180
  jla_mock 0.036520 36.02787501 0.15191506 36.03106641
  jla_mock 0.277490 40.69065349 0.22703402 40.76063111
  jla_mock 0.205150 40.33568420 0.29701418 40.01795024
  jla_mock 0.280510 41.49421996 0.20078942 40.78758153
  jla_mock 0.198670 40.02109310 0.16215673 39.94005541
  jla_mock 0.159990 39.65020693 0.15164286 39.41941262
  jla_mock 0.210750 40.14430201 0.18113105 40.08343198
  jla_mock 0.071950 37.43797134 0.17245857 37.55864108
  jla_mock 0.237820 40.27623988 0.19074175 40.37905698
  jla_mock 0.141390 38.98084650 0.17359013 39.12581536
  jla_mock 0.155060 39.37102380 0.15760876 39.34481996
  jla_mock 0.370130 41.21246375 0.22886799 41.48604693
  jla_mock 0.093910 38.15127620 0.17056414 38.16981045
  jla_mock 0.118630 38.87712823 0.17057943 38.71292166
  jla_mock 0.153630 39.27907299 0.15381057 39.32277957
  jla_mock 0.253560 40.43311772 0.16809525 40.53698973
  jla_mock 0.107250 38.40179367 0.14420228 38.47765267
  jla_mock 0.129610 38.92819174 0.15302154 38.92057066
  jla_mock 0.266650 40.70124690 0.19376454 40.66161135
  jla_mock 0.212260 40.19850852 0.16262819 40.10082044
  jla_mock 0.278220 40.65795971 0.18167466 40.76716662
  jla_mock 0.245400 40.54833137 0.16811689 40.45627614
  jla_mock 0.133620 38.89776937 0.15059378 38.99232025
  jla_mock 0.176560 39.59601751 0.16208219 39.65532432
  jla_mock 0.113680 38.57882664 0.14584429 38.61331237
  jla_mock 0.320380 40.86248253 0.26368273 41.12044066
  jla_mock 0.112710 38.70766829 0.12253270 38.59333444
  jla_mock 0.106020 38.11101879 0.14472955 38.45084125
  jla_mock 0.391350 41.51364142 0.26610488 41.62836782
  jla_mock 0.155750 39.18224023 0.14611530 39.35537428
  jla_mock 0.186670 39.59906227 0.16762102 39.78939604
  jla_mock 0.196710 39.59716753 0.16669908 39.91603745
  jla_mock 0.191910 39.87744823 0.17339098 39.85623501
  jla_mock 0.190840 39.86294215 0.15087610 39.84274706
  jla_mock 0.176250 40.00484174 0.15361286 39.65110619
  jla_mock 0.128370 38.85570897 0.15035584 38.89796359
  jla_mock 0.122620 39.11645022 0.14734428 38.79038728
  jla_mock 0.127150 38.89505381 0.14706216 38.87552188
  jla_mock 0.213230 40.10291024 0.17620944 40.11193637
  jla_mock 0.218610 40.30883549 0.18110338 40.17272318
  jla_mock 0.268560 40.53055653 0.19152223 40.67933875
  jla_mock 0.204660 39.99875394 0.16518790 40.01212586
  jla_mock 0.267100 40.72691031 0.17377576 40.66579583
  jla_mock 0.217570 40.33793220 0.17264916 40.16107662
  jla_mock 0.241850 40.19888624 0.17151433 40.42041544
  jla_mock 0.293500 40.62764181 0.20071643 40.90055954
  jla_mock 0.353460 41.57016978 0.23113786 41.36886236
  jla_mock 0.185630 39.65548578 0.15494760 39.77590534
  jla_mock 0.285430 40.74452949 0.19928385 40.83094829
  jla_mock 0.194940 39.70586830 0.16836015 39.89414729
  jla_mock 0.075920 37.58144213 0.14499851 37.68127182
  jla_mock 0.163570 39.38464347 0.15777754 39.47224556
  jla_mock 0.257210 40.71912919 0.20821329 40.57234726
  jla_mock 0.219550 40.24734435 0.18725136 40.18319219
  jla_mock 0.175580 39.63394092 0.15163366 39.64197874
  jla_mock 0.226670 40.49448639 0.18608202 40.26124976
  jla_mock 0.153220 39.44223796 0.15082218 39.31640225
  jla_mock 0.210250 40.13486291 0.19550076 40.07764731
  jla_mock 0.121640 38.85922080 0.12361443 38.77156797
  jla_mock 0.291350 41.14101044 0.19904915 40.88220216
  jla_mock 0.294480 41.36908371 0.27859702 40.90891097
  jla_mock 0.164550 39.51438912 0.12599124 39.48650488
  jla_mock 0.307020 40.82978991 0.20906564 41.01337701
  jla_mock 0.198630 39.79461006 0.16157737 39.93956541
  jla_mock 0.268210 40.73555213 0.21539519 40.67611488
  jla_mock 0.401280 41.82741658 0.24823001 41.69256563
  jla_mock 0.136680 38.96477043 0.15334431 39.04573258
  jla_mock 0.295420 40.81648648 0.24720467 40.91686126
  jla_mock 0.291920 41.17584409 0.19219946 40.88706900
  jla_mock 0.090070 37.89622213 0.12096556 38.07349942
  jla_mock 0.205570 39.83483251 0.18292629 40.02290278
  jla_mock 0.145820 39.30349881 0.14934529 39.19887412
  jla_mock 0.117670 38.74916383 0.14486540 38.69390334
  jla_mock 0.054990 36.75808364 0.14997934 36.94888997
  jla_mock 0.174200 39.57243831 0.15142908 39.62302078
  jla_mock 0.244950 40.19421287 0.18020903 40.45176172
  jla_mock 0.224520 40.37907219 0.18249954 40.23792540
  jla_mock 0.245580 40.50882418 0.16228277 40.45808191
  jla_mock 0.283510 40.64081745 0.21250233 40.81409185
  jla_mock 0.180560 39.44708942 0.17619167 39.70919519
  jla_mock 0.103910 38.41723063 0.12352191 38.40413339
  jla_mock 0.129610 38.89888840 0.15326847 38.92057066
  jla_mock 0.243520 40.60932349 0.16045597 40.43733220
  jla_mock 0.331360 40.94756241 0.26935111 41.20540265
  jla_mock 0.243480 40.27615443 0.19048000 40.43692709
  jla_mock 0.314680 41.09281543 0.17577640 41.07526069
  jla_mock 0.218650 39.87250199 0.18935500 40.17316867
  jla_mock 0.260140 40.72999797 0.21925656 40.60037841
  jla_mock 0.282430 40.95834825 0.19830733 40.80460447
  jla_mock 0.300410 40.67463070 0.20581539 40.95881993
  jla_mock 0.151860 39.13357441 0.14864409 39.29521233
  jla_mock 0.263570 40.51158587 0.18936772 40.63280646
  jla_mock 0.213820 40.17587229 0.20621233 40.11868600
  jla_mock 0.162840 39.62647975 0.16761662 39.46154230
  jla_mock 0.124400 38.99922556 0.17140549 38.82417717
  jla_mock 0.194650 39.79101298 0.13938689 39.89054791
  jla_mock 0.205540 39.79163843 0.18299408 40.02254903
  jla_mock 0.106670 38.61603613 0.14588621 38.46503289
  jla_mock 0.187720 40.03262315 0.18724598 39.80291328
  jla_mock 0.163870 39.32738008 0.15682059 39.47661066
  jla_mock 0.290210 40.81448339 0.19470283 40.87238320
  jla_mock 0.094010 38.50358405 0.12497638 38.17226514
  jla_mock 0.227860 40.21775424 0.18009820 40.27407953
  jla_mock 0.107510 38.56420071 0.14764565 38.48327432
  jla_mock 0.310650 40.87479620 0.22259423 41.04287582
  jla_mock 0.145640 38.90922421 0.15575872 39.19593499
  jla_mock 0.087840 38.01541700 0.12609586 38.01576924
  jla_mock 0.148390 39.30008543 0.15572534 39.24029306
  jla_mock 0.286620 41.01360615 0.19365541 40.84130336
  jla_mock 0.122810 38.86826209 0.13329108 38.79400815
  jla_mock 0.186550 39.75349907 0.20280242 39.78783942
  jla_mock 0.128930 38.78829027 0.15503539 38.90822393
  jla_mock 0.194220 39.70964658 0.16863568 39.88517899
  jla_mock 0.148000 39.22331968 0.14676099 39.23404635
  jla_mock 0.211790 40.20912654 0.22866165 40.09543437
  jla_mock 0.179620 39.74973493 0.17351314 39.69664707
  jla_mock 0.263490 40.67436373 0.18130204 40.63205547
  jla_mock 0.192150 40.03615819 0.15956887 39.85926034
  jla_mock 0.338800 40.77802983 0.22987627 41.26152242
  jla_mock 0.117410 38.63459500 0.14766783 38.68874247
  jla_mock 0.143100 39.43976993 0.16841647 39.15425701
  jla_mock 0.160350 39.62728189 0.13218212 39.42476553
  jla_mock 0.288720 40.85293687 0.21129560 40.85953994
  jla_mock 0.123030 38.95078167 0.15464992 38.79820073
  jla_mock 0.264050 40.41204574 0.18533646 40.63731243
  jla_mock 0.126080 38.64744359 0.17182656 38.85568186
  jla_mock 0.173740 39.74698741 0.14981160 39.61668565
  jla_mock 0.164400 39.58211631 0.14972618 39.48432233
  jla_mock 0.249610 40.52182712 0.16242204 40.49824589
  jla_mock 0.159990 39.59311538 0.15136580 39.41941262
  jla_mock 0.244480 40.48683608 0.15150476 40.44704665
  jla_mock 0.248510 40.23950602 0.17707716 40.48732605
  jla_mock 0.228930 39.96425180 0.16847625 40.28555171
  jla_mock 0.085280 37.86945409 0.14384543 37.94775710
  jla_mock 0.062818 37.21362114 0.14854713 37.24998112
  jla_mock 0.277450 40.92286533 0.23370164 40.76027300
  jla_mock 0.275440 40.49373696 0.21508178 40.74217800
  jla_mock 0.330510 41.71028835 0.21087893 41.19892556
  jla_mock 0.361930 41.70748836 0.24565378 41.42904074
  jla_mock 0.331030 41.24885748 0.21800830 41.20288802
  jla_mock 0.160500 39.35772306 0.12714994 39.42699035
  jla_mock 0.300210 40.89056668 0.20430208 40.95714433
  jla_mock 0.116350 38.74287548 0.12231010 38.66753831
  jla_mock 0.218290 40.11475561 0.16062208 40.16915926
  jla_mock 0.119670 38.74341520 0.12046332 38.73333561
  jla_mock 0.154730 39.38592059 0.12395445 39.33973371
  jla_mock 0.178100 39.55805828 0.16562813 39.67619923
  jla_mock 0.250370 40.15502757 0.16560962 40.50572689
  jla_mock 0.251740 40.56658974 0.14466362 40.51921238
  jla_mock 0.129530 38.74356945 0.14518911 38.91911810
  jla_mock 0.309290 40.82202358 0.18810950 41.03186178
  jla_mock 0.278520 40.75358425 0.17881943 40.76985245
  jla_mock 0.185810 39.82403300 0.13605911 39.77824027
  jla_mock 0.066510 37.30199880 0.17228058 37.37966319
  jla_mock 0.258000 40.53704378 0.18756945 40.57991680
  jla_mock 0.298880 40.90727713 0.21609463 40.94600163
  jla_mock 0.270440 40.49588627 0.22437165 40.69665555
  jla_mock 0.279160 41.05641832 0.17183675 40.77558221
  jla_mock 0.292870 40.78849642 0.21554431 40.89518040
  jla_mock 0.189650 39.92837567 0.15711153 39.82760981
  jla_mock 0.265760 40.80298040 0.19291042 40.65333540
  jla_mock 0.123760 39.02040935 0.14509081 38.81209813
  jla_mock 0.182550 39.53231633 0.14971699 39.73558665
  jla_mock 0.056340 36.83744510 0.14895035 37.00366010
  jla_mock 0.312880 40.66294771 0.18264477 41.06086353
  jla_mock 0.309150 41.20214065 0.22328713 41.03072175
  jla_mock 0.200610 39.89936119 0.15587566 39.96361223
  jla_mock 0.326400 41.22666311 0.20549386 41.16737059
  jla_mock 0.211630 40.15178174 0.13899445 40.09360082
  jla_mock 0.179690 39.80246189 0.15636245 39.69758150
  jla_mock 0.302400 40.92266624 0.19662226 40.97533531
  jla_mock 0.109240 38.58032702 0.14870399 38.52045254
  jla_mock 0.085220 37.76609223 0.15002378 37.94613260
  jla_mock 0.202310 39.94051586 0.16131988 39.98407520
  jla_mock 0.126490 38.80728840 0.15584855 38.86330421
  jla_mock 0.214570 40.16275015 0.16812914 40.12719938
  jla_mock 0.320450 40.92918755 0.19168742 41.12098946
  jla_mock 0.218350 40.22438327 0.17273249 40.16982749
  jla_mock 0.190100 39.60466140 0.15982384 39.83333671
  jla_mock 0.092430 38.17963445 0.15614025 38.13314496
  jla_mock 0.379860 41.66109860 0.18489314 41.55221512
  jla_mock 0.211340 40.02961443 0.16607978 40.09025788
  jla_mock 0.258330 40.88215624 0.18011571 40.58307398
  jla_mock 0.183270 39.79475796 0.16855779 39.74508085
  jla_mock 0.212950 39.87363041 0.17784935 40.10872765
  jla_mock 0.116510 38.87508080 0.15544019 38.67073894
  jla_mock 0.144010 39.02545601 0.17185674 39.16925979
  jla_mock 0.252490 40.25977881 0.18599877 40.52655674
  jla_mock 0.255390 40.66199721 0.21319916 40.55476898
  jla_mock 0.216980 40.12216066 0.18860575 40.15444284
  jla_mock 1.265901 44.46796958 0.22380442 44.73339482
  jla_mock 0.935774 43.93782429 0.22958872 43.92192950
  jla_mock 0.049519 36.69739860 0.20228994 36.71280616
  jla_mock 0.030325 35.85614677 0.18207848 35.61748904
  jla_mock 0.074579 37.27907624 0.21872943 37.64057293
  jla_mock 0.025198 35.51549253 0.22034080 35.20703466
  jla_mock 0.014411 33.75047269 0.20528439 33.97602642
  jla_mock 0.020792 35.05887425 0.19750056 34.78251346
  jla_mock 0.035218 35.88484922 0.20378488 35.95015367
  jla_mock 0.041657 36.26578172 0.21523275 36.32500636
  jla_mock 0.042400 36.37663552 0.20618664 36.36457805
  jla_mock 0.018902 34.77499584 0.18361956 34.57249571
  jla_mock 0.078840 37.86360132 0.21534076 37.76761163
  jla_mock 0.063345 37.10764087 0.20758765 37.26894201
  jla_mock 0.027637 35.15024613 0.23141589 35.41160437
  jla_mock 0.049325 37.02250337 0.21068097 36.70399385
  jla_mock 0.070153 37.68089966 0.22041411 37.50101519
  jla_mock 0.023909 35.05985215 0.18367797 35.09091280
  jla_mock 0.053126 36.69820813 0.22335947 36.87112602
  jla_mock 0.024951 35.32241633 0.18978288 35.18524706
  jla_mock 0.015664 34.03963877 0.20165316 34.15913749
  jla_mock 0.048984 36.64600785 0.15985830 36.68838319
  jla_mock 0.022399 34.66590797 0.18927946 34.94678642
  jla_mock 0.034854 35.93245763 0.23666209 35.92701185
  jla_mock 0.016966 34.60136406 0.20291443 34.33465426
  jla_mock 0.030721 35.64552478 0.18171781 35.64631554
  jla_mock 0.030482 35.76433865 0.18203752 35.62895207
  jla_mock 0.010550 33.26781222 0.21945028 33.29242555
  jla_mock 0.014256 34.23668612 0.17170736 33.95228688
  jla_mock 0.027688 35.38443401 0.18124529 35.41570554
  jla_mock 0.053860 36.77736856 0.15903793 36.90204718
  jla_mock 0.017672 34.03076122 0.19251135 34.42434462
  jla_mock 0.017450 34.52987346 0.17037052 34.39653765
  jla_mock 0.015573 34.33377628 0.20219934 34.14633892
  jla_mock 0.010060 33.13990134 0.23112569 33.18835300
  jla_mock 0.054931 36.79528241 0.18431298 36.94646971
  jla_mock 0.039083 36.26866403 0.16317419 36.18242517
  jla_mock 0.078317 37.49072023 0.18391968 37.75237713
  jla_mock 0.031764 35.79266511 0.15356487 35.72047232
  jla_mock 0.014440 33.73877002 0.22581465 33.98045207
  jla_mock 0.013533 33.64215553 0.22079334 33.83807432
  jla_mock 0.026677 35.07659105 0.19349962 35.33327560
  jla_mock 0.023360 34.88092226 0.17880596 35.03957081
  jla_mock 0.036934 35.76908526 0.19001518 36.05621163
  jla_mock 0.023552 35.24921447 0.17819828 35.05766335
  jla_mock 0.017483 34.22308958 0.19211831 34.40068652
  jla_mock 0.040259 36.30435455 0.17447686 36.24867377
  jla_mock 0.030381 35.61762251 0.20408145 35.62160056
  jla_mock 0.015504 34.16403541 0.20027602 34.13657987
  jla_mock 0.014151 34.10171153 0.18788306 33.93607877
  jla_mock 0.015487 34.42846206 0.18431337 34.13416441
  jla_mock 0.015554 34.21233339 0.19852180 34.14366669
  jla_mock 0.037075 36.11617633 0.15485493 36.06470086
  jla_mock 0.015482 33.98325850 0.20249750 34.13345398
  jla_mock 0.013324 33.50605179 0.18643777 33.80395138
  jla_mock 0.014575 33.85584295 0.20791179 34.00087415
  jla_mock 0.015791 34.06484808 0.19846605 34.17687376
  jla_mock 0.024746 35.24202273 0.17954713 35.16700463
  jla_mock 0.027748 35.51084109 0.17503344 35.42049126
  jla_mock 0.010888 33.28082104 0.25477943 33.36146467
  jla_mock 0.013652 34.05912055 0.18670962 33.85728145
  jla_mock 0.035755 35.80947843 0.16295663 35.98387241
  jla_mock 0.024725 35.13321010 0.17710562 35.16513384
  jla_mock 0.038086 36.25284229 0.17051564 36.12473959
  jla_mock 0.021541 34.98098784 0.17711857 34.86057539
  jla_mock 0.019581 34.60269972 0.17898631 34.65021869
  jla_mock 0.030416 35.50622210 0.17571774 35.62415506
  jla_mock 0.039219 36.13684337 0.17021381 36.19018670
  jla_mock 0.034971 35.74504559 0.15987848 35.93447048
  jla_mock 0.028561 35.23094497 0.17650121 35.48452539
  jla_mock 0.020997 34.76708310 0.18822756 34.80415669
  jla_mock 0.032538 35.75593567 0.18232286 35.77398812
  jla_mock 0.015469 34.51124758 0.19318910 34.13160686
  jla_mock 0.015678 34.25092518 0.20747940 34.16110650
  jla_mock 0.027499 35.36424935 0.15598630 35.40050708
  jla_mock 0.046856 36.68234991 0.17134850 36.58861440
  jla_mock 0.033173 35.78384063 0.18295753 35.81697485
  jla_mock 0.010291 33.33938798 0.23549671 33.23804434
  jla_mock 0.080103 37.60364847 0.17116407 37.80403266
  jla_mock 0.012317 33.84012706 0.20020781 33.63161728
  jla_mock 0.024586 35.14040919 0.20631378 35.15263854
  jla_mock 0.014467 34.45545313 0.20827809 33.98455982
  jla_mock 0.015154 34.14633310 0.18399751 34.08641343
  jla_mock 0.029086 35.88036869 0.17337203 35.52490626
  jla_mock 0.034781 35.66484414 0.17928903 35.92235817
  jla_mock 0.044920 36.63401830 0.14070569 36.49393274
  jla_mock 0.034074 36.08150850 0.16958177 35.87663125
  jla_mock 0.074870 37.38387206 0.14386215 37.64944416
  jla_mock 0.014960 34.04318273 0.19782876 34.05811963
  jla_mock 0.020396 34.79136139 0.17103812 34.74010316
  jla_mock 0.040689 36.13495943 0.17468105 36.27242415
  jla_mock 0.026567 35.39474992 0.18033141 35.32414661
  jla_mock 0.026881 35.44396647 0.15330990 35.35016459
  jla_mock 0.023471 34.91275182 0.17597781 35.05006822
  jla_mock 0.069122 37.52992413 0.19117659 37.46727605
  jla_mock 0.065193 37.57874104 0.15879632 37.33422599
  jla_mock 0.022980 35.00802874 0.17790505 35.00335686
  jla_mock 0.017387 34.33896552 0.19829162 34.38858733
  jla_mock 0.031485 35.67301635 0.15108749 35.70086126
  jla_mock 0.011184 33.19981193 0.19447979 33.42021831
  jla_mock 0.021956 35.12662785 0.17567209 34.90268683
  jla_mock 0.031484 35.74098552 0.15080691 35.70079074
  jla_mock 0.023321 35.15537902 0.20285194 35.03588253
  jla_mock 0.020390 34.67702124 0.18300723 34.73945563
  jla_mock 0.022466 34.98245180 0.18140785 34.95338527
  jla_mock 0.033614 35.60468730 0.18044129 35.84636611
  jla_mock 0.036969 36.10303052 0.17916902 36.05833330
  jla_mock 0.022629 35.03569326 0.18007478 34.96934484
  jla_mock 0.014700 33.86484870 0.18462322 34.01961653
  jla_mock 0.036950 36.03787651 0.14876338 36.05718154
  jla_mock 0.060959 37.04333391 0.12531329 37.18188951
  jla_mock 0.059289 37.31768917 0.12135718 37.11900351
  jla_mock 0.069751 37.42910493 0.15873536 37.48790180
  jla_mock 0.029526 35.59883133 0.17470465 35.55822372
  jla_mock 0.033255 35.91368419 0.17565362 35.82247246
  jla_mock 0.024159 35.23888761 0.18124182 35.11390716
  jla_mock 0.015999 34.05275392 0.19155982 34.20564281
  jla_mock 0.062961 37.34271469 0.16530929 37.25513610
  jla_mock 0.021706 34.78702247 0.19186355 34.87741406
  jla_mock 0.031638 35.81907020 0.18943844 35.71164977
  jla_mock 0.018599 34.80579112 0.17304818 34.53688453
  jla_mock 0.027064 35.47410813 0.17332763 35.36518151
  jla_mock 0.025468 35.35012534 0.18469991 35.23061897
  jla_mock 0.023810 35.10598306 0.19336693 35.08173832
  jla_mock 0.023867 35.23654056 0.18298494 35.08702060
  jla_mock 0.022068 34.72368477 0.16678206 34.91394410
