  jla_mock 0.503084 42.06610609 0.14571158 42.27710165
  jla_mock 0.580724 42.59537519 0.16122778 42.65288757
  jla_mock 0.494795 42.11657605 0.12070859 42.23380227
  jla_mock 0.345928 41.26308292 0.13253081 41.31423394
  jla_mock 0.677662 43.09761611 0.22871689 43.06065815
  jla_mock 0.610712 42.71751271 0.22548733 42.78550004
  jla_mock 0.866494 43.11767212 0.25803499 43.71583788
  jla_mock 0.330932 41.27604099 0.12801230 41.20214124
  jla_mock 0.798566 43.07054437 0.25919990 43.49759065
  jla_mock 0.449562 41.64715226 0.16139765 41.98508724
  jla_mock 0.371443 41.43994835 0.14921889 41.49506003
  jla_mock 0.291718 40.73614530 0.14231442 40.88534426
  jla_mock 0.355820 41.31115434 0.14101044 41.38575040
  jla_mock 0.461274 42.00420301 0.15587207 42.05162357
  jla_mock 0.283610 40.95268237 0.13055630 40.81497031
  jla_mock 0.632234 42.98666058 0.22182909 42.87695673
  jla_mock 0.466414 42.25283360 0.17243727 42.08034259
  jla_mock 0.268624 40.59188034 0.12820280 40.67992826
  jla_mock 0.946890 44.12212315 0.29224985 43.95358400
  jla_mock 0.924917 44.02297733 0.31213110 43.89065134
  jla_mock 0.693165 43.22577012 0.29243158 43.12069432
  jla_mock 0.625233 42.79193533 0.19088816 42.84754675
  jla_mock 0.896944 43.75890579 0.26745476 43.80835510
  jla_mock 0.608261 42.86281216 0.15987482 42.77488783
  jla_mock 0.789054 43.30538045 0.26932700 43.46559609
  jla_mock 0.578292 42.80530829 0.14637659 42.64183302
  jla_mock 0.590280 42.45794898 0.18966931 42.69581830
  jla_mock 0.719626 43.70795925 0.25305179 43.22021202
  jla_mock 0.210032 40.08595140 0.13132256 40.07512520
  jla_mock 0.766590 43.46594218 0.22576765 43.38856138
  jla_mock 0.858513 43.61773519 0.22289539 43.69107922
  jla_mock 0.367904 41.51118102 0.09931133 41.47067633
  jla_mock 0.558746 42.50957024 0.15678156 42.55153127
  jla_mock 0.848509 43.42309628 0.21739327 43.65971240
  jla_mock 0.996390 44.23163619 0.24266005 44.09030908
  jla_mock 0.776594 43.30204142 0.26449227 43.42315585
  jla_mock 0.582932 42.83945715 0.13306958 42.66286084
  jla_mock 0.583743 42.42757569 0.16752875 42.66651159
  jla_mock 0.796552 43.62998344 0.22887969 43.49084078
  jla_mock 0.588721 42.50847319 0.15579306 42.68886827
  jla_mock 0.913473 43.41486944 0.24294053 43.85725873
  jla_mock 0.768587 43.16222520 0.23905376 43.39551722
  jla_mock 0.948455 43.89128245 0.26528102 43.95800543
  jla_mock 0.513793 42.23630759 0.15287930 42.33204049
  jla_mock 0.733609 43.11946216 0.19294483 43.27140703
  jla_mock 0.637701 43.03321232 0.27010736 42.89972139
  jla_mock 0.765588 43.41744920 0.21113574 43.38506688
  jla_mock 0.434861 41.87599891 0.15772880 41.89921787
  jla_mock 0.983407 44.13936459 0.25879722 44.05511838
  jla_mock 0.583743 42.75221774 0.16232669 42.66651159
  jla_mock 0.700631 42.88140622 0.21687358 43.14913913
  jla_mock 0.662058 43.12412137 0.21294856 42.99889797
  jla_mock 0.838126 43.60759020 0.28077453 43.62678119
  jla_mock 0.621874 43.02443367 0.17546981 42.83329136
  jla_mock 0.370586 41.71263203 0.14291643 41.48917715
  jla_mock 0.416632 41.62585731 0.13815441 41.78893191
  jla_mock 0.358570 41.42432335 0.10704088 41.40532205
  jla_mock 0.451681 42.16928353 0.15278703 41.99722362
  jla_mock 0.522762 42.49815525 0.16112888 42.37720580
  jla_mock 0.733996 42.75897021 0.30408870 43.27281129
  jla_mock 0.701965 43.48562701 0.31176741 43.15417465
  jla_mock 0.742008 42.78718298 0.29013165 43.30171378
  jla_mock 0.746118 43.42150832 0.21822021 43.31643756
  jla_mock 0.349560 41.57596294 0.13472825 41.34070971
  jla_mock 0.591835 43.08953221 0.15357327 42.70275050
  jla_mock 0.514746 42.20245522 0.15561143 42.33685840
  jla_mock 0.620632 42.96430943 0.18447364 42.82801766
  jla_mock 0.643646 43.14916234 0.24392132 42.92425127
  jla_mock 1.002795 43.59152831 0.33216844 44.10750854
  jla_mock 0.470586 41.99845365 0.14420733 42.10343429
  jla_mock 0.610643 42.61465773 0.15877872 42.78520128
  jla_mock 0.263487 40.57337702 0.12804977 40.63202731
  jla_mock 0.358336 41.33322327 0.12918713 41.40366931
  jla_mock 0.742697 42.87038335 0.25908753 43.30418923
  jla_mock 0.451556 42.05985374 0.11538935 41.99650770
  jla_mock 0.910752 43.97026099 0.26164869 43.84925407
  jla_mock 0.552605 42.43562608 0.15821060 42.52254908
  jla_mock 0.337534 41.19027429 0.12813367 41.25205666
  jla_mock 0.750681 42.77791610 0.24281434 43.33267001
  jla_mock 0.983777 43.47922711 0.34665096 44.05613237
  jla_mock 0.822697 43.54016572 0.22175759 43.57711051
  jla_mock 0.813696 43.54747557 0.24256727 43.54771251
  jla_mock 0.950763 44.11893737 0.26472927 43.96452597
  jla_mock 0.817732 43.86112125 0.24643394 43.56096129
  jla_mock 0.340520 41.43664441 0.12574260 41.27434731
  jla_mock 0.960751 43.65209421 0.28766046 43.99255885
  jla_mock 0.810720 43.39348866 0.27275574 43.53793555
  jla_mock 0.756687 43.30038789 0.24755189 43.35389370
  jla_mock 0.611252 42.89498591 0.18572910 42.78783810
  jla_mock 0.877971 43.84993914 0.22378685 43.75108573
  jla_mock 0.548325 42.60984163 0.14258079 42.50214510
  jla_mock 0.809032 43.46839443 0.23222084 43.53239002
  jla_mock 1.028800 44.44794745 0.28337345 44.17623810
  jla_mock 0.627239 42.80364939 0.17555461 42.85598177
  jla_mock 0.422452 41.92176666 0.15606690 41.82463937
  jla_mock 0.933900 43.95172199 0.34999950 43.91655625
  jla_mock 0.701158 43.10477925 0.22740618 43.15112843
  jla_mock 0.697164 43.16886175 0.20952266 43.13593901
  jla_mock 0.685179 43.49168145 0.27044472 43.08992881
  jla_mock 0.767075 43.39655240 0.25233801 43.39025283
  jla_mock 0.931901 44.16247894 0.25136810 43.91079320
  jla_mock 0.863978 43.97819732 0.24510246 43.70805418
  jla_mock 0.749100 43.21753899 0.22590126 43.32704575
  jla_mock 0.514353 42.37114679 0.15357466 42.33487158
  jla_mock 0.468406 41.87655696 0.11440416 42.09141773
  jla_mock 0.470398 41.85104462 0.15654577 42.10239800
  jla_mock 0.958871 43.58717157 0.27681249 43.98730105
  jla_mock 0.927909 44.37020484 0.29724149 43.89928440
  jla_mock 0.840522 43.74414049 0.21913135 43.63442005
  jla_mock 0.630699 43.27618247 0.17083127 42.87053069
  jla_mock 0.562751 42.73531383 0.14440652 42.57027306
  jla_mock 0.615698 42.80616657 0.16969222 42.80694489
  jla_mock 0.828528 43.63538633 0.22446355 43.59599102
  jla_mock 0.564741 42.66229788 0.16042692 42.57954163
  jla_mock 0.578745 42.64778478 0.14758356 42.64389211
  jla_mock 0.557743 42.72748028 0.15831963 42.54682676
  jla_mock 0.864497 43.57585112 0.22870035 43.70965980
  jla_mock 0.735608 43.38792586 0.23468503 43.27866052
  jla_mock 0.858507 43.63809428 0.28336591 43.69106047
  jla_mock 0.261984 40.68291948 0.10443414 40.61785379
  jla_mock 0.585743 42.65373930 0.18660838 42.67551465
  jla_mock 0.761580 43.47070727 0.21598834 43.37108889
  jla_mock 0.488800 42.18458727 0.11155101 42.20209244
  jla_mock 0.858516 43.81461888 0.27431051 43.69108859
  jla_mock 0.688656 42.97425426 0.18053033 43.10334160
  jla_mock 0.558743 42.33554505 0.15491557 42.55151723
  jla_mock 0.324532 41.26898507 0.12601850 41.15287319
  jla_mock 0.480704 42.21523045 0.10839252 42.15866163
  jla_mock 0.185371 39.45483813 0.13095679 39.77254564
  jla_mock 0.922221 43.46126631 0.33854809 43.88279991
  jla_mock 0.681942 43.16699860 0.19640351 43.07734372
  jla_mock 0.475707 42.21512351 0.10811298 42.13152285
  jla_mock 0.922210 43.64314623 0.27644363 43.88276787
  jla_mock 0.893183 43.75887852 0.25783329 43.79706560
  jla_mock 0.428646 41.99148958 0.14143599 41.86209452
  jla_mock 0.631882 42.89170533 0.23474045 42.87549100
  jla_mock 0.699960 43.05040838 0.25834877 43.14659772
  jla_mock 0.736007 43.33810472 0.26468680 43.28010832
  jla_mock 0.575823 42.58496684 0.15953941 42.63061030
  jla_mock 0.418633 41.79777444 0.10651651 41.80126293
  jla_mock 0.511746 42.37769977 0.12000546 42.32159289
  jla_mock 0.535771 42.43145025 0.12653138 42.44150478
  jla_mock 0.641893 42.93309109 0.21547239 42.91702278
  jla_mock 0.734996 43.60813720 0.22720400 43.27643984
  jla_mock 0.351560 41.18306477 0.13079492 41.35518543
  jla_mock 0.609860 42.81482043 0.17401244 42.78181109
  jla_mock 0.349557 41.38658775 0.13436921 41.34068791
  jla_mock 0.701969 43.08424363 0.18819535 43.15418975
  jla_mock 0.355261 41.48311479 0.10427939 41.38176452
  jla_mock 0.983280 44.19498836 0.25756994 44.05477034
  jla_mock 0.872152 43.92102400 0.26597542 43.73326358
  jla_mock 0.759030 43.50835579 0.20819082 43.36214646
  jla_mock 0.926220 43.98936118 0.24599386 43.89441507
  jla_mock 0.643642 43.25521499 0.22846121 42.92423478
  jla_mock 0.419569 41.95400781 0.13772753 41.80699449
  jla_mock 0.515587 42.14458667 0.20313602 42.34111010
  jla_mock 0.890729 43.75074645 0.21057911 43.78969936
  jla_mock 0.805696 43.96796121 0.22987004 43.52132092
  jla_mock 0.480568 42.15010716 0.10874993 42.15792621
  jla_mock 0.800697 43.62532184 0.24546005 43.50473264
  jla_mock 0.580604 42.45470962 0.18881444 42.65234211
  jla_mock 0.715652 43.34740806 0.24396561 43.20550425
  jla_mock 0.805695 43.25972100 0.23276535 43.52131760
  jla_mock 0.766684 43.26330367 0.25283777 43.38888921
  jla_mock 0.664638 42.71920199 0.19578546 43.00922858
  jla_mock 0.901736 43.95944785 0.25190507 43.82259567
  jla_mock 0.745665 43.48040257 0.21142864 43.31482606
  jla_mock 0.718680 43.24270815 0.20380008 43.21671088
  jla_mock 0.736690 42.94802618 0.19636251 43.28258662
  jla_mock 0.579600 42.71461115 0.12084594 42.64777848
  jla_mock 0.370531 41.36629352 0.10256736 41.48879960
  jla_mock 0.960740 43.76241683 0.23956115 43.99252809
  jla_mock 0.850729 44.04992847 0.21179952 43.66671958
  jla_mock 0.648640 43.17309860 0.19254569 42.94468610
  jla_mock 0.219462 39.99833656 0.13036783 40.18221211
  jla_mock 0.936755 44.01896358 0.24129989 43.92472922
  jla_mock 0.647639 42.62930330 0.17876349 42.94059867
  jla_mock 0.461564 42.06936729 0.13341110 42.05325303
  jla_mock 0.600603 42.76898905 0.17945434 42.74150193
  jla_mock 0.670654 43.16837833 0.23100742 43.03309544
  jla_mock 0.760698 43.24397669 0.20946016 43.36801289
  jla_mock 0.246492 40.40106605 0.13212126 40.46723114
  jla_mock 0.470573 42.13846332 0.14759396 42.10336263
  jla_mock 0.169455 39.64226681 0.11209573 39.55678917
  jla_mock 0.497379 42.26110934 0.12912927 42.24737835
  jla_mock 0.638234 42.52648557 0.19688575 42.90193490
  jla_mock 0.507371 42.08831435 0.14542671 42.29920550
  jla_mock 0.535327 42.41572486 0.14229510 42.43934075
  jla_mock 0.587285 42.69151049 0.16639385 42.68245602
  jla_mock 0.773081 43.30321468 0.25620999 43.41103522
  jla_mock 0.699166 43.15008918 0.22210270 43.14357089
  jla_mock 0.370511 41.43726367 0.12736057 41.48866231
  jla_mock 0.761089 43.60162394 0.22808946 43.36937651
  jla_mock 0.699169 43.26225482 0.21959570 43.14358233
  jla_mock 0.788060 43.25389968 0.19242158 43.46223138
  jla_mock 0.373513 41.50928405 0.13202741 41.50924344
  jla_mock 0.405478 41.73701034 0.13198879 41.71925539
  jla_mock 0.852994 43.35895816 0.25729076 43.67383293
  jla_mock 0.808048 43.75791600 0.24185374 43.52912538
  jla_mock 0.603272 42.97214856 0.18397635 42.75317111
  jla_mock 0.583290 42.58550598 0.17902789 42.66447239
  jla_mock 0.534335 42.30367891 0.14774220 42.43446867
  jla_mock 0.720140 43.45346778 0.24070231 43.22211434
  jla_mock 0.400485 41.62849062 0.21060605 41.68747331
  jla_mock 0.837004 43.33219396 0.21502566 43.62320406
  jla_mock 0.371508 41.62598112 0.10193219 41.49550623
  jla_mock 0.806041 43.35936262 0.25907683 43.52246571
  jla_mock 0.840005 43.35592514 0.23506835 43.63277177
  jla_mock 0.500728 42.20065987 0.12981336 42.26484189
  jla_mock 0.532765 42.42247311 0.17422186 42.42675782
  jla_mock 0.533766 42.71628716 0.18215335 42.43167410
  jla_mock 0.932229 43.37568945 0.34152943 43.91173881
  jla_mock 0.822103 43.88788374 0.25790730 43.57517845
  jla_mock 0.553797 42.44077110 0.13544877 42.52818142
  jla_mock 0.125298 38.75118257 0.13709229 38.84106498
  jla_mock 0.842123 43.61283950 0.28302626 43.63952432
  jla_mock 0.443668 41.94138700 0.15186631 41.95096666
  jla_mock 0.727675 43.15171686 0.24978201 43.24980232
  jla_mock 0.683659 42.91743132 0.41253064 43.08401922
  jla_mock 0.442548 41.90215229 0.13367762 41.94442810
  jla_mock 0.726679 43.36044685 0.20021505 43.24615236
  jla_mock 0.282510 41.00015905 0.12747632 40.80530724
  jla_mock 0.404549 41.89316177 0.12965359 41.71336120
  jla_mock 0.519611 42.51237635 0.13964385 42.36142862
  jla_mock 0.690652 43.42605515 0.23214813 43.11102588
  jla_mock 1.060801 44.26881624 0.27869308 44.25850417
  jla_mock 0.576612 42.64730169 0.15376326 42.63419666
  jla_mock 0.268489 40.59893405 0.12614174 40.67868477
  jla_mock 0.720680 42.98609474 0.25106936 43.22411288
  jla_mock 0.250498 40.26699576 0.13111277 40.50698685
  jla_mock 0.760691 43.49207232 0.27664014 43.36798848
  jla_mock 0.698167 43.09289243 0.26129048 43.13976258
  jla_mock 0.550315 42.35374240 0.16854352 42.51163951
  jla_mock 0.730128 43.24976286 0.23524622 43.25877602
  jla_mock 0.847985 43.34632997 0.24702775 43.65805845
  jla_mock 0.997826 43.63455707 0.24705649 44.09416520
  jla_mock 0.435446 42.02278109 0.13052406 41.90269898
  jla_mock 0.409470 41.67708128 0.12922369 41.74440667
  jla_mock 0.301590 40.96553525 0.12598595 40.96861318
  jla_mock 1.299106 44.89893665 0.19340708 44.80295884
  jla_mock 1.020807 43.81702877 0.23668119 44.15528928
  jla_mock 0.839734 43.78652764 0.19264717 43.63190777
  jla_mock 1.120850 44.55819021 0.20807086 44.40642252
  jla_mock 1.230892 44.58172905 0.23900250 44.65805713
  jla_mock 0.974230 44.25221753 0.18427047 44.02996885
  jla_mock 0.970782 43.87366995 0.33863365 44.02042535
  jla_mock 0.064229 37.35243281 0.15072784 37.30037791
  jla_mock 0.129030 38.93418435 0.16416611 38.91003962
  jla_mock 0.102890 38.11094630 0.14983539 38.38123082
  jla_mock 0.044130 36.27520921 0.17359564 36.45415970
  jla_mock 0.113040 38.60223796 0.15276523 38.60013137
  jla_mock 0.256110 40.44320721 0.20496122 40.56172302
  jla_mock 0.380260 41.26977748 0.28702753 41.55490922
  jla_mock 0.145470 39.44519604 0.16218924 39.19315913
  jla_mock 0.088890 38.26911296 0.14636771 38.04314103
  jla_mock 0.260590 40.56060707 0.18294429 40.60464301
  jla_mock 0.078910 37.81083750 0.15602647 37.76964193
  jla_mock 0.083040 37.83494653 0.15331705 37.88659751
  jla_mock 0.165650 39.23021517 0.13854363 39.50243618
  jla_mock 0.168170 39.58190860 0.16196037 39.53856886
  jla_mock 0.170630 39.70158815 0.16520984 39.57335790
  jla_mock 0.170280 39.60559882 0.17035518 39.56845298
  jla_mock 0.120440 38.85867572 0.15109792 38.74834258
  jla_mock 0.276530 40.58632663 0.21443501 40.75202947
  jla_mock 0.231600 40.00536021 0.18253328 40.31398810
  jla_mock 0.305690 41.20828151 0.26735001 41.00246986
  jla_mock 0.079970 37.91045329 0.16566195 37.80021288
  jla_mock 0.174150 39.55726100 0.15831009 39.62233390
  jla_mock 0.138680 38.98377300 0.16604939 39.08005465
  jla_mock 0.146070 39.29493662 0.16391832 39.20292737
  jla_mock 0.081330 37.94616292 0.14393418 37.83886154
  jla_mock 0.233800 40.26202333 0.17178002 40.33718241
  jla_mock 0.256550 40.85756185 0.17733386 40.56597272
  jla_mock 0.245620 40.42991433 0.20041043 40.45848319
  jla_mock 0.125930 38.74316580 0.19132506 38.85287811
  jla_mock 0.223510 40.10233522 0.21582750 40.22688870
  jla_mock 0.102640 38.37466299 0.14663754 38.37559387
  jla_mock 0.119670 38.92028742 0.14566661 38.73333561
  jla_mock 0.180550 40.18203544 0.16851019 39.70906170
  jla_mock 0.197090 39.73085146 0.17389574 39.92070050
  jla_mock 0.229160 40.41454290 0.19939442 40.28801769
  jla_mock 0.264510 41.00350944 0.19876199 40.64163064
  jla_mock 0.103370 38.53952381 0.12264053 38.39202172
  jla_mock 0.364410 41.46655922 0.23042794 41.44639133
  jla_mock 0.205600 40.07183681 0.15584351 40.02325654
  jla_mock 0.179810 39.72139667 0.19620482 39.69918339
  jla_mock 0.199590 39.69520465 0.18224440 39.95123585
  jla_mock 0.156530 39.63237737 0.15012954 39.36728138
  jla_mock 0.161800 39.42831246 0.14760764 39.44626416
  jla_mock 0.209530 39.80410323 0.20608020 40.06931740
  jla_mock 0.241790 40.47556004 0.19813238 40.41980198
  jla_mock 0.236460 40.48328180 0.16266354 40.36497147
  jla_mock 0.226680 40.47236068 0.21050732 40.26135800
  jla_mock 0.296780 40.82059496 0.19716042 40.92836382
  jla_mock 0.208520 39.83457824 0.16317028 40.05754079
  jla_mock 0.251040 40.52890644 0.22085837 40.51232199
  jla_mock 0.250120 40.21869098 0.17967388 40.50326604
  jla_mock 0.117710 38.93083314 0.14551100 38.69469577
  jla_mock 0.219710 40.08434403 0.16999397 40.18497414
  jla_mock 0.149010 39.39364803 0.14890457 39.25021107
  jla_mock 0.287420 41.12441045 0.18840122 40.84826474
  jla_mock 0.143600 39.34924027 0.16639625 39.16250030
  jla_mock 0.328370 40.91623223 0.19601268 41.18252527
  jla_mock 0.246250 40.70024713 0.16506508 40.46480338
  jla_mock 0.119660 38.80355505 0.15026680 38.73313941
  jla_mock 0.328380 41.21470714 0.27642285 41.18260220
  jla_mock 0.215130 40.18998507 0.18366862 40.13355604
  jla_mock 0.144780 38.92047551 0.13616902 39.18189244
  jla_mock 0.132430 39.08642453 0.12839376 38.97124243
  jla_mock 0.210820 39.80875704 0.16235031 40.08424183
  jla_mock 0.203990 39.94482975 0.15780808 40.00414975
  jla_mock 0.279520 40.90089290 0.16701092 40.77880193
  jla_mock 0.044280 36.21438393 0.15509722 36.46174914
  jla_mock 0.180370 39.74083861 0.15078404 39.70665887
  jla_mock 0.260700 40.67906091 0.18972170 40.60568547
  jla_mock 0.056540 36.58713315 0.18696980 37.01166886
  jla_mock 0.212600 39.87480252 0.19194689 40.10471675
  jla_mock 0.369410 41.31768784 0.23700047 41.48110448
  jla_mock 0.173860 39.66019695 0.13051969 39.61834998
  jla_mock 0.142650 39.30946299 0.16862649 39.14679731
  jla_mock 0.177890 39.83544503 0.17323466 39.67336899
  jla_mock 0.328370 40.93267549 0.20656404 41.18252527
  jla_mock 0.253510 40.73858950 0.19560920 40.53650221
  jla_mock 0.300010 40.93586307 0.19320267 40.95546874
  jla_mock 0.105890 38.63101524 0.14607715 38.44799109
  jla_mock 0.223280 40.32463344 0.16843887 40.22437539
  jla_mock 0.118450 38.55390529 0.12252294 38.70935573
  jla_mock 0.176530 39.69569985 0.17118858 39.65491611
  jla_mock 0.182800 39.92103721 0.18906536 39.73889217
  jla_mock 0.297620 41.00356490 0.22708191 40.93544539
  jla_mock 0.196990 39.77115649 0.16336648 39.91947550
  jla_mock 0.152950 39.42090494 0.14755004 39.31220059
  jla_mock 0.248500 40.46729110 0.17447627 40.48722668
  jla_mock 0.138180 39.11044199 0.12408786 39.07150884
  jla_mock 0.207040 40.10849095 0.17044837 40.04023669
  jla_mock 0.214680 40.24377664 0.18059604 40.12844801
  jla_mock 0.306320 41.28590052 0.21502986 41.00764886
  jla_mock 0.246950 40.38587588 0.17120148 40.47182389
  jla_mock 0.198010 40.08223412 0.14489973 39.93197045
  jla_mock 0.222560 40.28544585 0.15195110 40.21649103
  jla_mock 0.135080 39.22144754 0.15130600 39.01794405
  jla_mock 0.210540 39.81224483 0.18260591 40.08100242
  jla_mock 0.272580 40.68140819 0.16910743 40.71622656
  jla_mock 0.246600 40.11741911 0.16168519 40.46831460
  jla_mock 0.220680 40.28503632 0.19428942 40.19575119
  jla_mock 0.274470 40.55310754 0.19147108 40.73341110
  jla_mock 0.176560 39.90426960 0.15540451 39.65532432
  jla_mock 0.310880 41.21770288 0.22015615 41.04473105
  jla_mock 0.184350 39.87832628 0.17307932 39.75922489
  jla_mock 0.159350 39.48316701 0.14827050 39.40982852
  jla_mock 0.219760 40.20039954 0.16604587 40.18553101
  jla_mock 0.252050 40.44506408 0.18410044 40.52226384
  jla_mock 0.181220 39.77129314 0.14940352 39.71800129
  jla_mock 0.173730 39.40130620 0.13336424 39.61654695
  jla_mock 0.380470 41.56998108 0.24246083 41.55632362
  jla_mock 0.178650 39.79456379 0.17172186 39.68361175
  jla_mock 0.245680 40.39749866 0.18910008 40.45908511
  jla_mock 0.209100 39.94668901 0.16102286 40.06431519
  jla_mock 0.249470 40.49775269 0.20970726 40.49686584
  jla_mock 0.133920 38.77299471 0.16606211 38.99761169
  jla_mock 0.177060 39.65891671 0.16039966 39.66212774
  jla_mock 0.281110 40.68869668 0.18775324 40.79290250
  jla_mock 0.173830 39.80581121 0.15186906 39.61793393
  jla_mock 0.196540 39.98832743 0.16513423 39.91393501
  jla_mock 0.363970 41.57280997 0.22724835 41.44331300
  jla_mock 0.378350 41.53504545 0.26733097 41.54204491
  jla_mock 0.316460 40.75474156 0.21038880 41.08947283
  jla_mock 0.183220 39.73844855 0.13519430 39.74442604
  jla_mock 0.241020 40.26931562 0.16773658 40.41192924
  jla_mock 0.202030 39.93380903 0.19953174 39.98070999
  jla_mock 0.168690 39.40199489 0.16511959 39.54597364
  jla_mock 0.197940 39.71240000 0.17492454 39.93111295
  jla_mock 0.122760 38.67375432 0.14574653 38.79305529
  jla_mock 0.203180 39.99103887 0.16105255 39.99450699
  jla_mock 0.127390 38.82719995 0.14895509 38.87996467
  jla_mock 0.275490 40.29929478 0.19972760 40.74262991
  jla_mock 0.144680 38.82092880 0.14721731 39.18025959
  jla_mock 0.334360 41.03175078 0.24977783 41.22817044
  jla_mock 0.195800 39.79429453 0.15392559 39.90478319
  jla_mock 0.193920 40.06025798 0.16374737 39.88143323
  jla_mock 0.249730 40.60682762 0.18580683 40.49942710
  jla_mock 0.148600 39.13902230 0.14879989 39.24365667
  jla_mock 0.155960 39.25057375 0.14872192 39.35858004
  jla_mock 0.095820 38.20302985 0.15034816 38.21633573
  jla_mock 0.150650 38.98881986 0.15872946 39.27620079
  jla_mock 0.309330 40.71455542 0.24715745 41.03218750
  jla_mock 0.248570 40.41792637 0.17340396 40.48792229
  jla_mock 0.365540 41.26337751 0.24311996 41.45429367
  jla_mock 0.117710 38.53927334 0.12847626 38.69469577
  jla_mock 0.191760 39.96255127 0.14428474 39.85434418
  jla_mock 0.182550 39.92579500 0.16171197 39.73558665
  jla_mock 0.234720 40.34424295 0.18444964 40.34683999
  jla_mock 0.246470 40.58756606 0.19927669 40.46701043
  jla_mock 0.288450 41.08922706 0.18873457 40.85721264
  jla_mock 0.209600 40.17826191 0.19927022 40.07012725
  jla_mock 0.191980 39.76229752 0.17965405 39.85711740
  jla_mock 0.114020 38.52104688 0.12215388 38.62028720
  jla_mock 0.113890 38.21740623 0.18397194 38.61763570
  jla_mock 0.198800 39.90272573 0.20967258 39.94164791
  jla_mock 0.220580 40.46807466 0.22796022 40.19464800
  jla_mock 0.182570 39.71590562 0.16453718 39.73585109
  jla_mock 0.158950 39.26356350 0.16372575 39.40383846
  jla_mock 0.078490 37.51872757 0.14911597 37.75744452
  jla_mock 0.138640 39.13996681 0.13217046 39.07937585
  jla_mock 0.180790 39.54725424 0.15445548 39.71226547
  jla_mock 0.177570 39.54155638 0.18629282 39.66905625
  jla_mock 0.170660 39.69778701 0.16102003 39.57377800
  jla_mock 0.233810 40.55893546 0.20858516 40.33728761
  jla_mock 0.071530 37.52627448 0.17410666 37.54531352
  jla_mock 0.154630 38.97219728 0.18791656 39.33819243
  jla_mock 0.090100 38.08466501 0.15950858 38.07426524
  jla_mock 0.176580 39.80639070 0.20448697 39.65559645
  jla_mock 0.130450 39.23615313 0.16440638 38.93578423
  jla_mock 0.182040 39.68187050 0.17166998 39.72884339
  jla_mock 0.256170 40.54795214 0.17261330 40.56230252
  jla_mock 0.138110 38.96199269 0.14854031 39.07030941
  jla_mock 0.170700 39.47282399 0.16749506 39.57433812
  jla_mock 0.216740 40.25173286 0.14793120 40.15174436
  jla_mock 0.245550 40.43730793 0.17887642 40.45778095
  jla_mock 0.143820 38.95763405 0.16709807 39.16612734
  jla_mock 0.248620 40.57234471 0.18856198 40.48841915
  jla_mock 0.145330 39.46326289 0.17138622 39.19087314
  jla_mock 0.135880 39.34698026 0.12760365 39.03189192
  jla_mock 0.058740 37.25290227 0.12754402 37.09796180
  jla_mock 0.036520 36.13160681 0.15191506 36.03106641
  jla_mock 0.277490 40.44260333 0.22703402 40.76063111
  jla_mock 0.205150 40.12834820 0.29701418 40.01795024
  jla_mock 0.280510 40.40910315 0.20078942 40.78758153
  jla_mock 0.198670 39.58793154 0.16215673 39.94005541
  jla_mock 0.159990 39.60680607 0.15164286 39.41941262
  jla_mock 0.210750 40.39833193 0.18113105 40.08343198
  jla_mock 0.071950 37.38551737 0.17245857 37.55864108
  jla_mock 0.237820 40.47865316 0.19074175 40.37905698
  jla_mock 0.141390 38.85143492 0.17359013 39.12581536
  jla_mock 0.155060 39.31166184 0.15760876 39.34481996
  jla_mock 0.370130 41.62537796 0.22886799 41.48604693
  jla_mock 0.093910 37.99452984 0.17056414 38.16981045
  jla_mock 0.118630 38.58060018 0.17057943 38.71292166
  jla_mock 0.153630 39.30782139 0.15381057 39.32277957
  jla_mock 0.253560 40.54989879 0.16809525 40.53698973
  jla_mock 0.107250 38.20876573 0.14420228 38.47765267
  jla_mock 0.129610 39.21049871 0.15302154 38.92057066
  jla_mock 0.266650 40.17948170 0.19376454 40.66161135
  jla_mock 0.212260 39.98863652 0.16262819 40.10082044
  jla_mock 0.278220 40.99623019 0.18167466 40.76716662
  jla_mock 0.245400 40.47050397 0.16811689 40.45627614
  jla_mock 0.133620 38.98451643 0.15059378 38.99232025
  jla_mock 0.176560 39.79277788 0.16208219 39.65532432
  jla_mock 0.113680 38.68585783 0.14584429 38.61331237
  jla_mock 0.320380 41.15308596 0.26368273 41.12044066
  jla_mock 0.112710 38.48180083 0.12253270 38.59333444
  jla_mock 0.106020 38.59555207 0.14472955 38.45084125
  jla_mock 0.391350 41.47451007 0.26610488 41.62836782
  jla_mock 0.155750 39.37190489 0.14611530 39.35537428
  jla_mock 0.186670 39.82927867 0.16762102 39.78939604
  jla_mock 0.196710 39.72541777 0.16669908 39.91603745
  jla_mock 0.191910 39.61807307 0.17339098 39.85623501
  jla_mock 0.190840 39.84920963 0.15087610 39.84274706
  jla_mock 0.176250 39.62443498 0.15361286 39.65110619
  jla_mock 0.128370 38.89528767 0.15035584 38.89796359
  jla_mock 0.122620 38.73883812 0.14734428 38.79038728
  jla_mock 0.127150 38.90295815 0.14706216 38.87552188
  jla_mock 0.213230 40.04163477 0.17620944 40.11193637
  jla_mock 0.218610 40.38936815 0.18110338 40.17272318
  jla_mock 0.268560 40.82938224 0.19152223 40.67933875
  jla_mock 0.204660 39.96442424 0.16518790 40.01212586
  jla_mock 0.267100 40.79367078 0.17377576 40.66579583
  jla_mock 0.217570 40.48395676 0.17264916 40.16107662
  jla_mock 0.241850 40.23692652 0.17151433 40.42041544
  jla_mock 0.293500 40.90664832 0.20071643 40.90055954
  jla_mock 0.353460 41.30905883 0.23113786 41.36886236
  jla_mock 0.185630 39.79927752 0.15494760 39.77590534
  jla_mock 0.285430 40.88704255 0.19928385 40.83094829
  jla_mock 0.194940 40.01344889 0.16836015 39.89414729
  jla_mock 0.075920 37.59824159 0.14499851 37.68127182
  jla_mock 0.163570 39.59164162 0.15777754 39.47224556
  jla_mock 0.257210 40.63119701 0.20821329 40.57234726
  jla_mock 0.219550 40.37033979 0.18725136 40.18319219
  jla_mock 0.175580 39.43492212 0.15163366 39.64197874
  jla_mock 0.226670 40.06599076 0.18608202 40.26124976
  jla_mock 0.153220 39.36604177 0.15082218 39.31640225
  jla_mock 0.210250 40.08137579 0.19550076 40.07764731
  jla_mock 0.121640 38.63909224 0.12361443 38.77156797
  jla_mock 0.291350 40.95173050 0.19904915 40.88220216
  jla_mock 0.294480 40.88493830 0.27859702 40.90891097
  jla_mock 0.164550 39.56450039 0.12599124 39.48650488
  jla_mock 0.307020 40.90435842 0.20906564 41.01337701
  jla_mock 0.198630 39.75619546 0.16157737 39.93956541
  jla_mock 0.268210 40.39304265 0.21539519 40.67611488
  jla_mock 0.401280 41.72527831 0.24823001 41.69256563
  jla_mock 0.136680 39.10338098 0.15334431 39.04573258
  jla_mock 0.295420 40.48087935 0.24720467 40.91686126
  jla_mock 0.291920 40.77377719 0.19219946 40.88706900
  jla_mock 0.090070 38.19999690 0.12096556 38.07349942
  jla_mock 0.205570 40.44576882 0.18292629 40.02290278
  jla_mock 0.145820 39.17902574 0.14934529 39.19887412
  jla_mock 0.117670 38.68527866 0.14486540 38.69390334
  jla_mock 0.054990 36.65893776 0.14997934 36.94888997
  jla_mock 0.174200 39.62693584 0.15142908 39.62302078
  jla_mock 0.244950 40.38871159 0.18020903 40.45176172
  jla_mock 0.224520 40.17628689 0.18249954 40.23792540
  jla_mock 0.245580 40.39611719 0.16228277 40.45808191
  jla_mock 0.283510 40.90857364 0.21250233 40.81409185
  jla_mock 0.180560 39.52547549 0.17619167 39.70919519
  jla_mock 0.103910 38.48504202 0.12352191 38.40413339
  jla_mock 0.129610 39.00122290 0.15326847 38.92057066
  jla_mock 0.243520 40.43892239 0.16045597 40.43733220
  jla_mock 0.331360 41.57661093 0.26935111 41.20540265
  jla_mock 0.243480 40.03752307 0.19048000 40.43692709
  jla_mock 0.314680 40.99074169 0.17577640 41.07526069
  jla_mock 0.218650 40.26629701 0.18935500 40.17316867
  jla_mock 0.260140 40.40065136 0.21925656 40.60037841
  jla_mock 0.282430 40.67539410 0.19830733 40.80460447
  jla_mock 0.300410 41.04255558 0.20581539 40.95881993
  jla_mock 0.151860 39.07544508 0.14864409 39.29521233
  jla_mock 0.263570 40.71468175 0.18936772 40.63280646
  jla_mock 0.213820 40.16111939 0.20621233 40.11868600
  jla_mock 0.162840 39.49809516 0.16761662 39.46154230
  jla_mock 0.124400 38.92977013 0.17140549 38.82417717
  jla_mock 0.194650 39.87581372 0.13938689 39.89054791
  jla_mock 0.205540 39.93021578 0.18299408 40.02254903
  jla_mock 0.106670 38.65049996 0.14588621 38.46503289
  jla_mock 0.187720 39.69673364 0.18724598 39.80291328
  jla_mock 0.163870 39.61843027 0.15682059 39.47661066
  jla_mock 0.290210 40.93818903 0.19470283 40.87238320
  jla_mock 0.094010 38.24026270 0.12497638 38.17226514
  jla_mock 0.227860 40.39235213 0.18009820 40.27407953
  jla_mock 0.107510 38.68266290 0.14764565 38.48327432
  jla_mock 0.310650 40.91388296 0.22259423 41.04287582
  jla_mock 0.145640 39.28370785 0.15575872 39.19593499
  jla_mock 0.087840 37.90186140 0.12609586 38.01576924
  jla_mock 0.148390 39.30878258 0.15572534 39.24029306
  jla_mock 0.286620 40.74623334 0.19365541 40.84130336
  jla_mock 0.122810 38.64444019 0.13329108 38.79400815
  jla_mock 0.186550 40.10586493 0.20280242 39.78783942
  jla_mock 0.128930 38.95134858 0.15503539 38.90822393
  jla_mock 0.194220 40.00125354 0.16863568 39.88517899
  jla_mock 0.148000 39.35356187 0.14676099 39.23404635
  jla_mock 0.211790 39.59907917 0.22866165 40.09543437
  jla_mock 0.179620 39.72913516 0.17351314 39.69664707
  jla_mock 0.263490 40.54100202 0.18130204 40.63205547
  jla_mock 0.192150 39.84780199 0.15956887 39.85926034
  jla_mock 0.338800 41.41766987 0.22987627 41.26152242
  jla_mock 0.117410 38.92766619 0.14766783 38.68874247
  jla_mock 0.143100 39.24973434 0.16841647 39.15425701
  jla_mock 0.160350 39.60092083 0.13218212 39.42476553
  jla_mock 0.288720 40.75323377 0.21129560 40.85953994
  jla_mock 0.123030 38.93547052 0.15464992 38.79820073
  jla_mock 0.264050 40.89531399 0.18533646 40.63731243
  jla_mock 0.126080 38.90219031 0.17182656 38.85568186
  jla_mock 0.173740 39.87972820 0.14981160 39.61668565
  jla_mock 0.164400 39.29209547 0.14972618 39.48432233
  jla_mock 0.249610 40.47315924 0.16242204 40.49824589
  jla_mock 0.159990 39.60935693 0.15136580 39.41941262
  jla_mock 0.244480 40.58134646 0.15150476 40.44704665
  jla_mock 0.248510 40.43784408 0.17707716 40.48732605
  jla_mock 0.228930 40.24852743 0.16847625 40.28555171
  jla_mock 0.085280 38.07113973 0.14384543 37.94775710
  jla_mock 0.062818 37.10872503 0.14854713 37.24998112
  jla_mock 0.277450 40.78589335 0.23370164 40.76027300
  jla_mock 0.275440 41.01384400 0.21508178 40.74217800
  jla_mock 0.330510 41.40960893 0.21087893 41.19892556
  jla_mock 0.361930 41.39658663 0.24565378 41.42904074
  jla_mock 0.331030 41.19836733 0.21800830 41.20288802
  jla_mock 0.160500 39.41901734 0.12714994 39.42699035
  jla_mock 0.300210 40.89956073 0.20430208 40.95714433
  jla_mock 0.116350 38.61797588 0.12231010 38.66753831
  jla_mock 0.218290 40.54614638 0.16062208 40.16915926
  jla_mock 0.119670 38.66269577 0.12046332 38.73333561
  jla_mock 0.154730 39.42845242 0.12395445 39.33973371
  jla_mock 0.178100 39.66762198 0.16562813 39.67619923
  jla_mock 0.250370 40.63748923 0.16560962 40.50572689
  jla_mock 0.251740 40.47074132 0.14466362 40.51921238
  jla_mock 0.129530 38.67145676 0.14518911 38.91911810
  jla_mock 0.309290 40.96748662 0.18810950 41.03186178
  jla_mock 0.278520 40.82133729 0.17881943 40.76985245
  jla_mock 0.185810 39.96510789 0.13605911 39.77824027
  jla_mock 0.066510 37.29681087 0.17228058 37.37966319
  jla_mock 0.258000 40.95272150 0.18756945 40.57991680
  jla_mock 0.298880 40.37817619 0.21609463 40.94600163
  jla_mock 0.270440 40.60959305 0.22437165 40.69665555
  jla_mock 0.279160 41.17534526 0.17183675 40.77558221
  jla_mock 0.292870 40.70934021 0.21554431 40.89518040
  jla_mock 0.189650 39.83081929 0.15711153 39.82760981
  jla_mock 0.265760 40.71986804 0.19291042 40.65333540
  jla_mock 0.123760 38.69450999 0.14509081 38.81209813
  jla_mock 0.182550 39.85822656 0.14971699 39.73558665
  jla_mock 0.056340 36.80636535 0.14895035 37.00366010
  jla_mock 0.312880 41.12013704 0.18264477 41.06086353
  jla_mock 0.309150 40.71208602 0.22328713 41.03072175
  jla_mock 0.200610 40.05251322 0.15587566 39.96361223
  jla_mock 0.326400 41.16976661 0.20549386 41.16737059
  jla_mock 0.211630 40.30991898 0.13899445 40.09360082
  jla_mock 0.179690 39.97506014 0.15636245 39.69758150
  jla_mock 0.302400 41.18717007 0.19662226 40.97533531
  jla_mock 0.109240 38.41402000 0.14870399 38.52045254
  jla_mock 0.085220 37.61860076 0.15002378 37.94613260
  jla_mock 0.202310 40.21860490 0.16131988 39.98407520
  jla_mock 0.126490 38.89460467 0.15584855 38.86330421
  jla_mock 0.214570 40.19372673 0.16812914 40.12719938
  jla_mock 0.320450 40.99075917 0.19168742 41.12098946
  jla_mock 0.218350 40.37822274 0.17273249 40.16982749
  jla_mock 0.190100 40.11973117 0.15982384 39.83333671
  jla_mock 0.092430 38.32088264 0.15614025 38.13314496
  jla_mock 0.379860 41.65027061 0.18489314 41.55221512
  jla_mock 0.211340 40.05454992 0.16607978 40.09025788
  jla_mock 0.258330 40.50317917 0.18011571 40.58307398
  jla_mock 0.183270 39.80403881 0.16855779 39.74508085
  jla_mock 0.212950 40.25107089 0.17784935 40.10872765
  jla_mock 0.116510 38.53858944 0.15544019 38.67073894
  jla_mock 0.144010 39.10748481 0.17185674 39.16925979
  jla_mock 0.252490 40.46217183 0.18599877 40.52655674
  jla_mock 0.255390 40.32263651 0.21319916 40.55476898
  jla_mock 0.216980 40.21201985 0.18860575 40.15444284
  jla_mock 1.265901 45.04655915 0.22380442 44.73339482
  jla_mock 0.935774 44.13029409 0.22958872 43.92192950
  jla_mock 0.049519 36.77690443 0.20228994 36.71280616
  jla_mock 0.030325 35.31464240 0.18207848 35.61748904
  jla_mock 0.074579 37.55245277 0.21872943 37.64057293
  jla_mock 0.025198 35.20633710 0.22034080 35.20703466
  jla_mock 0.014411 33.79450468 0.20528439 33.97602642
  jla_mock 0.020792 34.36404921 0.19750056 34.78251346
  jla_mock 0.035218 35.87378201 0.20378488 35.95015367
  jla_mock 0.041657 36.42637179 0.21523275 36.32500636
  jla_mock 0.042400 36.25143916 0.20618664 36.36457805
  jla_mock 0.018902 34.85612850 0.18361956 34.57249571
  jla_mock 0.078840 37.86482449 0.21534076 37.76761163
  jla_mock 0.063345 37.22136926 0.20758765 37.26894201
  jla_mock 0.027637 35.64038047 0.23141589 35.41160437
  jla_mock 0.049325 36.49090438 0.21068097 36.70399385
  jla_mock 0.070153 37.27914883 0.22041411 37.50101519
  jla_mock 0.023909 35.19050335 0.18367797 35.09091280
  jla_mock 0.053126 36.70060785 0.22335947 36.87112602
  jla_mock 0.024951 35.11387122 0.18978288 35.18524706
  jla_mock 0.015664 34.14740668 0.20165316 34.15913749
  jla_mock 0.048984 36.62622309 0.15985830 36.68838319
  jla_mock 0.022399 34.68199292 0.18927946 34.94678642
  jla_mock 0.034854 36.13019844 0.23666209 35.92701185
  jla_mock 0.016966 34.18485535 0.20291443 34.33465426
  jla_mock 0.030721 35.79025020 0.18171781 35.64631554
  jla_mock 0.030482 35.38907230 0.18203752 35.62895207
  jla_mock 0.010550 33.28567357 0.21945028 33.29242555
  jla_mock 0.014256 33.93619431 0.17170736 33.95228688
  jla_mock 0.027688 35.37072297 0.18124529 35.41570554
  jla_mock 0.053860 36.71149713 0.15903793 36.90204718
  jla_mock 0.017672 33.99715776 0.19251135 34.42434462
  jla_mock 0.017450 34.61502353 0.17037052 34.39653765
  jla_mock 0.015573 34.01390111 0.20219934 34.14633892
  jla_mock 0.010060 33.18390227 0.23112569 33.18835300
  jla_mock 0.054931 36.78187685 0.18431298 36.94646971
  jla_mock 0.039083 36.25237077 0.16317419 36.18242517
  jla_mock 0.078317 37.64063493 0.18391968 37.75237713
  jla_mock 0.031764 35.97819316 0.15356487 35.72047232
  jla_mock 0.014440 34.17722768 0.22581465 33.98045207
  jla_mock 0.013533 33.81734298 0.22079334 33.83807432
  jla_mock 0.026677 35.04823968 0.19349962 35.33327560
  jla_mock 0.023360 35.06964198 0.17880596 35.03957081
  jla_mock 0.036934 35.88705977 0.19001518 36.05621163
  jla_mock 0.023552 34.87840314 0.17819828 35.05766335
  jla_mock 0.017483 34.18726679 0.19211831 34.40068652
  jla_mock 0.040259 36.08969450 0.17447686 36.24867377
  jla_mock 0.030381 35.83923661 0.20408145 35.62160056
  jla_mock 0.015504 34.21323019 0.20027602 34.13657987
  jla_mock 0.014151 33.90797648 0.18788306 33.93607877
  jla_mock 0.015487 34.12956678 0.18431337 34.13416441
  jla_mock 0.015554 33.91316541 0.19852180 34.14366669
  jla_mock 0.037075 35.90949332 0.15485493 36.06470086
  jla_mock 0.015482 34.22750142 0.20249750 34.13345398
  jla_mock 0.013324 33.97438583 0.18643777 33.80395138
  jla_mock 0.014575 34.08901796 0.20791179 34.00087415
  jla_mock 0.015791 34.45122244 0.19846605 34.17687376
  jla_mock 0.024746 35.47232604 0.17954713 35.16700463
  jla_mock 0.027748 35.56339219 0.17503344 35.42049126
  jla_mock 0.010888 33.39293059 0.25477943 33.36146467
  jla_mock 0.013652 33.91694620 0.18670962 33.85728145
  jla_mock 0.035755 35.73619140 0.16295663 35.98387241
  jla_mock 0.024725 35.35101977 0.17710562 35.16513384
  jla_mock 0.038086 36.09257356 0.17051564 36.12473959
  jla_mock 0.021541 34.81275840 0.17711857 34.86057539
  jla_mock 0.019581 34.96104672 0.17898631 34.65021869
  jla_mock 0.030416 36.05773256 0.17571774 35.62415506
  jla_mock 0.039219 36.01935896 0.17021381 36.19018670
  jla_mock 0.034971 35.86593974 0.15987848 35.93447048
  jla_mock 0.028561 35.43614852 0.17650121 35.48452539
  jla_mock 0.020997 34.99579758 0.18822756 34.80415669
  jla_mock 0.032538 35.98942032 0.18232286 35.77398812
  jla_mock 0.015469 34.32131868 0.19318910 34.13160686
  jla_mock 0.015678 34.18951808 0.20747940 34.16110650
  jla_mock 0.027499 35.31508110 0.15598630 35.40050708
  jla_mock 0.046856 36.51517555 0.17134850 36.58861440
  jla_mock 0.033173 35.77130538 0.18295753 35.81697485
  jla_mock 0.010291 33.19572245 0.23549671 33.23804434
  jla_mock 0.080103 38.02279791 0.17116407 37.80403266
  jla_mock 0.012317 33.72739699 0.20020781 33.63161728
  jla_mock 0.024586 35.20004268 0.20631378 35.15263854
  jla_mock 0.014467 33.74156834 0.20827809 33.98455982
  jla_mock 0.015154 34.23778702 0.18399751 34.08641343
  jla_mock 0.029086 35.26021933 0.17337203 35.52490626
  jla_mock 0.034781 35.92375957 0.17928903 35.92235817
  jla_mock 0.044920 36.53264481 0.14070569 36.49393274
  jla_mock 0.034074 36.03709392 0.16958177 35.87663125
  jla_mock 0.074870 37.63192126 0.14386215 37.64944416
  jla_mock 0.014960 33.93162522 0.19782876 34.05811963
  jla_mock 0.020396 34.75332583 0.17103812 34.74010316
  jla_mock 0.040689 36.16025135 0.17468105 36.27242415
  jla_mock 0.026567 35.55425045 0.18033141 35.32414661
  jla_mock 0.026881 35.35766808 0.15330990 35.35016459
  jla_mock 0.023471 35.20809234 0.17597781 35.05006822
  jla_mock 0.069122 37.35134980 0.19117659 37.46727605
  jla_mock 0.065193 36.99412713 0.15879632 37.33422599
  jla_mock 0.022980 35.18714349 0.17790505 35.00335686
  jla_mock 0.017387 34.65124393 0.19829162 34.38858733
  jla_mock 0.031485 35.56937371 0.15108749 35.70086126
  jla_mock 0.011184 33.11037502 0.19447979 33.42021831
  jla_mock 0.021956 34.61472867 0.17567209 34.90268683
  jla_mock 0.031484 35.89477182 0.15080691 35.70079074
  jla_mock 0.023321 35.16882271 0.20285194 35.03588253
  jla_mock 0.020390 34.68855154 0.18300723 34.73945563
  jla_mock 0.022466 34.88337649 0.18140785 34.95338527
  jla_mock 0.033614 35.89963827 0.18044129 35.84636611
  jla_mock 0.036969 36.28877221 0.17916902 36.05833330
  jla_mock 0.022629 34.67910745 0.18007478 34.96934484
  jla_mock 0.014700 34.07659879 0.18462322 34.01961653
  jla_mock 0.036950 36.24736217 0.14876338 36.05718154
  jla_mock 0.060959 37.50950238 0.12531329 37.18188951
  jla_mock 0.059289 37.10870605 0.12135718 37.11900351
  jla_mock 0.069751 37.46738659 0.15873536 37.48790180
  jla_mock 0.029526 35.27945850 0.17470465 35.55822372
  jla_mock 0.033255 35.47994206 0.17565362 35.82247246
  jla_mock 0.024159 34.97331687 0.18124182 35.11390716
  jla_mock 0.015999 34.27954491 0.19155982 34.20564281
  jla_mock 0.062961 37.56000379 0.16530929 37.25513610
  jla_mock 0.021706 35.09930413 0.19186355 34.87741406
  jla_mock 0.031638 35.73672171 0.18943844 35.71164977
  jla_mock 0.018599 34.58130147 0.17304818 34.53688453
  jla_mock 0.027064 35.35351830 0.17332763 35.36518151
  jla_mock 0.025468 35.27122603 0.18469991 35.23061897
  jla_mock 0.023810 34.89806115 0.19336693 35.08173832
  jla_mock 0.023867 35.10959249 0.18298494 35.08702060
  jla_mock 0.022068 34.73789791 0.16678206 34.91394410
