mock_SNLS3    0.0102900000   33.2520070561    0.2392021718   33.2378856607
mock_SNLS3    0.0100600000   33.5384368090    0.2038462576   33.1883688038
mock_SNLS3    0.0105500000   33.5091950390    0.2247672773   33.2924142332
mock_SNLS3    0.0111300000   33.6712245911    0.2600517089   33.4096215344
mock_SNLS3    0.0109000000   33.6148841678    0.2483400631   33.3638866429
mock_SNLS3    0.0123100000   33.8163615841    0.2690172095   33.6304034591
mock_SNLS3    0.0133400000   33.9049585336    0.1631419281   33.8066021723
mock_SNLS3    0.0142600000   33.9888066609    0.1718320810   33.9529118448
mock_SNLS3    0.0145700000   33.9137477994    0.2001140760   34.0001282667
mock_SNLS3    0.0144300000   34.7468161026    0.2533431510   33.9789140162
mock_SNLS3    0.0136600000   33.6584428468    0.1774125227   33.8585568085
mock_SNLS3    0.0147000000   34.1937115029    0.1553097281   34.0196047525
mock_SNLS3    0.0135400000   33.9016330840    0.2016231686   33.8391862366
mock_SNLS3    0.0155700000   34.4242594523    0.1832562968   34.1459395782
mock_SNLS3    0.0138000000   33.9355014977    0.1670350867   33.8809397472
mock_SNLS3    0.0141500000   33.9335702384    0.1844222756   33.9359016506
mock_SNLS3    0.0151500000   34.3789786670    0.2161279369   34.0858422265
mock_SNLS3    0.0144600000   34.0938633108    0.2117137736   33.9834816000
mock_SNLS3    0.0157800000   34.4048658808    0.1811875004   34.1753159607
mock_SNLS3    0.0149700000   34.0159228880    0.2031400064   34.0596052359
mock_SNLS3    0.0147100000   34.1972969423    0.1815063111   34.0210965017
mock_SNLS3    0.0155500000   34.1382925193    0.1648519832   34.1431356079
mock_SNLS3    0.0154900000   34.4910652695    0.2023835662   34.1346182331
mock_SNLS3    0.0155000000   34.0009250007    0.2045791019   34.1360405388
mock_SNLS3    0.0154800000   34.0936597077    0.1708520074   34.1331959273
mock_SNLS3    0.0156400000   34.1342922666    0.2245165669   34.1557534739
mock_SNLS3    0.0155000000   34.0369008981    0.1928256776   34.1360405388
mock_SNLS3    0.0160100000   34.3536005178    0.1664997765   34.2071590522
mock_SNLS3    0.0169700000   34.6653662413    0.1860211472   34.3351454026
mock_SNLS3    0.0173700000   34.6209264329    0.1811734409   34.3864061556
mock_SNLS3    0.0170600000   34.1260084109    0.3060537814   34.3468057660
mock_SNLS3    0.0175000000   34.5529260170    0.1672549134   34.4027997231
mock_SNLS3    0.0174500000   34.2392411597    0.2602534234   34.3965151163
mock_SNLS3    0.0176800000   34.0489848774    0.2139027322   34.4253074521
mock_SNLS3    0.0185800000   34.7007332577    0.1673724966   34.5346383455
mock_SNLS3    0.0189200000   34.3892688678    0.1654484386   34.5745486996
mock_SNLS3    0.0195800000   34.6555944203    0.1466265285   34.6500894711
mock_SNLS3    0.0203700000   34.9081616798    0.1618442939   34.7372888046
mock_SNLS3    0.0209800000   34.8968966664    0.1703287545   34.8023907586
mock_SNLS3    0.0208000000   34.7150722434    0.1512766231   34.7833457249
mock_SNLS3    0.0204100000   34.8993721884    0.2275095773   34.7416151803
mock_SNLS3    0.0216800000   34.7324433483    0.1782887519   34.8747966102
mock_SNLS3    0.0215700000   34.7132267120    0.1811769763   34.8635567568
mock_SNLS3    0.0220500000   35.1878117839    0.1789844056   34.9121068372
mock_SNLS3    0.0219500000   34.8991944257    0.1529084099   34.9020936039
mock_SNLS3    0.0224800000   34.8359498635    0.1652706613   34.9547596370
mock_SNLS3    0.0233000000   34.9692477937    0.2134514283   35.0339186645
mock_SNLS3    0.0229800000   35.2443458785    0.1581381327   35.0033736664
mock_SNLS3    0.0224200000   34.4121753122    0.4345441635   34.9488477960
mock_SNLS3    0.0230300000   35.1777545826    0.2170209503   35.0081749371
mock_SNLS3    0.0245800000   35.5182761508    0.2154530054   35.1520725876
mock_SNLS3    0.0234500000   35.1938945338    0.2065376579   35.0481036499
mock_SNLS3    0.0249300000   35.1284405780    0.2374835895   35.1834038612
mock_SNLS3    0.0235500000   34.9582139194    0.1545282450   35.0574960591
mock_SNLS3    0.0237900000   35.2434667763    0.1468268198   35.0798995937
mock_SNLS3    0.0233500000   34.9070421573    0.1559428293   35.0386469929
mock_SNLS3    0.0238900000   35.0551015925    0.1736990142   35.0891641203
mock_SNLS3    0.0241800000   35.2894810365    0.1554748813   35.1158312425
mock_SNLS3    0.0238900000   35.6416348019    0.3686019192   35.0891641203
mock_SNLS3    0.0247300000   35.5125265946    0.1655314393   35.1655411466
mock_SNLS3    0.0247200000   35.1690652741    0.1529392289   35.1646444663
mock_SNLS3    0.0251700000   34.4628441160    0.5115747543   35.2045875000
mock_SNLS3    0.0265500000   35.2423749546    0.1629858898   35.3227245511
mock_SNLS3    0.0276100000   34.8931269933    0.3774390537   35.4094168776
mock_SNLS3    0.0254900000   35.1844747659    0.1787117840   35.2325197861
mock_SNLS3    0.0268700000   35.5793305514    0.1868632473   35.3492165111
mock_SNLS3    0.0274100000   35.7097750568    0.2041062679   35.3933768301
mock_SNLS3    0.0267000000   35.4986767845    0.1772040826   35.3351651795
mock_SNLS3    0.0270700000   35.5418778512    0.1413531301   35.3656558507
mock_SNLS3    0.0276700000   35.5530529535    0.1639896987   35.4142270042
mock_SNLS3    0.0277400000   35.1099119683    0.1622582123   35.4198201880
mock_SNLS3    0.0285600000   35.6275823875    0.1722820702   35.4844801909
mock_SNLS3    0.0291000000   35.5707184312    0.1567357913   35.5259511022
mock_SNLS3    0.0303500000   35.4732548815    0.1638074122   35.6193532051
mock_SNLS3    0.0307100000   36.0068004507    0.1585186791   35.6455491595
mock_SNLS3    0.0295100000   35.4925563755    0.1516666245   35.5569862938
mock_SNLS3    0.0304100000   35.8267417610    0.1902725081   35.6237603869
mock_SNLS3    0.0303200000   35.5363109119    0.1546395262   35.6171416667
mock_SNLS3    0.0305200000   35.6212091338    0.1828255214   35.6317496036
mock_SNLS3    0.0314700000   35.7064522085    0.1368601129   35.6998092866
mock_SNLS3    0.0325100000   35.5789324683    0.1974833239   35.7720736215
mock_SNLS3    0.0316200000   35.6043337315    0.1484733094   35.7104181427
mock_SNLS3    0.0317600000   35.9496462598    0.1417794998   35.7202330189
mock_SNLS3    0.0332300000   35.8227724202    0.1528406605   35.8207974299
mock_SNLS3    0.0314700000   35.9534426847    0.1967488335   35.6998092866
mock_SNLS3    0.0331500000   35.8415998682    0.2219814763   35.8154235981
mock_SNLS3    0.0341100000   35.9852159341    0.1409267600   35.8789657418
mock_SNLS3    0.0350000000   35.9076752888    0.2120022009   35.9362984193
mock_SNLS3    0.0336500000   35.7670591870    0.1525842665   35.8487228968
mock_SNLS3    0.0348100000   35.9986768497    0.1908454898   35.9242324182
mock_SNLS3    0.0357300000   36.4548797282    0.3768560897   35.9822750000
mock_SNLS3    0.0350100000   35.6943028940    0.2011267163   35.9369334720
mock_SNLS3    0.0348900000   35.5818883749    0.1652758133   35.9293128397
mock_SNLS3    0.0369300000   35.8285767931    0.1570816892   36.0560007111
mock_SNLS3    0.0370100000   36.0992770365    0.1721020635   36.0608407195
mock_SNLS3    0.0371100000   36.0845385060    0.1466527695   36.0668365485
mock_SNLS3    0.0390500000   36.5780461645    0.1776858442   36.1805414562
mock_SNLS3    0.0381200000   36.1819676664    0.1484012077   36.1267078652
mock_SNLS3    0.0392200000   36.0864239162    0.1516245567   36.1902665676
mock_SNLS3    0.0402600000   35.9223919050    0.1570427971   36.2487561690
mock_SNLS3    0.0407200000   36.5635112144    0.1793962213   36.2741486339
mock_SNLS3    0.0424300000   36.0890268017    0.1942424022   36.3661665603
mock_SNLS3    0.0418600000   36.4399635530    0.1921432814   36.3359139599
mock_SNLS3    0.0467400000   36.5716310294    0.1601571920   36.5830359235
mock_SNLS3    0.0449700000   36.5056326095    0.1502436417   36.4964347911
mock_SNLS3    0.0492800000   36.6765443615    0.1847970888   36.7019680150
mock_SNLS3    0.0490400000   36.5861840324    0.1572220903   36.6909340766
mock_SNLS3    0.0495300000   36.7164081198    0.1700664899   36.7133527827
mock_SNLS3    0.0530900000   36.7875068153    0.1929160350   36.8696200581
mock_SNLS3    0.0549200000   37.0066064114    0.1780114436   36.9460216488
mock_SNLS3    0.0536700000   36.6399269238    0.1611929121   36.8940537576
mock_SNLS3    0.0594200000   37.3651323152    0.1872076409   37.1240567917
mock_SNLS3    0.0584800000   36.9624919650    0.1537525355   37.0879324669
mock_SNLS3    0.0630000000   37.2913971490    0.1429303546   37.2564988909
mock_SNLS3    0.0633700000   37.3515447212    0.1863517560   37.2698068598
mock_SNLS3    0.0651300000   37.2813156268    0.1638620075   37.3320093923
mock_SNLS3    0.0629700000   36.6295403744    0.1790296174   37.2554175601
mock_SNLS3    0.0650000000   37.0440079917    0.1643816444   37.3274670599
mock_SNLS3    0.0670000000   37.4817763038    0.1406160905   37.3963462140
mock_SNLS3    0.0690500000   37.4736320305    0.1692446594   37.4648781754
mock_SNLS3    0.0700900000   37.4770301477    0.1948970582   37.4989478883
mock_SNLS3    0.0679300000   37.5653695861    0.3905943871   37.4276671300
mock_SNLS3    0.0746100000   37.3919033424    0.2818728317   37.6415676919
mock_SNLS3    0.0752900000   37.9841434982    0.1801470206   37.6622190230
mock_SNLS3    0.0782300000   37.5365296366    0.1922181981   37.7497976684
mock_SNLS3    0.0788800000   37.7172659051    0.1817550458   37.7687615611
mock_SNLS3    0.0801000000   37.6566782232    0.1439242971   37.8039402867
mock_SNLS3    0.0870000000   37.9611906764    0.1493869247   37.9937010291
mock_SNLS3    0.0870000000   37.8938122282    0.1363523169   37.9937010291
mock_SNLS3    0.0900000000   38.3737050745    0.2408862623   38.0716801653
mock_SNLS3    0.0950000000   37.9745603364    0.1397129451   38.1964696636
mock_SNLS3    0.1040000000   38.2249529879    0.1559566704   38.4061598886
mock_SNLS3    0.1080000000   38.0650683368    0.2564925334   38.4938516652
mock_SNLS3    0.1100000000   38.4094294634    0.1384035910   38.5365865961
mock_SNLS3    0.1160000000   38.7577063328    0.1330023511   38.6605284996
mock_SNLS3    0.1170000000   38.7623793092    0.1174009706   38.6805676617
mock_SNLS3    0.1180000000   38.5321350593    0.1514013300   38.7004364233
mock_SNLS3    0.1190000000   38.5321503346    0.1472718936   38.7201711617
mock_SNLS3    0.1210000000   38.6078741587    0.1160628335   38.7591947707
mock_SNLS3    0.1240000000   38.6071843096    0.1443648549   38.8165981294
mock_SNLS3    0.1242000000   38.5965976671    0.1059592569   38.8203705378
mock_SNLS3    0.1250000000   38.8235712379    0.1206891454   38.8354562500
mock_SNLS3    0.1270000000   38.8223032137    0.1390873538   38.8727517557
mock_SNLS3    0.1280000000   39.0949880407    0.1456620273   38.8911795918
mock_SNLS3    0.1300000000   39.1221738631    0.1474126372   38.9276188482
mock_SNLS3    0.1300000000   39.0999839537    0.1531031875   38.9276188482
mock_SNLS3    0.1430000000   39.2181794185    0.1288021866   39.1525694538
mock_SNLS3    0.1430000000   39.3321553874    0.1449645487   39.1525694538
mock_SNLS3    0.1450000000   39.3837239615    0.1547918280   39.1854751503
mock_SNLS3    0.1460000000   39.2958201815    0.1329023682   39.2017609643
mock_SNLS3    0.1470000000   39.6242700294    0.1479900362   39.2179432629
mock_SNLS3    0.1470000000   39.3052458476    0.1453598858   39.2179432629
mock_SNLS3    0.1480000000   38.8364244284    0.1357418710   39.2340364529
mock_SNLS3    0.1530000000   39.2384339127    0.1306389327   39.3129844642
mock_SNLS3    0.1560000000   39.1805188555    0.1504062294   39.3591777640
mock_SNLS3    0.1620000000   39.3441617296    0.1723768936   39.4491682956
mock_SNLS3    0.1650000000   39.5118451506    0.1491622261   39.4930019469
mock_SNLS3    0.1692000000   39.6460562612    0.1103428718   39.5531800915
mock_SNLS3    0.1720000000   39.4929265056    0.1434129152   39.5925516129
mock_SNLS3    0.1740000000   39.6163908085    0.1363536866   39.6202256794
mock_SNLS3    0.1750000000   39.4481071491    0.1425220448   39.6339805324
mock_SNLS3    0.1790000000   39.6385761912    0.1751490890   39.6883084737
mock_SNLS3    0.1810000000   39.3185030225    0.1681560511   39.7151100000
mock_SNLS3    0.1810000000   39.5124562097    0.2283177444   39.7151100000
mock_SNLS3    0.1830000000   39.6230592835    0.1613606366   39.7415293617
mock_SNLS3    0.1840000000   39.5985175399    0.1080958028   39.7546467615
mock_SNLS3    0.1840000000   39.6619409559    0.2111032835   39.7546467615
mock_SNLS3    0.1850000000   39.7851885480    0.1833155340   39.7677543796
mock_SNLS3    0.1870000000   39.5525987448    0.1368841489   39.7937024755
mock_SNLS3    0.1900000000   39.7851410884    0.1410859698   39.8320806946
mock_SNLS3    0.1910000000   39.6444017035    0.1694319423   39.8447680647
mock_SNLS3    0.1930000000   39.3874150814    0.1979382405   39.8699125000
mock_SNLS3    0.1980000000   39.7274569644    0.1525290709   39.9318559040
mock_SNLS3    0.2020000000   39.8499669556    0.1444905900   39.9803653551
mock_SNLS3    0.2040000000   39.7802921335    0.1548739860   40.0042802850
mock_SNLS3    0.2060000000   40.0860459411    0.1774812815   40.0279628115
mock_SNLS3    0.2110000000   40.1212914051    0.1111118587   40.0863023481
mock_SNLS3    0.2120000000   40.3363407237    0.1459935692   40.0978247037
mock_SNLS3    0.2130000000   40.3182269224    0.1345366932   40.1093105743
mock_SNLS3    0.2140000000   39.6186697496    0.1744015843   40.1207493009
mock_SNLS3    0.2170000000   39.7764012573    0.1942416335   40.1546375000
mock_SNLS3    0.2180000000   40.2925748907    0.1754087707   40.1658875000
mock_SNLS3    0.2190000000   40.0167825821    0.1082111927   40.1770425983
mock_SNLS3    0.2190000000   40.1922204134    0.1520707147   40.1770425983
mock_SNLS3    0.2200000000   40.3626859910    0.1355928013   40.1881782589
mock_SNLS3    0.2300000000   40.2410925004    0.1551212822   40.2969514897
mock_SNLS3    0.2440000000   40.3704607552    0.1861542990   40.4422011957
mock_SNLS3    0.2450000000   40.3080920681    0.1678269234   40.4522619329
mock_SNLS3    0.2460000000   40.5709437106    0.1098608053   40.4622816568
mock_SNLS3    0.2500000000   40.4277466267    0.1644553014   40.5020955951
mock_SNLS3    0.2501000000   40.6611346448    0.1184247195   40.5030770479
mock_SNLS3    0.2510000000   40.3432404415    0.1642260512   40.5119101236
mock_SNLS3    0.2520000000   40.1128288899    0.2422353507   40.5217246522
mock_SNLS3    0.2530000000   40.4909498797    0.1324998500   40.5314810707
mock_SNLS3    0.2540000000   40.8047815883    0.1785719599   40.5412325048
mock_SNLS3    0.2570000000   40.2702898779    0.1974374851   40.5703442846
mock_SNLS3    0.2580000000   41.0386216419    0.2268749305   40.5799439490
mock_SNLS3    0.2590000000   40.4318155294    0.1849877607   40.5894980892
mock_SNLS3    0.2590000000   40.5665704886    0.1779377717   40.5894980892
mock_SNLS3    0.2590000000   40.4749310664    0.1836744828   40.5894980892
mock_SNLS3    0.2620000000   40.7023436095    0.1799395629   40.6180365962
mock_SNLS3    0.2620000000   40.6946248405    0.1911175243   40.6180365962
mock_SNLS3    0.2630000000   40.7260168472    0.1368474020   40.6274886239
mock_SNLS3    0.2631000000   40.5379606624    0.1500321863   40.6284244037
mock_SNLS3    0.2650000000   40.5728720104    0.2235499112   40.6462042202
mock_SNLS3    0.2650000000   40.3178371540    0.1823257069   40.6462042202
mock_SNLS3    0.2670000000   40.7877661268    0.1537048710   40.6648272430
mock_SNLS3    0.2680000000   40.5556209523    0.1084896831   40.6741261896
mock_SNLS3    0.2700000000   40.5724916456    0.1334895988   40.6926130841
mock_SNLS3    0.2720000000   40.7382066852    0.1852353724   40.7109565125
mock_SNLS3    0.2800000000   40.7456638666    0.1648129083   40.7831010003
mock_SNLS3    0.2821000000   40.9164791429    0.1029404464   40.8017177647
mock_SNLS3    0.2847000000   40.6734945412    0.1380265647   40.8245564356
mock_SNLS3    0.2880000000   40.7608305118    0.1876985252   40.8532644257
mock_SNLS3    0.2900000000   40.9331090702    0.1815939907   40.8705363880
mock_SNLS3    0.2912000000   41.0456240070    0.1482308046   40.8808909030
mock_SNLS3    0.2940000000   40.7424316581    0.1937975486   40.9048087388
mock_SNLS3    0.3000000000   41.1679739217    0.2574492481   40.9553990924
mock_SNLS3    0.3027000000   40.9574226183    0.1021873362   40.9778028883
mock_SNLS3    0.3030000000   41.4566102357    0.4968612793   40.9802868421
mock_SNLS3    0.3100000000   40.8066893354    0.2529078790   41.0376120722
mock_SNLS3    0.3110000000   41.3776112730    0.1957517310   41.0456705663
mock_SNLS3    0.3110000000   41.1668314933    0.1612645434   41.0456705663
mock_SNLS3    0.3140000000   40.8915678690    0.2005802304   41.0697965517
mock_SNLS3    0.3220000000   41.1039170352    0.1657102631   41.1331843137
mock_SNLS3    0.3230000000   41.1573856725    0.1112926568   41.1410208955
mock_SNLS3    0.3280000000   41.2120154209    0.1743506786   41.1796919622
mock_SNLS3    0.3320000000   41.2501689992    0.1269035107   41.2103089207
mock_SNLS3    0.3373000000   41.2430674167    0.1037185689   41.2502717559
mock_SNLS3    0.3400000000   41.2586118071    0.1978396780   41.2704579490
mock_SNLS3    0.3402000000   41.2678571312    0.1007661192   41.2719445421
mock_SNLS3    0.3470000000   41.1677461804    0.1155112358   41.3221015436
mock_SNLS3    0.3480000000   41.2358252311    0.1199175147   41.3293826993
mock_SNLS3    0.3480000000   41.5110814085    0.1233571552   41.3293826993
mock_SNLS3    0.3500000000   41.4074835177    0.2216261827   41.3439342127
mock_SNLS3    0.3500000000   41.4104573738    0.1340711553   41.3439342127
mock_SNLS3    0.3537000000   41.3613608373    0.1051047167   41.3706332600
mock_SNLS3    0.3553000000   41.3091401331    0.1219309604   41.3820870476
mock_SNLS3    0.3570000000   41.2579492150    0.1283597217   41.3942067755
mock_SNLS3    0.3578000000   41.5119410758    0.1020741736   41.3999101769
mock_SNLS3    0.3688000000   41.3478928536    0.0955848078   41.4768700079
mock_SNLS3    0.3690000000   41.4661605314    0.1274488071   41.4782575046
mock_SNLS3    0.3700000000   41.4838826027    0.1179065971   41.4851428348
mock_SNLS3    0.3709000000   41.5491565702    0.1359188577   41.4913213782
mock_SNLS3    0.3720000000   41.4262493804    0.1009685078   41.4988729313
mock_SNLS3    0.3730000000   41.5850175289    0.0955172212   41.5057379796
mock_SNLS3    0.3750000000   41.5195016115    0.1289422392   41.5193373902
mock_SNLS3    0.3810000000   41.5197747563    0.1800975103   41.5599255631
mock_SNLS3    0.3930000000   42.2683076238    0.3371202770   41.6391616442
mock_SNLS3    0.3950000000   41.8630446264    0.1941410250   41.6521186994
mock_SNLS3    0.4020000000   41.7263205595    0.1150655882   41.6971717308
mock_SNLS3    0.4040000000   41.7886313301    0.1031478900   41.7098640385
mock_SNLS3    0.4067000000   41.6095275332    0.1075570354   41.7269355138
mock_SNLS3    0.4110000000   41.7882690604    0.1109056126   41.7539400047
mock_SNLS3    0.4150000000   41.7029778561    0.1246025167   41.7788156177
mock_SNLS3    0.4170000000   41.6920014170    0.1080461836   41.7911699301
mock_SNLS3    0.4190000000   41.9275296553    0.1156551619   41.8034800738
mock_SNLS3    0.4240000000   41.7600596665    0.1214977648   41.8340484932
mock_SNLS3    0.4270000000   41.8224412222    0.1285189001   41.8522399006
mock_SNLS3    0.4355000000   42.2760467363    0.1714723286   41.9030581843
mock_SNLS3    0.4370000000   41.8426795112    0.1164251332   41.9118956618
mock_SNLS3    0.4420000000   41.9312673823    0.1475045730   41.9412178094
mock_SNLS3    0.4422000000   42.1894388446    0.1184617901   41.9423831982
mock_SNLS3    0.4490000000   41.7960176428    0.1576672782   41.9818426930
mock_SNLS3    0.4500000000   41.8560433752    0.1703626173   41.9875883476
mock_SNLS3    0.4510000000   41.8335065713    0.1363278419   41.9933179614
mock_SNLS3    0.4607000000   42.0647349578    0.1563369186   42.0483767339
mock_SNLS3    0.4610000000   42.2230816650    0.1120162485   42.0500602144
mock_SNLS3    0.4680000000   41.6020808718    0.1787724530   42.0891791511
mock_SNLS3    0.4700000000   42.1142637211    0.1741161829   42.1002265390
mock_SNLS3    0.4700000000   42.4654972178    0.1282526744   42.1002265390
mock_SNLS3    0.4700000000   41.8213462374    0.2046414226   42.1002265390
mock_SNLS3    0.4720000000   41.8435602836    0.1494328899   42.1112621577
mock_SNLS3    0.4740000000   42.2614108820    0.1069852373   42.1222256165
mock_SNLS3    0.4790000000   41.9758537056    0.1300508100   42.1494154699
mock_SNLS3    0.4800000000   42.3326980651    0.1269065760   42.1548410448
mock_SNLS3    0.4900000000   42.3273173830    0.1291698670   42.2084508793
mock_SNLS3    0.4960000000   42.2648370195    0.1523609258   42.2401170317
mock_SNLS3    0.4990000000   42.3535757588    0.1282278033   42.2558499613
mock_SNLS3    0.4990000000   42.5103787221    0.1549461238   42.2558499613
mock_SNLS3    0.5043000000   42.3374010353    0.1315114654   42.2833913810
mock_SNLS3    0.5090000000   41.9065483225    0.1340796341   42.3075808495
mock_SNLS3    0.5100000000   42.6405247377    0.1863384795   42.3126813424
mock_SNLS3    0.5130000000   42.2536936103    0.1577973354   42.3279828214
mock_SNLS3    0.5150000000   42.2852382710    0.1438402786   42.3381420717
mock_SNLS3    0.5150000000   42.5265297190    0.2272978720   42.3381420717
mock_SNLS3    0.5160000000   42.4604217365    0.1450838394   42.3432086883
mock_SNLS3    0.5190000000   42.5597595652    0.2265225591   42.3584085382
mock_SNLS3    0.5216000000   42.0552150994    0.1751568574   42.3714033798
mock_SNLS3    0.5310000000   42.5430536479    0.1553896981   42.4180948881
mock_SNLS3    0.5320000000   42.3422109924    0.1788916775   42.4230066582
mock_SNLS3    0.5344000000   42.4835875345    0.1336812853   42.4347949063
mock_SNLS3    0.5360000000   42.3819059094    0.1804904913   42.4426249595
mock_SNLS3    0.5370000000   42.8946165319    0.1941428312   42.4474871961
mock_SNLS3    0.5500000000   42.4496616205    0.1824493899   42.5101297936
mock_SNLS3    0.5516000000   42.5363022108    0.1501746194   42.5177784089
mock_SNLS3    0.5520000000   42.1579601007    0.1796412199   42.5196905627
mock_SNLS3    0.5520000000   42.5288543480    0.1702421226   42.5196905627
mock_SNLS3    0.5590000000   42.5159773316    0.1588337179   42.5527487906
mock_SNLS3    0.5600000000   42.6973594892    0.1478372599   42.5574136144
mock_SNLS3    0.5600000000   42.3936702492    0.1721334723   42.5574136144
mock_SNLS3    0.5635000000   42.7573423368    0.1459960727   42.5737404976
mock_SNLS3    0.5660000000   42.4689293876    0.1764224285   42.5853357277
mock_SNLS3    0.5710000000   43.7442359356    1.2217624139   42.6084661533
mock_SNLS3    0.5740000000   42.3590069629    0.1695551007   42.6222755965
mock_SNLS3    0.5755000000   42.8583786288    0.1675736159   42.6291803182
mock_SNLS3    0.5794000000   42.6250094381    0.1296159123   42.6468854941
mock_SNLS3    0.5800000000   42.8892831075    0.1960251968   42.6496091122
mock_SNLS3    0.5800000000   42.8313412458    0.1683553447   42.6496091122
mock_SNLS3    0.5800000000   42.8055173866    0.1432251801   42.6496091122
mock_SNLS3    0.5817000000   42.7186020408    0.1647996235   42.6573166639
mock_SNLS3    0.5842000000   43.0429191401    0.1498286815   42.6685502902
mock_SNLS3    0.5845000000   42.8308525346    0.1514951854   42.6698983253
mock_SNLS3    0.5850000000   42.7876221982    0.1757450243   42.6721450506
mock_SNLS3    0.5850000000   42.5986366288    0.1717993437   42.6721450506
mock_SNLS3    0.5870000000   42.6751103735    0.1846528668   42.6811319516
mock_SNLS3    0.5890000000   42.9145894831    0.1631368701   42.6900745980
mock_SNLS3    0.5900000000   42.9325807429    0.1668477566   42.6945380046
mock_SNLS3    0.5900000000   42.9854689453    0.1829161393   42.6945380046
mock_SNLS3    0.5920000000   42.6194058688    0.1945411232   42.7034648179
mock_SNLS3    0.6000000000   42.3684509858    0.2337654113   42.7388662755
mock_SNLS3    0.6050000000   42.7973169257    0.1616053044   42.7607277126
mock_SNLS3    0.6075000000   42.4887527989    0.2691258075   42.7715906141
mock_SNLS3    0.6100000000   42.7338372315    0.1778327274   42.7824083042
mock_SNLS3    0.6100000000   42.6484267481    0.1856604002   42.7824083042
mock_SNLS3    0.6120000000   42.6575899336    0.1667019391   42.7910624563
mock_SNLS3    0.6130000000   42.5893040191    0.2182802392   42.7953579121
mock_SNLS3    0.6165000000   42.3476674247    0.2287037349   42.8103476775
mock_SNLS3    0.6200000000   42.3317890964    0.2333963234   42.8252986442
mock_SNLS3    0.6200000000   43.2142060118    0.2848384267   42.8252986442
mock_SNLS3    0.6268000000   42.7666826808    0.1742753383   42.8541512955
mock_SNLS3    0.6290000000   43.2385131036    0.2043301997   42.8634140962
mock_SNLS3    0.6300000000   41.9497805188    0.3728341792   42.8676244602
mock_SNLS3    0.6320000000   42.9800055454    0.1963558063   42.8760185344
mock_SNLS3    0.6340000000   42.8278286451    0.2348226732   42.8843238779
mock_SNLS3    0.6390000000   42.6217036241    0.2956487488   42.9050615350
mock_SNLS3    0.6396000000   42.9484304903    0.2199248137   42.9075362290
mock_SNLS3    0.6400000000   42.4681376008    0.3721730351   42.9091860251
mock_SNLS3    0.6430000000   43.0615567157    0.2043991430   42.9215594954
mock_SNLS3    0.6430000000   42.7868872393    0.2268375167   42.9215594954
mock_SNLS3    0.6473000000   43.0049783751    0.1946817430   42.9391860476
mock_SNLS3    0.6477000000   42.8076613737    0.1814953647   42.9408190668
mock_SNLS3    0.6634000000   43.0346473933    0.1964447679   43.0042898491
mock_SNLS3    0.6637000000   43.1862663556    0.2343702023   43.0054894976
mock_SNLS3    0.6700000000   43.1084343737    0.3362717730   43.0304754132
mock_SNLS3    0.6790000000   42.9621348683    0.2056357343   43.0659031814
mock_SNLS3    0.6800000000   43.4214399276    0.2332340113   43.0697946741
mock_SNLS3    0.6830000000   42.8845846480    0.2703936530   43.0814691521
mock_SNLS3    0.6870000000   43.0286523214    0.2779660565   43.0969900351
mock_SNLS3    0.6900000000   42.7740973310    0.3231299505   43.1085430921
mock_SNLS3    0.6900000000   43.3063834044    0.2004504602   43.1085430921
mock_SNLS3    0.6950000000   43.5976792235    0.3134215697   43.1277200056
mock_SNLS3    0.6980000000   43.2878444153    0.2324833700   43.1391557318
mock_SNLS3    0.6990000000   43.5968196252    0.2315853422   43.1429676405
mock_SNLS3    0.7000000000   43.2217696388    0.3002070565   43.1467795492
mock_SNLS3    0.7000000000   43.1901510936    0.2613950540   43.1467795492
mock_SNLS3    0.7002000000   43.1152127189    0.1816944753   43.1475414980
mock_SNLS3    0.7010000000   43.4530710854    0.3125115457   43.1505595346
mock_SNLS3    0.7010000000   43.1194954081    0.1985048734   43.1505595346
mock_SNLS3    0.7020000000   43.1940331140    0.1869600512   43.1543320804
mock_SNLS3    0.7027000000   43.3780760662    0.2660333126   43.1569728625
mock_SNLS3    0.7150000000   43.5407493948    0.2134079012   43.2030789318
mock_SNLS3    0.7180000000   43.6721521541    0.2193402721   43.2142065282
mock_SNLS3    0.7200000000   43.3089453222    0.2676281763   43.2216249258
mock_SNLS3    0.7210000000   43.5381948200    0.2241364003   43.2253341246
mock_SNLS3    0.7220000000   43.0460880410    0.2077119111   43.2290433234
mock_SNLS3    0.7255000000   43.3295074808    0.1957452726   43.2418558537
mock_SNLS3    0.7270000000   43.5868657900    0.3204871126   43.2473424376
mock_SNLS3    0.7320000000   43.5574914698    0.3317397266   43.2655746202
mock_SNLS3    0.7320000000   43.0825696721    0.2368078159   43.2655746202
mock_SNLS3    0.7330000000   43.5505764197    0.3163256432   43.2692078610
mock_SNLS3    0.7340000000   42.8968782446    0.2471129074   43.2728411019
mock_SNLS3    0.7350000000   43.8227215330    0.2466070229   43.2764743427
mock_SNLS3    0.7360000000   43.7253706321    0.2234804466   43.2801075836
mock_SNLS3    0.7370000000   43.1902542001    0.2094404877   43.2837408244
mock_SNLS3    0.7400000000   44.1696653090    0.4223366974   43.2945020921
mock_SNLS3    0.7420000000   43.7007936967    0.2146017865   43.3016673640
mock_SNLS3    0.7441000000   43.5604105784    0.1911644016   43.3091908996
mock_SNLS3    0.7450000000   43.6476661129    0.1942710990   43.3124131875
mock_SNLS3    0.7500000000   43.5614131958    0.2152261359   43.3302079332
mock_SNLS3    0.7510000000   43.2339398976    0.2434654067   43.3337668824
mock_SNLS3    0.7560000000   43.9801075134    0.4281592154   43.3514405714
mock_SNLS3    0.7570000000   43.7810252410    0.1915791691   43.3549635024
mock_SNLS3    0.7600000000   43.3742254522    0.1831366881   43.3655322957
mock_SNLS3    0.7600000000   43.5287030201    0.3043525282   43.3655322957
mock_SNLS3    0.7630000000   43.5404183588    0.2147493631   43.3760075177
mock_SNLS3    0.7630000000   43.2808625442    0.1823370765   43.3760075177
mock_SNLS3    0.7660000000   43.4911107981    0.2224901022   43.3864664427
mock_SNLS3    0.7670000000   43.5923950310    0.1878143209   43.3899527510
mock_SNLS3    0.7677000000   43.4748243651    0.2086099994   43.3923931668
mock_SNLS3    0.7690000000   43.9474661567    0.4107184651   43.3969098118
mock_SNLS3    0.7700000000   43.3017667826    0.2585345052   43.4003727980
mock_SNLS3    0.7750000000   43.9723163321    0.2443910484   43.4176877290
mock_SNLS3    0.7780000000   42.8408291403    0.3440267143   43.4279957650
mock_SNLS3    0.7900000000   43.8719928751    0.2866136162   43.4687803220
mock_SNLS3    0.7910000000   43.6491073206    0.2296226572   43.4721603614
mock_SNLS3    0.7980000000   43.2753062684    0.3115740293   43.4956951222
mock_SNLS3    0.8000000000   42.9677562723    0.3943277492   43.5024096339
mock_SNLS3    0.8000000000   43.5819866195    0.2355740626   43.5024096339
mock_SNLS3    0.8050000000   43.8544029953    0.2301235478   43.5189986755
mock_SNLS3    0.8050000000   43.4852979844    0.2617725617   43.5189986755
mock_SNLS3    0.8080000000   43.4940617851    0.2649754426   43.5289324503
mock_SNLS3    0.8100000000   43.5725668906    0.2554685052   43.5355329361
mock_SNLS3    0.8100000000   43.4395889924    0.2801500136   43.5355329361
mock_SNLS3    0.8110000000   43.6695760990    0.2308952695   43.5388217827
mock_SNLS3    0.8130000000   43.7918121877    0.2198633515   43.5453994757
mock_SNLS3    0.8170000000   43.4891481652    0.2228567234   43.5585548618
mock_SNLS3    0.8200000000   43.8596265344    0.2633473023   43.5683339663
mock_SNLS3    0.8218000000   43.7776947625    0.2243721282   43.5741931478
mock_SNLS3    0.8300000000   43.2933645775    0.2331053785   43.6007490311
mock_SNLS3    0.8300000000   44.3498781100    0.4018720805   43.6007490311
mock_SNLS3    0.8360000000   43.5231486855    0.2721723103   43.6200294824
mock_SNLS3    0.8390000000   43.3321813969    0.2116385638   43.6295951017
mock_SNLS3    0.8390000000   44.1823924331    0.2605007622   43.6295951017
mock_SNLS3    0.8400000000   43.2519339123    0.2720909754   43.6327836414
mock_SNLS3    0.8420000000   43.4527874216    0.2556434510   43.6391607209
mock_SNLS3    0.8420000000   43.3392758547    0.3219582886   43.6391607209
mock_SNLS3    0.8500000000   43.7390354570    0.2210552589   43.6644454545
mock_SNLS3    0.8500000000   43.9158588743    0.2606310683   43.6644454545
mock_SNLS3    0.8500000000   43.5199988165    0.2271651520   43.6644454545
mock_SNLS3    0.8550000000   43.6010263549    0.2397280941   43.6801236759
mock_SNLS3    0.8600000000   43.5722327527    0.2627361654   43.6957416025
mock_SNLS3    0.8600000000   43.6645695341    0.3356343655   43.6957416025
mock_SNLS3    0.8600000000   43.1469798594    0.3268296522   43.6957416025
mock_SNLS3    0.8650000000   44.4409847100    0.3758343239   43.7112208333
mock_SNLS3    0.8660000000   43.9825304807    0.2493112998   43.7143122312
mock_SNLS3    0.8660000000   43.9479127682    0.2395322971   43.7143122312
mock_SNLS3    0.8680000000   44.1454331776    0.2478843540   43.7204950269
mock_SNLS3    0.8700000000   44.1859016133    0.3674547827   43.7266658093
mock_SNLS3    0.8800000000   43.9414149280    0.2242482860   43.7572364604
mock_SNLS3    0.8900000000   44.3549130435    0.2525952506   43.7875351434
mock_SNLS3    0.8910000000   44.0770099253    0.2370316300   43.7905325369
mock_SNLS3    0.8990000000   43.9648118718    0.2483241180   43.8144705396
mock_SNLS3    0.9010000000   43.8472592025    0.2387199411   43.8204249678
mock_SNLS3    0.9100000000   44.7111226937    0.2714215781   43.8470654292
mock_SNLS3    0.9150000000   44.4112052415    0.2367148606   43.8617447186
mock_SNLS3    0.9200000000   43.9284798274    0.2688174247   43.8763396926
mock_SNLS3    0.9200000000   43.2523614297    0.3462320203   43.8763396926
mock_SNLS3    0.9240000000   43.4098905076    0.3487058382   43.8880053064
mock_SNLS3    0.9271000000   43.5407713266    0.2858672874   43.8969683201
mock_SNLS3    0.9300000000   43.7257570056    0.3636413132   43.9053092955
mock_SNLS3    0.9300000000   43.7259813589    0.3011196050   43.9053092955
mock_SNLS3    0.9340000000   44.5220382061    0.3128143786   43.9168140892
mock_SNLS3    0.9350000000   43.3545218402    0.3667271835   43.9196856436
mock_SNLS3    0.9360000000   43.4372909408    0.3644353956   43.9225424917
mock_SNLS3    0.9360000000   43.9657536273    0.2342010957   43.9225424917
mock_SNLS3    0.9490000000   43.8645814500    0.2799649655   43.9595476881
mock_SNLS3    0.9500000000   43.7468361600    0.3481601142   43.9623750842
mock_SNLS3    0.9500000000   43.9581150293    0.2701603486   43.9623750842
mock_SNLS3    0.9600000000   44.3216368544    0.2548931733   43.9904832390
mock_SNLS3    0.9600000000   44.7319280677    0.3312392700   43.9904832390
mock_SNLS3    0.9610000000   44.4644969447    0.3603967421   43.9932817842
mock_SNLS3    0.9700000000   45.1668910249    0.4828832390   44.0183001100
mock_SNLS3    0.9750000000   43.6059336923    0.2069859695   44.0321163895
mock_SNLS3    0.9810000000   44.2424901818    0.2480172049   44.0485059382
mock_SNLS3    0.9830000000   43.9842250264    0.3391505653   44.0539691211
mock_SNLS3    0.9850000000   44.1108650678    0.2499582165   44.0594184917
mock_SNLS3    0.9980000000   44.3756196582    0.2657917879   44.0945911576
mock_SNLS3    1.0000000000   44.3475435703    0.3002523700   44.0999624976
mock_SNLS3    1.0020000000   43.1128238533    0.7011565148   44.1053338375
mock_SNLS3    1.0100000000   44.5252188472    0.3940537726   44.1266765835
mock_SNLS3    1.0200000000   44.1093379394    0.2318225527   44.1531723647
mock_SNLS3    1.0200000000   44.0481821579    0.2942668510   44.1531723647
mock_SNLS3    1.0310000000   44.9384139453    0.3659100016   44.1820198308
mock_SNLS3    1.0600000000   45.0166391018    0.3391163133   44.2564959927
mock_SNLS3    1.1200000000   44.1733498997    0.2275498186   44.4043656277
mock_SNLS3    1.1400000000   45.0533907462    0.2563077795   44.4519844784
mock_SNLS3    1.2300000000   44.0038726191    0.3403776935   44.6561186120
mock_SNLS3    1.2650000000   44.1039450277    0.3207540815   44.7314674312
mock_SNLS3    1.3000000000   44.5145395021    0.2173689486   44.8048588015
mock_SNLS3    1.3400000000   44.7135955192    0.3095955456   44.8862038489
mock_SNLS3    1.3900000000   44.5027540385    0.3818482086   44.9845119164
