mock_SNLS3    0.0102900000   33.3228887554    0.2392021718   33.2378856607
mock_SNLS3    0.0100600000   33.0322818291    0.2038462576   33.1883688038
mock_SNLS3    0.0105500000   33.3406101713    0.2247672773   33.2924142332
mock_SNLS3    0.0111300000   33.6930252884    0.2600517089   33.4096215344
mock_SNLS3    0.0109000000   33.2155968758    0.2483400631   33.3638866429
mock_SNLS3    0.0123100000   33.5752557390    0.2690172095   33.6304034591
mock_SNLS3    0.0133400000   33.6629077309    0.1631419281   33.8066021723
mock_SNLS3    0.0142600000   33.8551419649    0.1718320810   33.9529118448
mock_SNLS3    0.0145700000   33.7503292270    0.2001140760   34.0001282667
mock_SNLS3    0.0144300000   33.3066296388    0.2533431510   33.9789140162
mock_SNLS3    0.0136600000   33.6669208971    0.1774125227   33.8585568085
mock_SNLS3    0.0147000000   33.7532242576    0.1553097281   34.0196047525
mock_SNLS3    0.0135400000   33.8464749506    0.2016231686   33.8391862366
mock_SNLS3    0.0155700000   34.0000093334    0.1832562968   34.1459395782
mock_SNLS3    0.0138000000   33.8262334497    0.1670350867   33.8809397472
mock_SNLS3    0.0141500000   34.2535146302    0.1844222756   33.9359016506
mock_SNLS3    0.0151500000   33.9662659917    0.2161279369   34.0858422265
mock_SNLS3    0.0144600000   34.1648177322    0.2117137736   33.9834816000
mock_SNLS3    0.0157800000   33.9079646846    0.1811875004   34.1753159607
mock_SNLS3    0.0149700000   34.1293815940    0.2031400064   34.0596052359
mock_SNLS3    0.0147100000   33.8887685462    0.1815063111   34.0210965017
mock_SNLS3    0.0155500000   33.7680895321    0.1648519832   34.1431356079
mock_SNLS3    0.0154900000   34.0169456186    0.2023835662   34.1346182331
mock_SNLS3    0.0155000000   34.3723584727    0.2045791019   34.1360405388
mock_SNLS3    0.0154800000   34.0172759312    0.1708520074   34.1331959273
mock_SNLS3    0.0156400000   34.2287143686    0.2245165669   34.1557534739
mock_SNLS3    0.0155000000   34.2105692371    0.1928256776   34.1360405388
mock_SNLS3    0.0160100000   34.1365686211    0.1664997765   34.2071590522
mock_SNLS3    0.0169700000   34.4648831571    0.1860211472   34.3351454026
mock_SNLS3    0.0173700000   34.2263888806    0.1811734409   34.3864061556
mock_SNLS3    0.0170600000   34.3530491167    0.3060537814   34.3468057660
mock_SNLS3    0.0175000000   34.3012719932    0.1672549134   34.4027997231
mock_SNLS3    0.0174500000   34.4463636442    0.2602534234   34.3965151163
mock_SNLS3    0.0176800000   34.7248962220    0.2139027322   34.4253074521
mock_SNLS3    0.0185800000   34.5683897281    0.1673724966   34.5346383455
mock_SNLS3    0.0189200000   34.3814048484    0.1654484386   34.5745486996
mock_SNLS3    0.0195800000   34.7183708588    0.1466265285   34.6500894711
mock_SNLS3    0.0203700000   34.5168575715    0.1618442939   34.7372888046
mock_SNLS3    0.0209800000   34.1675787782    0.1703287545   34.8023907586
mock_SNLS3    0.0208000000   34.9340912516    0.1512766231   34.7833457249
mock_SNLS3    0.0204100000   34.6297497989    0.2275095773   34.7416151803
mock_SNLS3    0.0216800000   34.5945663050    0.1782887519   34.8747966102
mock_SNLS3    0.0215700000   34.9825483946    0.1811769763   34.8635567568
mock_SNLS3    0.0220500000   34.7201991120    0.1789844056   34.9121068372
mock_SNLS3    0.0219500000   34.8513141296    0.1529084099   34.9020936039
mock_SNLS3    0.0224800000   35.0447254042    0.1652706613   34.9547596370
mock_SNLS3    0.0233000000   34.8195528385    0.2134514283   35.0339186645
mock_SNLS3    0.0229800000   34.8313898710    0.1581381327   35.0033736664
mock_SNLS3    0.0224200000   35.3532003796    0.4345441635   34.9488477960
mock_SNLS3    0.0230300000   35.3810857434    0.2170209503   35.0081749371
mock_SNLS3    0.0245800000   34.4556794751    0.2154530054   35.1520725876
mock_SNLS3    0.0234500000   35.0454727025    0.2065376579   35.0481036499
mock_SNLS3    0.0249300000   34.9143077549    0.2374835895   35.1834038612
mock_SNLS3    0.0235500000   34.9844100814    0.1545282450   35.0574960591
mock_SNLS3    0.0237900000   35.1258625144    0.1468268198   35.0798995937
mock_SNLS3    0.0233500000   35.0575110138    0.1559428293   35.0386469929
mock_SNLS3    0.0238900000   34.9855082836    0.1736990142   35.0891641203
mock_SNLS3    0.0241800000   35.0392630250    0.1554748813   35.1158312425
mock_SNLS3    0.0238900000   35.1786164352    0.3686019192   35.0891641203
mock_SNLS3    0.0247300000   35.2378874558    0.1655314393   35.1655411466
mock_SNLS3    0.0247200000   35.1147948046    0.1529392289   35.1646444663
mock_SNLS3    0.0251700000   35.8524044054    0.5115747543   35.2045875000
mock_SNLS3    0.0265500000   35.4684425475    0.1629858898   35.3227245511
mock_SNLS3    0.0276100000   35.6630654969    0.3774390537   35.4094168776
mock_SNLS3    0.0254900000   35.3724551019    0.1787117840   35.2325197861
mock_SNLS3    0.0268700000   35.2953761636    0.1868632473   35.3492165111
mock_SNLS3    0.0274100000   35.3700321198    0.2041062679   35.3933768301
mock_SNLS3    0.0267000000   35.3488630530    0.1772040826   35.3351651795
mock_SNLS3    0.0270700000   35.6636337582    0.1413531301   35.3656558507
mock_SNLS3    0.0276700000   35.5179379459    0.1639896987   35.4142270042
mock_SNLS3    0.0277400000   35.4330436654    0.1622582123   35.4198201880
mock_SNLS3    0.0285600000   35.2653097777    0.1722820702   35.4844801909
mock_SNLS3    0.0291000000   35.4970529068    0.1567357913   35.5259511022
mock_SNLS3    0.0303500000   35.2294029284    0.1638074122   35.6193532051
mock_SNLS3    0.0307100000   35.3103774206    0.1585186791   35.6455491595
mock_SNLS3    0.0295100000   35.9910532831    0.1516666245   35.5569862938
mock_SNLS3    0.0304100000   35.3616201824    0.1902725081   35.6237603869
mock_SNLS3    0.0303200000   35.4374954096    0.1546395262   35.6171416667
mock_SNLS3    0.0305200000   35.7793951672    0.1828255214   35.6317496036
mock_SNLS3    0.0314700000   35.9429244101    0.1368601129   35.6998092866
mock_SNLS3    0.0325100000   35.7010116794    0.1974833239   35.7720736215
mock_SNLS3    0.0316200000   35.9704836903    0.1484733094   35.7104181427
mock_SNLS3    0.0317600000   35.6640841595    0.1417794998   35.7202330189
mock_SNLS3    0.0332300000   35.6683726134    0.1528406605   35.8207974299
mock_SNLS3    0.0314700000   35.5747134291    0.1967488335   35.6998092866
mock_SNLS3    0.0331500000   36.0497726726    0.2219814763   35.8154235981
mock_SNLS3    0.0341100000   35.8207848224    0.1409267600   35.8789657418
mock_SNLS3    0.0350000000   35.7681928061    0.2120022009   35.9362984193
mock_SNLS3    0.0336500000   35.9848216137    0.1525842665   35.8487228968
mock_SNLS3    0.0348100000   35.8667290158    0.1908454898   35.9242324182
mock_SNLS3    0.0357300000   35.3924717477    0.3768560897   35.9822750000
mock_SNLS3    0.0350100000   36.0215375089    0.2011267163   35.9369334720
mock_SNLS3    0.0348900000   36.0078012611    0.1652758133   35.9293128397
mock_SNLS3    0.0369300000   36.1869243494    0.1570816892   36.0560007111
mock_SNLS3    0.0370100000   35.9909585002    0.1721020635   36.0608407195
mock_SNLS3    0.0371100000   35.9758617835    0.1466527695   36.0668365485
mock_SNLS3    0.0390500000   36.1978869586    0.1776858442   36.1805414562
mock_SNLS3    0.0381200000   36.1347100990    0.1484012077   36.1267078652
mock_SNLS3    0.0392200000   36.1165868757    0.1516245567   36.1902665676
mock_SNLS3    0.0402600000   36.3681339821    0.1570427971   36.2487561690
mock_SNLS3    0.0407200000   36.2970893381    0.1793962213   36.2741486339
mock_SNLS3    0.0424300000   36.7975244450    0.1942424022   36.3661665603
mock_SNLS3    0.0418600000   36.4280181487    0.1921432814   36.3359139599
mock_SNLS3    0.0467400000   36.3776061427    0.1601571920   36.5830359235
mock_SNLS3    0.0449700000   36.5185806785    0.1502436417   36.4964347911
mock_SNLS3    0.0492800000   36.6736587043    0.1847970888   36.7019680150
mock_SNLS3    0.0490400000   36.5242526826    0.1572220903   36.6909340766
mock_SNLS3    0.0495300000   36.6496421836    0.1700664899   36.7133527827
mock_SNLS3    0.0530900000   36.8016299066    0.1929160350   36.8696200581
mock_SNLS3    0.0549200000   36.7784112077    0.1780114436   36.9460216488
mock_SNLS3    0.0536700000   36.9540780145    0.1611929121   36.8940537576
mock_SNLS3    0.0594200000   37.0761873304    0.1872076409   37.1240567917
mock_SNLS3    0.0584800000   37.2322558620    0.1537525355   37.0879324669
mock_SNLS3    0.0630000000   37.3334635582    0.1429303546   37.2564988909
mock_SNLS3    0.0633700000   37.3599192189    0.1863517560   37.2698068598
mock_SNLS3    0.0651300000   37.3805948238    0.1638620075   37.3320093923
mock_SNLS3    0.0629700000   37.2035510130    0.1790296174   37.2554175601
mock_SNLS3    0.0650000000   37.3907494096    0.1643816444   37.3274670599
mock_SNLS3    0.0670000000   37.6088926311    0.1406160905   37.3963462140
mock_SNLS3    0.0690500000   37.4285471479    0.1692446594   37.4648781754
mock_SNLS3    0.0700900000   37.4382394519    0.1948970582   37.4989478883
mock_SNLS3    0.0679300000   37.6608633677    0.3905943871   37.4276671300
mock_SNLS3    0.0746100000   37.9700116530    0.2818728317   37.6415676919
mock_SNLS3    0.0752900000   37.2813476485    0.1801470206   37.6622190230
mock_SNLS3    0.0782300000   38.1206646166    0.1922181981   37.7497976684
mock_SNLS3    0.0788800000   37.9628962711    0.1817550458   37.7687615611
mock_SNLS3    0.0801000000   38.0947077213    0.1439242971   37.8039402867
mock_SNLS3    0.0870000000   38.0939384158    0.1493869247   37.9937010291
mock_SNLS3    0.0870000000   38.0778486582    0.1363523169   37.9937010291
mock_SNLS3    0.0900000000   37.8945157717    0.2408862623   38.0716801653
mock_SNLS3    0.0950000000   38.2999126362    0.1397129451   38.1964696636
mock_SNLS3    0.1040000000   38.5309359558    0.1559566704   38.4061598886
mock_SNLS3    0.1080000000   38.7212635716    0.2564925334   38.4938516652
mock_SNLS3    0.1100000000   38.7850912920    0.1384035910   38.5365865961
mock_SNLS3    0.1160000000   38.8067489508    0.1330023511   38.6605284996
mock_SNLS3    0.1170000000   38.6625666785    0.1174009706   38.6805676617
mock_SNLS3    0.1180000000   38.8357422960    0.1514013300   38.7004364233
mock_SNLS3    0.1190000000   38.7568258893    0.1472718936   38.7201711617
mock_SNLS3    0.1210000000   38.7919257785    0.1160628335   38.7591947707
mock_SNLS3    0.1240000000   38.8204277837    0.1443648549   38.8165981294
mock_SNLS3    0.1242000000   38.7879826534    0.1059592569   38.8203705378
mock_SNLS3    0.1250000000   38.8568898470    0.1206891454   38.8354562500
mock_SNLS3    0.1270000000   38.8780030654    0.1390873538   38.8727517557
mock_SNLS3    0.1280000000   38.8611011192    0.1456620273   38.8911795918
mock_SNLS3    0.1300000000   38.9069393919    0.1474126372   38.9276188482
mock_SNLS3    0.1300000000   38.8569330366    0.1531031875   38.9276188482
mock_SNLS3    0.1430000000   39.3735580822    0.1288021866   39.1525694538
mock_SNLS3    0.1430000000   39.0153931264    0.1449645487   39.1525694538
mock_SNLS3    0.1450000000   39.2272963066    0.1547918280   39.1854751503
mock_SNLS3    0.1460000000   39.1865378410    0.1329023682   39.2017609643
mock_SNLS3    0.1470000000   38.8881270336    0.1479900362   39.2179432629
mock_SNLS3    0.1470000000   38.8778976109    0.1453598858   39.2179432629
mock_SNLS3    0.1480000000   39.2564315623    0.1357418710   39.2340364529
mock_SNLS3    0.1530000000   39.3902021674    0.1306389327   39.3129844642
mock_SNLS3    0.1560000000   39.4982382729    0.1504062294   39.3591777640
mock_SNLS3    0.1620000000   39.6437544212    0.1723768936   39.4491682956
mock_SNLS3    0.1650000000   39.5570847904    0.1491622261   39.4930019469
mock_SNLS3    0.1692000000   39.4842602176    0.1103428718   39.5531800915
mock_SNLS3    0.1720000000   39.7624754600    0.1434129152   39.5925516129
mock_SNLS3    0.1740000000   39.6145345692    0.1363536866   39.6202256794
mock_SNLS3    0.1750000000   39.4987679388    0.1425220448   39.6339805324
mock_SNLS3    0.1790000000   39.7843389207    0.1751490890   39.6883084737
mock_SNLS3    0.1810000000   39.6295330793    0.1681560511   39.7151100000
mock_SNLS3    0.1810000000   40.0205746147    0.2283177444   39.7151100000
mock_SNLS3    0.1830000000   39.9760898455    0.1613606366   39.7415293617
mock_SNLS3    0.1840000000   39.7861695008    0.1080958028   39.7546467615
mock_SNLS3    0.1840000000   39.7771627653    0.2111032835   39.7546467615
mock_SNLS3    0.1850000000   39.6121581845    0.1833155340   39.7677543796
mock_SNLS3    0.1870000000   39.6461931106    0.1368841489   39.7937024755
mock_SNLS3    0.1900000000   39.6679186853    0.1410859698   39.8320806946
mock_SNLS3    0.1910000000   40.0559639819    0.1694319423   39.8447680647
mock_SNLS3    0.1930000000   40.0091685048    0.1979382405   39.8699125000
mock_SNLS3    0.1980000000   39.9802753179    0.1525290709   39.9318559040
mock_SNLS3    0.2020000000   40.0296524261    0.1444905900   39.9803653551
mock_SNLS3    0.2040000000   40.0372664200    0.1548739860   40.0042802850
mock_SNLS3    0.2060000000   40.0046877010    0.1774812815   40.0279628115
mock_SNLS3    0.2110000000   40.0062934905    0.1111118587   40.0863023481
mock_SNLS3    0.2120000000   40.0959232134    0.1459935692   40.0978247037
mock_SNLS3    0.2130000000   40.2349136089    0.1345366932   40.1093105743
mock_SNLS3    0.2140000000   40.0333612924    0.1744015843   40.1207493009
mock_SNLS3    0.2170000000   40.2759188133    0.1942416335   40.1546375000
mock_SNLS3    0.2180000000   39.9044709128    0.1754087707   40.1658875000
mock_SNLS3    0.2190000000   40.2947567930    0.1082111927   40.1770425983
mock_SNLS3    0.2190000000   40.2332420480    0.1520707147   40.1770425983
mock_SNLS3    0.2200000000   40.0304029958    0.1355928013   40.1881782589
mock_SNLS3    0.2300000000   40.2667195121    0.1551212822   40.2969514897
mock_SNLS3    0.2440000000   40.6168090270    0.1861542990   40.4422011957
mock_SNLS3    0.2450000000   40.8098966734    0.1678269234   40.4522619329
mock_SNLS3    0.2460000000   40.5018073926    0.1098608053   40.4622816568
mock_SNLS3    0.2500000000   40.7214874076    0.1644553014   40.5020955951
mock_SNLS3    0.2501000000   40.4631041836    0.1184247195   40.5030770479
mock_SNLS3    0.2510000000   40.5083609011    0.1642260512   40.5119101236
mock_SNLS3    0.2520000000   40.8827030674    0.2422353507   40.5217246522
mock_SNLS3    0.2530000000   40.4522840847    0.1324998500   40.5314810707
mock_SNLS3    0.2540000000   41.0265724819    0.1785719599   40.5412325048
mock_SNLS3    0.2570000000   40.3469914691    0.1974374851   40.5703442846
mock_SNLS3    0.2580000000   40.2540960836    0.2268749305   40.5799439490
mock_SNLS3    0.2590000000   40.5701572370    0.1849877607   40.5894980892
mock_SNLS3    0.2590000000   40.7764257653    0.1779377717   40.5894980892
mock_SNLS3    0.2590000000   40.5051375671    0.1836744828   40.5894980892
mock_SNLS3    0.2620000000   40.5668950397    0.1799395629   40.6180365962
mock_SNLS3    0.2620000000   40.8900680115    0.1911175243   40.6180365962
mock_SNLS3    0.2630000000   40.3999989561    0.1368474020   40.6274886239
mock_SNLS3    0.2631000000   40.9021813207    0.1500321863   40.6284244037
mock_SNLS3    0.2650000000   40.7935942236    0.2235499112   40.6462042202
mock_SNLS3    0.2650000000   40.8685333894    0.1823257069   40.6462042202
mock_SNLS3    0.2670000000   40.5867368141    0.1537048710   40.6648272430
mock_SNLS3    0.2680000000   40.6062807787    0.1084896831   40.6741261896
mock_SNLS3    0.2700000000   40.7978420345    0.1334895988   40.6926130841
mock_SNLS3    0.2720000000   40.7335609845    0.1852353724   40.7109565125
mock_SNLS3    0.2800000000   40.7984550914    0.1648129083   40.7831010003
mock_SNLS3    0.2821000000   40.9233545332    0.1029404464   40.8017177647
mock_SNLS3    0.2847000000   40.7380338149    0.1380265647   40.8245564356
mock_SNLS3    0.2880000000   41.2228183266    0.1876985252   40.8532644257
mock_SNLS3    0.2900000000   40.6697439586    0.1815939907   40.8705363880
mock_SNLS3    0.2912000000   40.7986276289    0.1482308046   40.8808909030
mock_SNLS3    0.2940000000   41.1466937969    0.1937975486   40.9048087388
mock_SNLS3    0.3000000000   41.0524637101    0.2574492481   40.9553990924
mock_SNLS3    0.3027000000   41.0437981673    0.1021873362   40.9778028883
mock_SNLS3    0.3030000000   40.6148371436    0.4968612793   40.9802868421
mock_SNLS3    0.3100000000   40.9164700952    0.2529078790   41.0376120722
mock_SNLS3    0.3110000000   40.4933794039    0.1957517310   41.0456705663
mock_SNLS3    0.3110000000   41.0055170809    0.1612645434   41.0456705663
mock_SNLS3    0.3140000000   41.4353818456    0.2005802304   41.0697965517
mock_SNLS3    0.3220000000   40.9442738134    0.1657102631   41.1331843137
mock_SNLS3    0.3230000000   41.3601577126    0.1112926568   41.1410208955
mock_SNLS3    0.3280000000   41.0444830180    0.1743506786   41.1796919622
mock_SNLS3    0.3320000000   41.1769262855    0.1269035107   41.2103089207
mock_SNLS3    0.3373000000   41.2402908912    0.1037185689   41.2502717559
mock_SNLS3    0.3400000000   41.6279462560    0.1978396780   41.2704579490
mock_SNLS3    0.3402000000   41.0040413515    0.1007661192   41.2719445421
mock_SNLS3    0.3470000000   41.2011904934    0.1155112358   41.3221015436
mock_SNLS3    0.3480000000   41.3847486002    0.1199175147   41.3293826993
mock_SNLS3    0.3480000000   41.3680950966    0.1233571552   41.3293826993
mock_SNLS3    0.3500000000   41.5192404350    0.2216261827   41.3439342127
mock_SNLS3    0.3500000000   41.1853297426    0.1340711553   41.3439342127
mock_SNLS3    0.3537000000   41.2305181217    0.1051047167   41.3706332600
mock_SNLS3    0.3553000000   41.2821315789    0.1219309604   41.3820870476
mock_SNLS3    0.3570000000   41.4680105488    0.1283597217   41.3942067755
mock_SNLS3    0.3578000000   41.5281674924    0.1020741736   41.3999101769
mock_SNLS3    0.3688000000   41.3480681471    0.0955848078   41.4768700079
mock_SNLS3    0.3690000000   41.3934889589    0.1274488071   41.4782575046
mock_SNLS3    0.3700000000   41.4722942096    0.1179065971   41.4851428348
mock_SNLS3    0.3709000000   41.4822205298    0.1359188577   41.4913213782
mock_SNLS3    0.3720000000   41.3448014940    0.1009685078   41.4988729313
mock_SNLS3    0.3730000000   41.5879212355    0.0955172212   41.5057379796
mock_SNLS3    0.3750000000   41.7345581004    0.1289422392   41.5193373902
mock_SNLS3    0.3810000000   41.4295836618    0.1800975103   41.5599255631
mock_SNLS3    0.3930000000   41.4643557785    0.3371202770   41.6391616442
mock_SNLS3    0.3950000000   41.9466063533    0.1941410250   41.6521186994
mock_SNLS3    0.4020000000   41.8441750661    0.1150655882   41.6971717308
mock_SNLS3    0.4040000000   41.6979057052    0.1031478900   41.7098640385
mock_SNLS3    0.4067000000   41.8646056093    0.1075570354   41.7269355138
mock_SNLS3    0.4110000000   41.6703288137    0.1109056126   41.7539400047
mock_SNLS3    0.4150000000   41.7980113769    0.1246025167   41.7788156177
mock_SNLS3    0.4170000000   41.9096022476    0.1080461836   41.7911699301
mock_SNLS3    0.4190000000   41.5820241773    0.1156551619   41.8034800738
mock_SNLS3    0.4240000000   42.0092719804    0.1214977648   41.8340484932
mock_SNLS3    0.4270000000   41.8682486745    0.1285189001   41.8522399006
mock_SNLS3    0.4355000000   41.7084178433    0.1714723286   41.9030581843
mock_SNLS3    0.4370000000   41.9731400322    0.1164251332   41.9118956618
mock_SNLS3    0.4420000000   42.0473834094    0.1475045730   41.9412178094
mock_SNLS3    0.4422000000   41.8986770381    0.1184617901   41.9423831982
mock_SNLS3    0.4490000000   41.8886245935    0.1576672782   41.9818426930
mock_SNLS3    0.4500000000   41.7809992415    0.1703626173   41.9875883476
mock_SNLS3    0.4510000000   41.9717296808    0.1363278419   41.9933179614
mock_SNLS3    0.4607000000   41.9829775034    0.1563369186   42.0483767339
mock_SNLS3    0.4610000000   41.7727343855    0.1120162485   42.0500602144
mock_SNLS3    0.4680000000   42.0314606058    0.1787724530   42.0891791511
mock_SNLS3    0.4700000000   42.2283675996    0.1741161829   42.1002265390
mock_SNLS3    0.4700000000   42.1613021581    0.1282526744   42.1002265390
mock_SNLS3    0.4700000000   42.1292888704    0.2046414226   42.1002265390
mock_SNLS3    0.4720000000   42.0479944083    0.1494328899   42.1112621577
mock_SNLS3    0.4740000000   42.1343112714    0.1069852373   42.1222256165
mock_SNLS3    0.4790000000   42.2426820473    0.1300508100   42.1494154699
mock_SNLS3    0.4800000000   42.0944524507    0.1269065760   42.1548410448
mock_SNLS3    0.4900000000   42.2144480224    0.1291698670   42.2084508793
mock_SNLS3    0.4960000000   42.2097371817    0.1523609258   42.2401170317
mock_SNLS3    0.4990000000   42.3079209276    0.1282278033   42.2558499613
mock_SNLS3    0.4990000000   42.0838532898    0.1549461238   42.2558499613
mock_SNLS3    0.5043000000   42.3524551725    0.1315114654   42.2833913810
mock_SNLS3    0.5090000000   42.2787809618    0.1340796341   42.3075808495
mock_SNLS3    0.5100000000   42.1642963356    0.1863384795   42.3126813424
mock_SNLS3    0.5130000000   42.3440450840    0.1577973354   42.3279828214
mock_SNLS3    0.5150000000   42.3644714345    0.1438402786   42.3381420717
mock_SNLS3    0.5150000000   42.1413776981    0.2272978720   42.3381420717
mock_SNLS3    0.5160000000   42.3092696943    0.1450838394   42.3432086883
mock_SNLS3    0.5190000000   42.0247392859    0.2265225591   42.3584085382
mock_SNLS3    0.5216000000   42.3093790229    0.1751568574   42.3714033798
mock_SNLS3    0.5310000000   42.5504564393    0.1553896981   42.4180948881
mock_SNLS3    0.5320000000   42.4557816537    0.1788916775   42.4230066582
mock_SNLS3    0.5344000000   42.5765571734    0.1336812853   42.4347949063
mock_SNLS3    0.5360000000   42.6633198084    0.1804904913   42.4426249595
mock_SNLS3    0.5370000000   42.4975559205    0.1941428312   42.4474871961
mock_SNLS3    0.5500000000   42.2519313030    0.1824493899   42.5101297936
mock_SNLS3    0.5516000000   42.4356198948    0.1501746194   42.5177784089
mock_SNLS3    0.5520000000   42.3422599582    0.1796412199   42.5196905627
mock_SNLS3    0.5520000000   42.7299387864    0.1702421226   42.5196905627
mock_SNLS3    0.5590000000   42.4833960826    0.1588337179   42.5527487906
mock_SNLS3    0.5600000000   42.4017005154    0.1478372599   42.5574136144
mock_SNLS3    0.5600000000   42.5441992762    0.1721334723   42.5574136144
mock_SNLS3    0.5635000000   42.6518580251    0.1459960727   42.5737404976
mock_SNLS3    0.5660000000   42.3695889940    0.1764224285   42.5853357277
mock_SNLS3    0.5710000000   41.1142015202    1.2217624139   42.6084661533
mock_SNLS3    0.5740000000   42.4811760343    0.1695551007   42.6222755965
mock_SNLS3    0.5755000000   42.2504506356    0.1675736159   42.6291803182
mock_SNLS3    0.5794000000   42.7563662375    0.1296159123   42.6468854941
mock_SNLS3    0.5800000000   42.6706923087    0.1960251968   42.6496091122
mock_SNLS3    0.5800000000   42.5339780888    0.1683553447   42.6496091122
mock_SNLS3    0.5800000000   42.6635958056    0.1432251801   42.6496091122
mock_SNLS3    0.5817000000   42.6161905498    0.1647996235   42.6573166639
mock_SNLS3    0.5842000000   42.6757554054    0.1498286815   42.6685502902
mock_SNLS3    0.5845000000   42.7111330536    0.1514951854   42.6698983253
mock_SNLS3    0.5850000000   42.7433156137    0.1757450243   42.6721450506
mock_SNLS3    0.5850000000   42.5360467124    0.1717993437   42.6721450506
mock_SNLS3    0.5870000000   42.8577803972    0.1846528668   42.6811319516
mock_SNLS3    0.5890000000   42.5929444691    0.1631368701   42.6900745980
mock_SNLS3    0.5900000000   42.6705804939    0.1668477566   42.6945380046
mock_SNLS3    0.5900000000   42.7247597226    0.1829161393   42.6945380046
mock_SNLS3    0.5920000000   42.7872645672    0.1945411232   42.7034648179
mock_SNLS3    0.6000000000   42.9675688284    0.2337654113   42.7388662755
mock_SNLS3    0.6050000000   42.7637123166    0.1616053044   42.7607277126
mock_SNLS3    0.6075000000   43.0731417693    0.2691258075   42.7715906141
mock_SNLS3    0.6100000000   42.8972523618    0.1778327274   42.7824083042
mock_SNLS3    0.6100000000   42.6569062414    0.1856604002   42.7824083042
mock_SNLS3    0.6120000000   42.8806328985    0.1667019391   42.7910624563
mock_SNLS3    0.6130000000   42.5948104851    0.2182802392   42.7953579121
mock_SNLS3    0.6165000000   42.8252281744    0.2287037349   42.8103476775
mock_SNLS3    0.6200000000   42.7278783906    0.2333963234   42.8252986442
mock_SNLS3    0.6200000000   42.5507338219    0.2848384267   42.8252986442
mock_SNLS3    0.6268000000   42.8087238884    0.1742753383   42.8541512955
mock_SNLS3    0.6290000000   42.7402550407    0.2043301997   42.8634140962
mock_SNLS3    0.6300000000   43.4021838851    0.3728341792   42.8676244602
mock_SNLS3    0.6320000000   43.1853261853    0.1963558063   42.8760185344
mock_SNLS3    0.6340000000   42.6268997421    0.2348226732   42.8843238779
mock_SNLS3    0.6390000000   43.2173353666    0.2956487488   42.9050615350
mock_SNLS3    0.6396000000   42.5100830734    0.2199248137   42.9075362290
mock_SNLS3    0.6400000000   43.5891799788    0.3721730351   42.9091860251
mock_SNLS3    0.6430000000   43.0664833013    0.2043991430   42.9215594954
mock_SNLS3    0.6430000000   42.9010893737    0.2268375167   42.9215594954
mock_SNLS3    0.6473000000   43.0606635158    0.1946817430   42.9391860476
mock_SNLS3    0.6477000000   42.7690585536    0.1814953647   42.9408190668
mock_SNLS3    0.6634000000   43.0507734623    0.1964447679   43.0042898491
mock_SNLS3    0.6637000000   42.8284142828    0.2343702023   43.0054894976
mock_SNLS3    0.6700000000   43.5142373228    0.3362717730   43.0304754132
mock_SNLS3    0.6790000000   42.9720505344    0.2056357343   43.0659031814
mock_SNLS3    0.6800000000   42.9496175681    0.2332340113   43.0697946741
mock_SNLS3    0.6830000000   42.8383419028    0.2703936530   43.0814691521
mock_SNLS3    0.6870000000   43.1102643696    0.2779660565   43.0969900351
mock_SNLS3    0.6900000000   43.1867276655    0.3231299505   43.1085430921
mock_SNLS3    0.6900000000   42.6134961017    0.2004504602   43.1085430921
mock_SNLS3    0.6950000000   42.6541850202    0.3134215697   43.1277200056
mock_SNLS3    0.6980000000   42.7160914656    0.2324833700   43.1391557318
mock_SNLS3    0.6990000000   42.9606548127    0.2315853422   43.1429676405
mock_SNLS3    0.7000000000   43.5003278382    0.3002070565   43.1467795492
mock_SNLS3    0.7000000000   43.0592670833    0.2613950540   43.1467795492
mock_SNLS3    0.7002000000   42.9311466721    0.1816944753   43.1475414980
mock_SNLS3    0.7010000000   42.5825958076    0.3125115457   43.1505595346
mock_SNLS3    0.7010000000   43.3903886741    0.1985048734   43.1505595346
mock_SNLS3    0.7020000000   43.3700882556    0.1869600512   43.1543320804
mock_SNLS3    0.7027000000   42.8409385696    0.2660333126   43.1569728625
mock_SNLS3    0.7150000000   43.1735145457    0.2134079012   43.2030789318
mock_SNLS3    0.7180000000   42.8906868902    0.2193402721   43.2142065282
mock_SNLS3    0.7200000000   43.0896060672    0.2676281763   43.2216249258
mock_SNLS3    0.7210000000   42.7056362962    0.2241364003   43.2253341246
mock_SNLS3    0.7220000000   43.2605554986    0.2077119111   43.2290433234
mock_SNLS3    0.7255000000   43.3655952889    0.1957452726   43.2418558537
mock_SNLS3    0.7270000000   42.8114958311    0.3204871126   43.2473424376
mock_SNLS3    0.7320000000   42.8077386146    0.3317397266   43.2655746202
mock_SNLS3    0.7320000000   43.5037506066    0.2368078159   43.2655746202
mock_SNLS3    0.7330000000   42.7404102150    0.3163256432   43.2692078610
mock_SNLS3    0.7340000000   43.4856433572    0.2471129074   43.2728411019
mock_SNLS3    0.7350000000   42.7985235190    0.2466070229   43.2764743427
mock_SNLS3    0.7360000000   43.3252281561    0.2234804466   43.2801075836
mock_SNLS3    0.7370000000   42.9353772619    0.2094404877   43.2837408244
mock_SNLS3    0.7400000000   43.0940148161    0.4223366974   43.2945020921
mock_SNLS3    0.7420000000   43.0926694338    0.2146017865   43.3016673640
mock_SNLS3    0.7441000000   43.3961447337    0.1911644016   43.3091908996
mock_SNLS3    0.7450000000   43.1058368934    0.1942710990   43.3124131875
mock_SNLS3    0.7500000000   43.2561677262    0.2152261359   43.3302079332
mock_SNLS3    0.7510000000   43.7603926242    0.2434654067   43.3337668824
mock_SNLS3    0.7560000000   42.9529855327    0.4281592154   43.3514405714
mock_SNLS3    0.7570000000   43.4632047233    0.1915791691   43.3549635024
mock_SNLS3    0.7600000000   43.4387924619    0.1831366881   43.3655322957
mock_SNLS3    0.7600000000   43.2713358370    0.3043525282   43.3655322957
mock_SNLS3    0.7630000000   43.4439320097    0.2147493631   43.3760075177
mock_SNLS3    0.7630000000   43.3118678845    0.1823370765   43.3760075177
mock_SNLS3    0.7660000000   43.5359528847    0.2224901022   43.3864664427
mock_SNLS3    0.7670000000   42.8661647928    0.1878143209   43.3899527510
mock_SNLS3    0.7677000000   43.1752721124    0.2086099994   43.3923931668
mock_SNLS3    0.7690000000   43.0211904053    0.4107184651   43.3969098118
mock_SNLS3    0.7700000000   43.6444694554    0.2585345052   43.4003727980
mock_SNLS3    0.7750000000   43.5801968500    0.2443910484   43.4176877290
mock_SNLS3    0.7780000000   43.6486749526    0.3440267143   43.4279957650
mock_SNLS3    0.7900000000   43.1994563666    0.2866136162   43.4687803220
mock_SNLS3    0.7910000000   43.5539798770    0.2296226572   43.4721603614
mock_SNLS3    0.7980000000   43.8482275280    0.3115740293   43.4956951222
mock_SNLS3    0.8000000000   43.6048306074    0.3943277492   43.5024096339
mock_SNLS3    0.8000000000   43.4653677903    0.2355740626   43.5024096339
mock_SNLS3    0.8050000000   43.5473834800    0.2301235478   43.5189986755
mock_SNLS3    0.8050000000   43.7253601443    0.2617725617   43.5189986755
mock_SNLS3    0.8080000000   43.2331208542    0.2649754426   43.5289324503
mock_SNLS3    0.8100000000   43.4190470487    0.2554685052   43.5355329361
mock_SNLS3    0.8100000000   43.9001788205    0.2801500136   43.5355329361
mock_SNLS3    0.8110000000   43.8066766527    0.2308952695   43.5388217827
mock_SNLS3    0.8130000000   43.7304221738    0.2198633515   43.5453994757
mock_SNLS3    0.8170000000   43.3116261789    0.2228567234   43.5585548618
mock_SNLS3    0.8200000000   44.0556283576    0.2633473023   43.5683339663
mock_SNLS3    0.8218000000   43.5361224674    0.2243721282   43.5741931478
mock_SNLS3    0.8300000000   44.0242976736    0.2331053785   43.6007490311
mock_SNLS3    0.8300000000   43.3513394816    0.4018720805   43.6007490311
mock_SNLS3    0.8360000000   43.3089590938    0.2721723103   43.6200294824
mock_SNLS3    0.8390000000   43.8559547839    0.2116385638   43.6295951017
mock_SNLS3    0.8390000000   43.3392045643    0.2605007622   43.6295951017
mock_SNLS3    0.8400000000   43.7807555861    0.2720909754   43.6327836414
mock_SNLS3    0.8420000000   43.6243164767    0.2556434510   43.6391607209
mock_SNLS3    0.8420000000   44.0725118841    0.3219582886   43.6391607209
mock_SNLS3    0.8500000000   43.6295360040    0.2210552589   43.6644454545
mock_SNLS3    0.8500000000   43.4209159735    0.2606310683   43.6644454545
mock_SNLS3    0.8500000000   43.6945554441    0.2271651520   43.6644454545
mock_SNLS3    0.8550000000   43.7326483656    0.2397280941   43.6801236759
mock_SNLS3    0.8600000000   43.8677739582    0.2627361654   43.6957416025
mock_SNLS3    0.8600000000   43.3330366544    0.3356343655   43.6957416025
mock_SNLS3    0.8600000000   43.5244416470    0.3268296522   43.6957416025
mock_SNLS3    0.8650000000   43.4338637025    0.3758343239   43.7112208333
mock_SNLS3    0.8660000000   43.1586018463    0.2493112998   43.7143122312
mock_SNLS3    0.8660000000   43.8980880371    0.2395322971   43.7143122312
mock_SNLS3    0.8680000000   43.3162570156    0.2478843540   43.7204950269
mock_SNLS3    0.8700000000   43.4701012509    0.3674547827   43.7266658093
mock_SNLS3    0.8800000000   43.5415148732    0.2242482860   43.7572364604
mock_SNLS3    0.8900000000   43.8340361876    0.2525952506   43.7875351434
mock_SNLS3    0.8910000000   43.7760289425    0.2370316300   43.7905325369
mock_SNLS3    0.8990000000   43.8298805282    0.2483241180   43.8144705396
mock_SNLS3    0.9010000000   44.0919565219    0.2387199411   43.8204249678
mock_SNLS3    0.9100000000   43.9340980760    0.2714215781   43.8470654292
mock_SNLS3    0.9150000000   43.6138228911    0.2367148606   43.8617447186
mock_SNLS3    0.9200000000   43.6933433720    0.2688174247   43.8763396926
mock_SNLS3    0.9200000000   43.8324183762    0.3462320203   43.8763396926
mock_SNLS3    0.9240000000   43.7888521111    0.3487058382   43.8880053064
mock_SNLS3    0.9271000000   43.8439836032    0.2858672874   43.8969683201
mock_SNLS3    0.9300000000   43.9468915264    0.3636413132   43.9053092955
mock_SNLS3    0.9300000000   44.5187649490    0.3011196050   43.9053092955
mock_SNLS3    0.9340000000   43.4787993081    0.3128143786   43.9168140892
mock_SNLS3    0.9350000000   44.3612252496    0.3667271835   43.9196856436
mock_SNLS3    0.9360000000   44.6973722595    0.3644353956   43.9225424917
mock_SNLS3    0.9360000000   43.7231017149    0.2342010957   43.9225424917
mock_SNLS3    0.9490000000   44.0688254979    0.2799649655   43.9595476881
mock_SNLS3    0.9500000000   44.4439520240    0.3481601142   43.9623750842
mock_SNLS3    0.9500000000   43.9250115081    0.2701603486   43.9623750842
mock_SNLS3    0.9600000000   44.0972825314    0.2548931733   43.9904832390
mock_SNLS3    0.9600000000   44.0572329428    0.3312392700   43.9904832390
mock_SNLS3    0.9610000000   43.6835517006    0.3603967421   43.9932817842
mock_SNLS3    0.9700000000   43.6811126611    0.4828832390   44.0183001100
mock_SNLS3    0.9750000000   44.2738228181    0.2069859695   44.0321163895
mock_SNLS3    0.9810000000   44.0408729942    0.2480172049   44.0485059382
mock_SNLS3    0.9830000000   43.9387969191    0.3391505653   44.0539691211
mock_SNLS3    0.9850000000   43.8309010579    0.2499582165   44.0594184917
mock_SNLS3    0.9980000000   44.1005258696    0.2657917879   44.0945911576
mock_SNLS3    1.0000000000   44.3890985099    0.3002523700   44.0999624976
mock_SNLS3    1.0020000000   44.8470454473    0.7011565148   44.1053338375
mock_SNLS3    1.0100000000   43.9875951936    0.3940537726   44.1266765835
mock_SNLS3    1.0200000000   44.1129785931    0.2318225527   44.1531723647
mock_SNLS3    1.0200000000   44.1617988918    0.2942668510   44.1531723647
mock_SNLS3    1.0310000000   44.4405173945    0.3659100016   44.1820198308
mock_SNLS3    1.0600000000   44.1618763459    0.3391163133   44.2564959927
mock_SNLS3    1.1200000000   44.5086109086    0.2275498186   44.4043656277
mock_SNLS3    1.1400000000   44.9275536243    0.2563077795   44.4519844784
mock_SNLS3    1.2300000000   44.5922015680    0.3403776935   44.6561186120
mock_SNLS3    1.2650000000   44.8594956621    0.3207540815   44.7314674312
mock_SNLS3    1.3000000000   45.2950922586    0.2173689486   44.8048588015
mock_SNLS3    1.3400000000   44.7260910372    0.3095955456   44.8862038489
mock_SNLS3    1.3900000000   45.3731257198    0.3818482086   44.9845119164
