mock_SNLS3    0.0102900000   33.1031605740    0.2392021718   33.2378129871
mock_SNLS3    0.0100600000   33.2181915503    0.2038462576   33.1883337417
mock_SNLS3    0.0105500000   33.4013990818    0.2247672773   33.2924054218
mock_SNLS3    0.0111300000   33.0633277886    0.2600517089   33.4095826502
mock_SNLS3    0.0109000000   33.4521943213    0.2483400631   33.3638574150
mock_SNLS3    0.0123100000   33.3705980580    0.2690172095   33.6303489422
mock_SNLS3    0.0133400000   33.6546466775    0.1631419281   33.8065492716
mock_SNLS3    0.0142600000   33.7680161864    0.1718320810   33.9528772732
mock_SNLS3    0.0145700000   34.2182992897    0.2001140760   34.0000920519
mock_SNLS3    0.0144300000   34.1158646750    0.2533431510   33.9788994014
mock_SNLS3    0.0136600000   33.7690641865    0.1774125227   33.8585409357
mock_SNLS3    0.0147000000   34.2959321803    0.1553097281   34.0195895249
mock_SNLS3    0.0135400000   33.8149430814    0.2016231686   33.8391849451
mock_SNLS3    0.0155700000   34.4113159371    0.1832562968   34.1458886280
mock_SNLS3    0.0138000000   34.0347931850    0.1670350867   33.8809138447
mock_SNLS3    0.0141500000   34.0134895489    0.1844222756   33.9358968859
mock_SNLS3    0.0151500000   34.2731286028    0.2161279369   34.0858056596
mock_SNLS3    0.0144600000   34.0636696243    0.2117137736   33.9834757750
mock_SNLS3    0.0157800000   34.4665232893    0.1811875004   34.1753137001
mock_SNLS3    0.0149700000   33.9808164785    0.2031400064   34.0595572343
mock_SNLS3    0.0147100000   34.1509408636    0.1815063111   34.0210847528
mock_SNLS3    0.0155500000   34.1899262749    0.1648519832   34.1430757861
mock_SNLS3    0.0154900000   34.2910129801    0.2023835662   34.1345624251
mock_SNLS3    0.0155000000   33.7912734963    0.2045791019   34.1359832683
mock_SNLS3    0.0154800000   34.1095320875    0.1708520074   34.1331415819
mock_SNLS3    0.0156400000   34.3118639272    0.2245165669   34.1557335743
mock_SNLS3    0.0155000000   34.1615944291    0.1928256776   34.1359832683
mock_SNLS3    0.0160100000   34.0266519001    0.1664997765   34.2071296199
mock_SNLS3    0.0169700000   34.3844509025    0.1860211472   34.3351422901
mock_SNLS3    0.0173700000   34.6184042675    0.1811734409   34.3863970823
mock_SNLS3    0.0170600000   34.1622644598    0.3060537814   34.3468012376
mock_SNLS3    0.0175000000   34.4530446520    0.1672549134   34.4027925652
mock_SNLS3    0.0174500000   34.2111757510    0.2602534234   34.3965064710
mock_SNLS3    0.0176800000   34.3290695624    0.2139027322   34.4253087001
mock_SNLS3    0.0185800000   34.6339628200    0.1673724966   34.5346045774
mock_SNLS3    0.0189200000   34.5515073004    0.1654484386   34.5745559590
mock_SNLS3    0.0195800000   34.5556480508    0.1466265285   34.6500720701
mock_SNLS3    0.0203700000   34.8930351524    0.1618442939   34.7372618830
mock_SNLS3    0.0209800000   34.7928211132    0.1703287545   34.8023409949
mock_SNLS3    0.0208000000   34.5474896223    0.1512766231   34.7833235744
mock_SNLS3    0.0204100000   34.9308047619    0.2275095773   34.7415787114
mock_SNLS3    0.0216800000   34.7647380181    0.1782887519   34.8747370294
mock_SNLS3    0.0215700000   34.9587268000    0.1811769763   34.8635131362
mock_SNLS3    0.0220500000   35.0005822404    0.1789844056   34.9120973566
mock_SNLS3    0.0219500000   35.2640238601    0.1529084099   34.9020463586
mock_SNLS3    0.0224800000   35.0163983313    0.1652706613   34.9547260453
mock_SNLS3    0.0233000000   35.1692237469    0.2134514283   35.0338573887
mock_SNLS3    0.0229800000   35.1065234515    0.1581381327   35.0033181204
mock_SNLS3    0.0224200000   34.2302208593    0.4345441635   34.9488167015
mock_SNLS3    0.0230300000   35.2331773741    0.2170209503   35.0081183151
mock_SNLS3    0.0245800000   35.6818094279    0.2154530054   35.1520584450
mock_SNLS3    0.0234500000   35.4072036565    0.2065376579   35.0480428926
mock_SNLS3    0.0249300000   34.9288581145    0.2374835895   35.1833371638
mock_SNLS3    0.0235500000   34.8036701316    0.1545282450   35.0574366647
mock_SNLS3    0.0237900000   35.0398893353    0.1468268198   35.0798451342
mock_SNLS3    0.0233500000   34.8890141912    0.1559428293   35.0385858900
mock_SNLS3    0.0238900000   35.0843446942    0.1736990142   35.0891121603
mock_SNLS3    0.0241800000   35.1607679424    0.1554748813   35.1157933822
mock_SNLS3    0.0238900000   35.4906935680    0.3686019192   35.0891121603
mock_SNLS3    0.0247300000   35.3432199173    0.1655314393   35.1655399138
mock_SNLS3    0.0247200000   35.3775528194    0.1529392289   35.1646434716
mock_SNLS3    0.0251700000   35.0551770476    0.5115747543   35.2045266994
mock_SNLS3    0.0265500000   35.2530217270    0.1629858898   35.3226800019
mock_SNLS3    0.0276100000   35.3295107283    0.3774390537   35.4093889082
mock_SNLS3    0.0254900000   35.5819811875    0.1787117840   35.2324955861
mock_SNLS3    0.0268700000   35.2517383978    0.1868632473   35.3492185112
mock_SNLS3    0.0274100000   35.8049743999    0.2041062679   35.3933018246
mock_SNLS3    0.0267000000   35.6725655152    0.1772040826   35.3351389448
mock_SNLS3    0.0270700000   35.2774373278    0.1413531301   35.3656302189
mock_SNLS3    0.0276700000   35.4665217629    0.1639896987   35.4142137489
mock_SNLS3    0.0277400000   35.5755087288    0.1622582123   35.4198100218
mock_SNLS3    0.0285600000   35.5970658351    0.1722820702   35.4844020817
mock_SNLS3    0.0291000000   35.5719020384    0.1567357913   35.5259306671
mock_SNLS3    0.0303500000   35.5708086417    0.1638074122   35.6192773637
mock_SNLS3    0.0307100000   35.6745409288    0.1585186791   35.6454760198
mock_SNLS3    0.0295100000   35.6147595834    0.1516666245   35.5569787075
mock_SNLS3    0.0304100000   35.8304451276    0.1902725081   35.6236717315
mock_SNLS3    0.0303200000   35.5922361884    0.1546395262   35.6170747958
mock_SNLS3    0.0305200000   35.9592933661    0.1828255214   35.6316666372
mock_SNLS3    0.0314700000   35.8304434271    0.1368601129   35.6997552535
mock_SNLS3    0.0325100000   35.6177565387    0.1974833239   35.7720233205
mock_SNLS3    0.0316200000   35.8984243807    0.1484733094   35.7103320776
mock_SNLS3    0.0317600000   35.5250093353    0.1417794998   35.7201445045
mock_SNLS3    0.0332300000   36.0169152722    0.1528406605   35.8207463725
mock_SNLS3    0.0314700000   36.0210507513    0.1967488335   35.6997552535
mock_SNLS3    0.0331500000   36.0744995558    0.2219814763   35.8153829229
mock_SNLS3    0.0341100000   35.9883929772    0.1409267600   35.8789221446
mock_SNLS3    0.0350000000   35.8081946539    0.2120022009   35.9362676250
mock_SNLS3    0.0336500000   35.9250776460    0.1525842665   35.8487051046
mock_SNLS3    0.0348100000   35.9551217055    0.1908454898   35.9241554747
mock_SNLS3    0.0357300000   36.4049125094    0.3768560897   35.9822582625
mock_SNLS3    0.0350100000   35.8164750351    0.2011267163   35.9369051066
mock_SNLS3    0.0348900000   35.9662673006    0.1652758133   35.9292553275
mock_SNLS3    0.0369300000   36.0593850307    0.1570816892   36.0559159520
mock_SNLS3    0.0370100000   36.4033662816    0.1721020635   36.0607467879
mock_SNLS3    0.0371100000   36.0008889095    0.1466527695   36.0667479542
mock_SNLS3    0.0390500000   36.3904814647    0.1776858442   36.1804870141
mock_SNLS3    0.0381200000   36.1060480084    0.1484012077   36.1266852316
mock_SNLS3    0.0392200000   36.4783819316    0.1516245567   36.1901888070
mock_SNLS3    0.0402600000   36.3826641808    0.1570427971   36.2486734297
mock_SNLS3    0.0407200000   36.1281150399    0.1793962213   36.2740676309
mock_SNLS3    0.0424300000   36.3687131284    0.1942424022   36.3661008662
mock_SNLS3    0.0418600000   36.3242848013    0.1921432814   36.3358542402
mock_SNLS3    0.0467400000   36.5677808293    0.1601571920   36.5829721594
mock_SNLS3    0.0449700000   36.5759672881    0.1502436417   36.4963786526
mock_SNLS3    0.0492800000   36.8572274216    0.1847970888   36.7018729426
mock_SNLS3    0.0490400000   36.7593944877    0.1572220903   36.6908860726
mock_SNLS3    0.0495300000   36.3926647080    0.1700664899   36.7132437689
mock_SNLS3    0.0530900000   36.6778857195    0.1929160350   36.8695421346
mock_SNLS3    0.0549200000   37.0579460903    0.1780114436   36.9459556082
mock_SNLS3    0.0536700000   36.7174549037    0.1611929121   36.8940337618
mock_SNLS3    0.0594200000   37.3290346741    0.1872076409   37.1239519245
mock_SNLS3    0.0584800000   36.8322133594    0.1537525355   37.0878506801
mock_SNLS3    0.0630000000   37.1818854447    0.1429303546   37.2564777126
mock_SNLS3    0.0633700000   37.3809908562    0.1863517560   37.2697700153
mock_SNLS3    0.0651300000   37.6206071145    0.1638620075   37.3319570865
mock_SNLS3    0.0629700000   37.1283762998    0.1790296174   37.2553962502
mock_SNLS3    0.0650000000   37.2981632863    0.1643816444   37.3274080825
mock_SNLS3    0.0670000000   37.4305251224    0.1406160905   37.3962701304
mock_SNLS3    0.0690500000   37.7129632480    0.1692446594   37.4648376030
mock_SNLS3    0.0700900000   37.4757466277    0.1948970582   37.4989058855
mock_SNLS3    0.0679300000   36.7607233087    0.3905943871   37.4276430635
mock_SNLS3    0.0746100000   37.0656641355    0.2818728317   37.6414586071
mock_SNLS3    0.0752900000   37.9154253890    0.1801470206   37.6621777640
mock_SNLS3    0.0782300000   37.5100809578    0.1922181981   37.7497660385
mock_SNLS3    0.0788800000   37.6636175826    0.1817550458   37.7687092254
mock_SNLS3    0.0801000000   37.7589576205    0.1439242971   37.8038842754
mock_SNLS3    0.0870000000   37.9609075519    0.1493869247   37.9936050711
mock_SNLS3    0.0870000000   37.8394114944    0.1363523169   37.9936050711
mock_SNLS3    0.0900000000   38.3899834643    0.2408862623   38.0716541257
mock_SNLS3    0.0950000000   38.1635480344    0.1397129451   38.1964094897
mock_SNLS3    0.1040000000   38.5248398350    0.1559566704   38.4060866263
mock_SNLS3    0.1080000000   38.1929250556    0.2564925334   38.4938212384
mock_SNLS3    0.1100000000   38.6562888771    0.1384035910   38.5365295293
mock_SNLS3    0.1160000000   38.7567192605    0.1330023511   38.6604450222
mock_SNLS3    0.1170000000   38.5943336456    0.1174009706   38.6804997204
mock_SNLS3    0.1180000000   38.7343660449    0.1514013300   38.7004005111
mock_SNLS3    0.1190000000   38.5382335580    0.1472718936   38.7201509343
mock_SNLS3    0.1210000000   38.6585672267    0.1160628335   38.7591854228
mock_SNLS3    0.1240000000   38.9349027971    0.1443648549   38.8165920725
mock_SNLS3    0.1242000000   38.7283677870    0.1059592569   38.8203669314
mock_SNLS3    0.1250000000   38.8562126517    0.1206891454   38.8354599599
mock_SNLS3    0.1270000000   38.9311712982    0.1390873538   38.8727118224
mock_SNLS3    0.1280000000   38.9671600031    0.1456620273   38.8911477256
mock_SNLS3    0.1300000000   39.1810915227    0.1474126372   38.9276209600
mock_SNLS3    0.1300000000   39.1733683591    0.1531031875   38.9276209600
mock_SNLS3    0.1430000000   38.9367769354    0.1288021866   39.1525877809
mock_SNLS3    0.1430000000   39.3185860684    0.1449645487   39.1525877809
mock_SNLS3    0.1450000000   39.1529849166    0.1547918280   39.1854656917
mock_SNLS3    0.1460000000   39.1318295022    0.1329023682   39.2017770576
mock_SNLS3    0.1470000000   39.0416767987    0.1479900362   39.2179499168
mock_SNLS3    0.1470000000   39.2300461972    0.1453598858   39.2179499168
mock_SNLS3    0.1480000000   39.0734352114    0.1357418710   39.2340296076
mock_SNLS3    0.1530000000   39.4516166440    0.1306389327   39.3129656129
mock_SNLS3    0.1560000000   39.3435636338    0.1504062294   39.3591797387
mock_SNLS3    0.1620000000   39.4055512817    0.1723768936   39.4491953861
mock_SNLS3    0.1650000000   39.6126747334    0.1491622261   39.4930475469
mock_SNLS3    0.1692000000   39.4851159614    0.1103428718   39.5531815465
mock_SNLS3    0.1720000000   39.4122672596    0.1434129152   39.5925414069
mock_SNLS3    0.1740000000   39.5758341758    0.1363536866   39.6202734553
mock_SNLS3    0.1750000000   39.6913723088    0.1425220448   39.6340116274
mock_SNLS3    0.1790000000   39.3026674230    0.1751490890   39.6883315001
mock_SNLS3    0.1810000000   39.6717851662    0.1681560511   39.7150723832
mock_SNLS3    0.1810000000   39.6181171068    0.2283177444   39.7150723832
mock_SNLS3    0.1830000000   39.4893654351    0.1613606366   39.7415410701
mock_SNLS3    0.1840000000   39.7436672787    0.1080958028   39.7546460666
mock_SNLS3    0.1840000000   39.4527585997    0.2111032835   39.7546460666
mock_SNLS3    0.1850000000   39.5683126194    0.1833155340   39.7677383895
mock_SNLS3    0.1870000000   39.9716256366    0.1368841489   39.7936683931
mock_SNLS3    0.1900000000   40.0607575639    0.1410859698   39.8320711829
mock_SNLS3    0.1910000000   39.7958685021    0.1694319423   39.8447713947
mock_SNLS3    0.1930000000   39.8823268004    0.1979382405   39.8699542949
mock_SNLS3    0.1980000000   39.8167284237    0.1525290709   39.9318573086
mock_SNLS3    0.2020000000   39.8111428328    0.1444905900   39.9803595962
mock_SNLS3    0.2040000000   39.7999867157    0.1548739860   40.0042792811
mock_SNLS3    0.2060000000   40.1431004330    0.1774812815   40.0279839963
mock_SNLS3    0.2110000000   40.1240552802    0.1111118587   40.0863354989
mock_SNLS3    0.2120000000   40.2188257146    0.1459935692   40.0978521505
mock_SNLS3    0.2130000000   39.9340674181    0.1345366932   40.1093119049
mock_SNLS3    0.2140000000   40.1941740232    0.1744015843   40.1207404980
mock_SNLS3    0.2170000000   40.1764032608    0.1942416335   40.1546789737
mock_SNLS3    0.2180000000   40.2516102789    0.1754087707   40.1659226364
mock_SNLS3    0.2190000000   40.0772576787    0.1082111927   40.1770778784
mock_SNLS3    0.2190000000   40.0155029674    0.1520707147   40.1770778784
mock_SNLS3    0.2200000000   40.1329224267    0.1355928013   40.1882150684
mock_SNLS3    0.2300000000   40.1425431433    0.1551212822   40.2970054667
mock_SNLS3    0.2440000000   40.4598467173    0.1861542990   40.4421993466
mock_SNLS3    0.2450000000   40.1508946473    0.1678269234   40.4522687854
mock_SNLS3    0.2460000000   40.6379385895    0.1098608053   40.4623004473
mock_SNLS3    0.2500000000   40.2952546732    0.1644553014   40.5020882723
mock_SNLS3    0.2501000000   40.7626742150    0.1184247195   40.5030725705
mock_SNLS3    0.2510000000   40.8987507269    0.1642260512   40.5119312544
mock_SNLS3    0.2520000000   40.2309089315    0.2422353507   40.5217742365
mock_SNLS3    0.2530000000   40.5649934563    0.1324998500   40.5315315749
mock_SNLS3    0.2540000000   40.4374893633    0.1785719599   40.5412815729
mock_SNLS3    0.2570000000   40.5806887780    0.1974374851   40.5703191689
mock_SNLS3    0.2580000000   40.5006766564    0.2268749305   40.5799164643
mock_SNLS3    0.2590000000   40.5760795172    0.1849877607   40.5894831531
mock_SNLS3    0.2590000000   40.5521610761    0.1779377717   40.5894831531
mock_SNLS3    0.2590000000   40.8805609204    0.1836744828   40.5894831531
mock_SNLS3    0.2620000000   40.7673016750    0.1799395629   40.6180029634
mock_SNLS3    0.2620000000   40.6345646836    0.1911175243   40.6180029634
mock_SNLS3    0.2630000000   40.6768985328    0.1368474020   40.6274526212
mock_SNLS3    0.2631000000   40.3924922063    0.1500321863   40.6283913079
mock_SNLS3    0.2650000000   40.3425360755    0.2235499112   40.6462263540
mock_SNLS3    0.2650000000   40.7391993727    0.1823257069   40.6462263540
mock_SNLS3    0.2670000000   40.7664226979    0.1537048710   40.6648606481
mock_SNLS3    0.2680000000   40.8050011567    0.1084896831   40.6741588872
mock_SNLS3    0.2700000000   40.8764921198    0.1334895988   40.6925955836
mock_SNLS3    0.2720000000   40.4493307167    0.1852353724   40.7109262108
mock_SNLS3    0.2800000000   40.8296822249    0.1648129083   40.7830451188
mock_SNLS3    0.2821000000   40.7526662229    0.1029404464   40.8016670676
mock_SNLS3    0.2847000000   40.7676055817    0.1380265647   40.8245286758
mock_SNLS3    0.2880000000   40.9746502597    0.1876985252   40.8532925199
mock_SNLS3    0.2900000000   41.0010834187    0.1815939907   40.8705523739
mock_SNLS3    0.2912000000   40.6703562725    0.1482308046   40.8808950503
mock_SNLS3    0.2940000000   40.6874231231    0.1937975486   40.9048050069
mock_SNLS3    0.3000000000   41.2834996269    0.2574492481   40.9553566454
mock_SNLS3    0.3027000000   41.0807450774    0.1021873362   40.9777945380
mock_SNLS3    0.3030000000   41.3533619060    0.4968612793   40.9802839785
mock_SNLS3    0.3100000000   40.8124226775    0.2529078790   41.0375964232
mock_SNLS3    0.3110000000   41.1476406591    0.1957517310   41.0456618315
mock_SNLS3    0.3110000000   41.1534920561    0.1612645434   41.0456618315
mock_SNLS3    0.3140000000   40.9209412729    0.2005802304   41.0697877445
mock_SNLS3    0.3220000000   41.2293808948    0.1657102631   41.1330950913
mock_SNLS3    0.3230000000   41.1838617412    0.1112926568   41.1409283535
mock_SNLS3    0.3280000000   41.3887164547    0.1743506786   41.1796273692
mock_SNLS3    0.3320000000   41.2387092635    0.1269035107   41.2102244392
mock_SNLS3    0.3373000000   41.3163861533    0.1037185689   41.2502472858
mock_SNLS3    0.3400000000   41.5460439599    0.1978396780   41.2704325200
mock_SNLS3    0.3402000000   41.3774177881    0.1007661192   41.2719149344
mock_SNLS3    0.3470000000   41.4945971501    0.1155112358   41.3220300107
mock_SNLS3    0.3480000000   41.4893929888    0.1199175147   41.3293037235
mock_SNLS3    0.3480000000   41.3742878407    0.1233571552   41.3293037235
mock_SNLS3    0.3500000000   41.1192499217    0.2216261827   41.3438359984
mock_SNLS3    0.3500000000   41.2811964278    0.1340711553   41.3438359984
mock_SNLS3    0.3537000000   41.3241993158    0.1051047167   41.3705153867
mock_SNLS3    0.3553000000   41.4101111850    0.1219309604   41.3819665534
mock_SNLS3    0.3570000000   41.2521450236    0.1283597217   41.3940866118
mock_SNLS3    0.3578000000   41.4847669211    0.1020741736   41.3997901686
mock_SNLS3    0.3688000000   41.4926936007    0.0955848078   41.4767970764
mock_SNLS3    0.3690000000   41.5576945719    0.1274488071   41.4781829006
mock_SNLS3    0.3700000000   41.7044975557    0.1179065971   41.4850648350
mock_SNLS3    0.3709000000   41.4407986559    0.1359188577   41.4912420546
mock_SNLS3    0.3720000000   41.2955511001    0.1009685078   41.4987919896
mock_SNLS3    0.3730000000   41.4870379482    0.0955172212   41.5056555670
mock_SNLS3    0.3750000000   41.4795497630    0.1289422392   41.5192600104
mock_SNLS3    0.3810000000   41.7502191727    0.1800975103   41.5597862612
mock_SNLS3    0.3930000000   41.8510742287    0.3371202770   41.6390484748
mock_SNLS3    0.3950000000   41.6074116604    0.1941410250   41.6520140466
mock_SNLS3    0.4020000000   41.8029222641    0.1150655882   41.6970255145
mock_SNLS3    0.4040000000   41.6047137601    0.1031478900   41.7097464396
mock_SNLS3    0.4067000000   41.7980206054    0.1075570354   41.7268303851
mock_SNLS3    0.4110000000   41.8936428727    0.1109056126   41.7538267230
mock_SNLS3    0.4150000000   41.8042472961    0.1246025167   41.7787094071
mock_SNLS3    0.4170000000   41.6909153537    0.1080461836   41.7910716992
mock_SNLS3    0.4190000000   41.8169526630    0.1156551619   41.8033729812
mock_SNLS3    0.4240000000   41.9530862837    0.1214977648   41.8338861833
mock_SNLS3    0.4270000000   41.5931099378    0.1285189001   41.8520604498
mock_SNLS3    0.4355000000   42.0898728761    0.1714723286   41.9028662030
mock_SNLS3    0.4370000000   41.8989588354    0.1164251332   41.9117098927
mock_SNLS3    0.4420000000   42.0971979413    0.1475045730   41.9410679912
mock_SNLS3    0.4422000000   42.1604867011    0.1184617901   41.9422353818
mock_SNLS3    0.4490000000   42.0132722905    0.1576672782   41.9816853650
mock_SNLS3    0.4500000000   41.9895226435    0.1703626173   41.9874265159
mock_SNLS3    0.4510000000   42.2343928653    0.1363278419   41.9931528658
mock_SNLS3    0.4607000000   42.3432007567    0.1563369186   42.0482175824
mock_SNLS3    0.4610000000   42.1401711764    0.1120162485   42.0499029036
mock_SNLS3    0.4680000000   42.2602041794    0.1787724530   42.0889803721
mock_SNLS3    0.4700000000   42.1804038955    0.1741161829   42.1000132373
mock_SNLS3    0.4700000000   42.0323481775    0.1282526744   42.1000132373
mock_SNLS3    0.4700000000   41.8801272688    0.2046414226   42.1000132373
mock_SNLS3    0.4720000000   42.3245694473    0.1494328899   42.1110354096
mock_SNLS3    0.4740000000   41.9278812928    0.1069852373   42.1220080244
mock_SNLS3    0.4790000000   42.0934617354    0.1300508100   42.1492464635
mock_SNLS3    0.4800000000   41.9682139886    0.1269065760   42.1546528147
mock_SNLS3    0.4900000000   42.1092635540    0.1291698670   42.2082448226
mock_SNLS3    0.4960000000   42.4801532415    0.1523609258   42.2399132549
mock_SNLS3    0.4990000000   42.1840422913    0.1282278033   42.2556266371
mock_SNLS3    0.4990000000   41.9425075756    0.1549461238   42.2556266371
mock_SNLS3    0.5043000000   42.3569443012    0.1315114654   42.2831486754
mock_SNLS3    0.5090000000   42.5674182323    0.1340796341   42.3073412060
mock_SNLS3    0.5100000000   42.5324104015    0.1863384795   42.3124444962
mock_SNLS3    0.5130000000   42.5951853714    0.1577973354   42.3277543670
mock_SNLS3    0.5150000000   42.4191265444    0.1438402786   42.3379006709
mock_SNLS3    0.5150000000   42.1261352686    0.2272978720   42.3379006709
mock_SNLS3    0.5160000000   42.2189875901    0.1450838394   42.3429550299
mock_SNLS3    0.5190000000   42.7551923364    0.2265225591   42.3581181069
mock_SNLS3    0.5216000000   42.3447068548    0.1751568574   42.3711380789
mock_SNLS3    0.5310000000   42.4247134593    0.1553896981   42.4178286528
mock_SNLS3    0.5320000000   42.2756664994    0.1788916775   42.4227388394
mock_SNLS3    0.5344000000   42.3231367664    0.1336812853   42.4345232871
mock_SNLS3    0.5360000000   42.1882994605    0.1804904913   42.4423521526
mock_SNLS3    0.5370000000   42.8433928961    0.1941428312   42.4472151425
mock_SNLS3    0.5500000000   42.2091386554    0.1824493899   42.5098533852
mock_SNLS3    0.5516000000   42.4209381572    0.1501746194   42.5174851588
mock_SNLS3    0.5520000000   42.5323945128    0.1796412199   42.5193931023
mock_SNLS3    0.5520000000   42.4642303410    0.1702421226   42.5193931023
mock_SNLS3    0.5590000000   42.5694893314    0.1588337179   42.5524258253
mock_SNLS3    0.5600000000   42.5584210128    0.1478372599   42.5571042158
mock_SNLS3    0.5600000000   42.2782920402    0.1721334723   42.5571042158
mock_SNLS3    0.5635000000   42.3956914763    0.1459960727   42.5734785825
mock_SNLS3    0.5660000000   42.8433670909    0.1764224285   42.5850739184
mock_SNLS3    0.5710000000   43.6170994617    1.2217624139   42.6081784385
mock_SNLS3    0.5740000000   42.6227534136    0.1695551007   42.6219440952
mock_SNLS3    0.5755000000   42.7506604395    0.1675736159   42.6288269235
mock_SNLS3    0.5794000000   42.5922250314    0.1296159123   42.6465505807
mock_SNLS3    0.5800000000   42.7176290947    0.1960251968   42.6492771213
mock_SNLS3    0.5800000000   42.6525982369    0.1683553447   42.6492771213
mock_SNLS3    0.5800000000   42.7915794297    0.1432251801   42.6492771213
mock_SNLS3    0.5817000000   42.7930664302    0.1647996235   42.6569933402
mock_SNLS3    0.5842000000   42.8028152130    0.1498286815   42.6682441222
mock_SNLS3    0.5845000000   42.4625274225    0.1514951854   42.6695942160
mock_SNLS3    0.5850000000   42.9250274180    0.1757450243   42.6718443724
mock_SNLS3    0.5850000000   42.4229112071    0.1717993437   42.6718443724
mock_SNLS3    0.5870000000   42.7415204228    0.1846528668   42.6808449980
mock_SNLS3    0.5890000000   42.7729525563    0.1631368701   42.6897815168
mock_SNLS3    0.5900000000   42.7731103813    0.1668477566   42.6942383014
mock_SNLS3    0.5900000000   42.3644723067    0.1829161393   42.6942383014
mock_SNLS3    0.5920000000   42.9382287894    0.1945411232   42.7031518705
mock_SNLS3    0.6000000000   42.5784222451    0.2337654113   42.7385215197
mock_SNLS3    0.6050000000   42.6709956550    0.1616053044   42.7603759747
mock_SNLS3    0.6075000000   42.7280606189    0.2691258075   42.7712396510
mock_SNLS3    0.6100000000   42.8322793866    0.1778327274   42.7820609414
mock_SNLS3    0.6100000000   43.0738028120    0.1856604002   42.7820609414
mock_SNLS3    0.6120000000   42.9671465483    0.1667019391   42.7907179737
mock_SNLS3    0.6130000000   42.5171501838    0.2182802392   42.7950165114
mock_SNLS3    0.6165000000   42.6634043772    0.2287037349   42.8100193399
mock_SNLS3    0.6200000000   42.9488057688    0.2333963234   42.8249654473
mock_SNLS3    0.6200000000   42.8828999495    0.2848384267   42.8249654473
mock_SNLS3    0.6268000000   42.9282525263    0.1742753383   42.8537587680
mock_SNLS3    0.6290000000   42.9280592581    0.2043301997   42.8630068088
mock_SNLS3    0.6300000000   42.5900997294    0.3728341792   42.8672104638
mock_SNLS3    0.6320000000   42.8295414660    0.1963558063   42.8755988709
mock_SNLS3    0.6340000000   43.0469215800    0.2348226732   42.8839244186
mock_SNLS3    0.6390000000   42.7210932362    0.2956487488   42.9047013531
mock_SNLS3    0.6396000000   43.1125614582    0.2199248137   42.9071747084
mock_SNLS3    0.6400000000   42.4138200028    0.3721730351   42.9088236120
mock_SNLS3    0.6430000000   42.8820683359    0.2043991430   42.9211903889
mock_SNLS3    0.6430000000   42.6573454837    0.2268375167   42.9211903889
mock_SNLS3    0.6473000000   42.6237839622    0.1946817430   42.9388119840
mock_SNLS3    0.6477000000   42.8216015807    0.1814953647   42.9404448257
mock_SNLS3    0.6634000000   42.9168647551    0.1964447679   43.0038490876
mock_SNLS3    0.6637000000   43.2512720345    0.2343702023   43.0050499482
mock_SNLS3    0.6700000000   42.3772779153    0.3362717730   43.0300717133
mock_SNLS3    0.6790000000   43.3680755612    0.2056357343   43.0654637657
mock_SNLS3    0.6800000000   43.4269890661    0.2332340113   43.0693504115
mock_SNLS3    0.6830000000   43.1614063897    0.2703936530   43.0810103488
mock_SNLS3    0.6870000000   42.9036167684    0.2779660565   43.0965145476
mock_SNLS3    0.6900000000   42.7783046675    0.3231299505   43.1080603266
mock_SNLS3    0.6900000000   43.0364977057    0.2004504602   43.1080603266
mock_SNLS3    0.6950000000   43.1137865400    0.3134215697   43.1272278959
mock_SNLS3    0.6980000000   42.8815025020    0.2324833700   43.1386605438
mock_SNLS3    0.6990000000   43.6124661183    0.2315853422   43.1424714264
mock_SNLS3    0.7000000000   43.3573964966    0.3002070565   43.1462823091
mock_SNLS3    0.7000000000   43.4307373741    0.2613950540   43.1462823091
mock_SNLS3    0.7002000000   43.3641101129    0.1816944753   43.1470440725
mock_SNLS3    0.7010000000   43.8538345358    0.3125115457   43.1500628778
mock_SNLS3    0.7010000000   43.2136551540    0.1985048734   43.1500628778
mock_SNLS3    0.7020000000   42.8695372987    0.1869600512   43.1538363845
mock_SNLS3    0.7027000000   43.2779038590    0.2660333126   43.1564778391
mock_SNLS3    0.7150000000   43.5166310884    0.2134079012   43.2026046726
mock_SNLS3    0.7180000000   43.3184600568    0.2193402721   43.2137039380
mock_SNLS3    0.7200000000   43.4074976123    0.2676281763   43.2211034482
mock_SNLS3    0.7210000000   43.6301718285    0.2241364003   43.2248032034
mock_SNLS3    0.7220000000   43.5943877016    0.2077119111   43.2285029585
mock_SNLS3    0.7255000000   43.3384729728    0.1957452726   43.2413321970
mock_SNLS3    0.7270000000   43.1992958976    0.3204871126   43.2468272568
mock_SNLS3    0.7320000000   43.2832121063    0.3317397266   43.2650610302
mock_SNLS3    0.7320000000   43.2006857575    0.2368078159   43.2650610302
mock_SNLS3    0.7330000000   44.0819242122    0.3163256432   43.2686883468
mock_SNLS3    0.7340000000   43.3127270681    0.2471129074   43.2723156634
mock_SNLS3    0.7350000000   43.3803687076    0.2466070229   43.2759429801
mock_SNLS3    0.7360000000   43.1578048973    0.2234804466   43.2795702967
mock_SNLS3    0.7370000000   43.4805015453    0.2094404877   43.2831976133
mock_SNLS3    0.7400000000   43.5768256431    0.4223366974   43.2939818103
mock_SNLS3    0.7420000000   42.8133771423    0.2146017865   43.3011649761
mock_SNLS3    0.7441000000   43.3997525438    0.1911644016   43.3087073003
mock_SNLS3    0.7450000000   43.2292033797    0.1942710990   43.3119366022
mock_SNLS3    0.7500000000   43.5088426204    0.2152261359   43.3297174370
mock_SNLS3    0.7510000000   43.0133452939    0.2434654067   43.3332736040
mock_SNLS3    0.7560000000   43.6400414319    0.4281592154   43.3509364634
mock_SNLS3    0.7570000000   43.4947173030    0.1915791691   43.3544575336
mock_SNLS3    0.7600000000   43.2954249671    0.1831366881   43.3650207440
mock_SNLS3    0.7600000000   43.8509977905    0.3043525282   43.3650207440
mock_SNLS3    0.7630000000   43.6363740157    0.2147493631   43.3754951010
mock_SNLS3    0.7630000000   43.4820937337    0.1823370765   43.3754951010
mock_SNLS3    0.7660000000   43.6179639637    0.2224901022   43.3859539636
mock_SNLS3    0.7670000000   43.2662702832    0.1878143209   43.3894402511
mock_SNLS3    0.7677000000   43.6299899954    0.2086099994   43.3918806523
mock_SNLS3    0.7690000000   44.0029651395    0.4107184651   43.3963898448
mock_SNLS3    0.7700000000   42.9658860513    0.2585345052   43.3998416601
mock_SNLS3    0.7750000000   43.1681720702    0.2443910484   43.4171007366
mock_SNLS3    0.7780000000   43.2888719459    0.3440267143   43.4273982112
mock_SNLS3    0.7900000000   43.5771978040    0.2866136162   43.4682189506
mock_SNLS3    0.7910000000   43.6593802493    0.2296226572   43.4716027482
mock_SNLS3    0.7980000000   43.0763232723    0.3115740293   43.4951045057
mock_SNLS3    0.8000000000   42.9222785449    0.3943277492   43.5018049981
mock_SNLS3    0.8000000000   43.4160919680    0.2355740626   43.5018049981
mock_SNLS3    0.8050000000   43.7738862399    0.2301235478   43.5184136407
mock_SNLS3    0.8050000000   43.5420037907    0.2617725617   43.5184136407
mock_SNLS3    0.8080000000   43.4754238669    0.2649754426   43.5283646312
mock_SNLS3    0.8100000000   43.7866842758    0.2554685052   43.5349662359
mock_SNLS3    0.8100000000   43.7999133505    0.2801500136   43.5349662359
mock_SNLS3    0.8110000000   43.6891797384    0.2308952695   43.5382502808
mock_SNLS3    0.8130000000   43.7305531218    0.2198633515   43.5448183707
mock_SNLS3    0.8170000000   43.5589179715    0.2228567234   43.5579545504
mock_SNLS3    0.8200000000   44.1177026077    0.2633473023   43.5677220672
mock_SNLS3    0.8218000000   43.7030669865    0.2243721282   43.5735745681
mock_SNLS3    0.8300000000   43.7038649580    0.2331053785   43.6001028839
mock_SNLS3    0.8300000000   43.9344177968    0.4018720805   43.6001028839
mock_SNLS3    0.8360000000   43.4787361860    0.2721723103   43.6193674892
mock_SNLS3    0.8390000000   43.8096742238    0.2116385638   43.6289283666
mock_SNLS3    0.8390000000   43.7966646853    0.2605007622   43.6289283666
mock_SNLS3    0.8400000000   43.7380121271    0.2720909754   43.6321153257
mock_SNLS3    0.8420000000   43.7219030816    0.2556434510   43.6384892440
mock_SNLS3    0.8420000000   43.4637199547    0.3219582886   43.6384892440
mock_SNLS3    0.8500000000   43.8482392145    0.2210552589   43.6637659582
mock_SNLS3    0.8500000000   44.0374703967    0.2606310683   43.6637659582
mock_SNLS3    0.8500000000   44.1340185874    0.2271651520   43.6637659582
mock_SNLS3    0.8550000000   44.2667839059    0.2397280941   43.6794428159
mock_SNLS3    0.8600000000   43.3958865211    0.2627361654   43.6950612498
mock_SNLS3    0.8600000000   43.9250510184    0.3356343655   43.6950612498
mock_SNLS3    0.8600000000   43.8099791998    0.3268296522   43.6950612498
mock_SNLS3    0.8650000000   43.9822734410    0.3758343239   43.7105452107
mock_SNLS3    0.8660000000   43.9424099376    0.2493112998   43.7136376893
mock_SNLS3    0.8660000000   44.1226716127    0.2395322971   43.7136376893
mock_SNLS3    0.8680000000   43.1322344795    0.2478843540   43.7198226466
mock_SNLS3    0.8700000000   43.6730473023    0.3674547827   43.7259958146
mock_SNLS3    0.8800000000   43.8361236045    0.2242482860   43.7565696379
mock_SNLS3    0.8900000000   43.8077989675    0.2525952506   43.7868104578
mock_SNLS3    0.8910000000   43.9529107382    0.2370316300   43.7898109951
mock_SNLS3    0.8990000000   44.2547353996    0.2483241180   43.8137539443
mock_SNLS3    0.9010000000   44.2702375859    0.2387199411   43.8196948336
mock_SNLS3    0.9100000000   43.6380281222    0.2714215781   43.8463174620
mock_SNLS3    0.9150000000   43.7772524371    0.2367148606   43.8610205814
mock_SNLS3    0.9200000000   43.6423589539    0.2688174247   43.8755956257
mock_SNLS3    0.9200000000   43.8716078318    0.3462320203   43.8755956257
mock_SNLS3    0.9240000000   43.4429635530    0.3487058382   43.8872399256
mock_SNLS3    0.9271000000   43.9931688427    0.2858672874   43.8962075591
mock_SNLS3    0.9300000000   43.8252372603    0.3636413132   43.9045647636
mock_SNLS3    0.9300000000   43.4866797270    0.3011196050   43.9045647636
mock_SNLS3    0.9340000000   43.8580864664    0.3128143786   43.9160919423
mock_SNLS3    0.9350000000   44.1929956235    0.3667271835   43.9189667744
mock_SNLS3    0.9360000000   43.6864335770    0.3644353956   43.9218195553
mock_SNLS3    0.9360000000   44.0089324717    0.2342010957   43.9218195553
mock_SNLS3    0.9490000000   43.6012675384    0.2799649655   43.9587750755
mock_SNLS3    0.9500000000   43.4233880667    0.3481601142   43.9615991081
mock_SNLS3    0.9500000000   43.9854109616    0.2701603486   43.9615991081
mock_SNLS3    0.9600000000   44.1957850048    0.2548931733   43.9896757075
mock_SNLS3    0.9600000000   43.7196471275    0.3312392700   43.9896757075
mock_SNLS3    0.9610000000   44.1121702900    0.3603967421   43.9924712532
mock_SNLS3    0.9700000000   44.3992177242    0.4828832390   44.0174660650
mock_SNLS3    0.9750000000   44.0162502961    0.2069859695   44.0312789362
mock_SNLS3    0.9810000000   43.9817280213    0.2480172049   44.0477150449
mock_SNLS3    0.9830000000   43.9598178010    0.3391505653   44.0531937478
mock_SNLS3    0.9850000000   44.1278628341    0.2499582165   44.0586518382
mock_SNLS3    0.9980000000   44.5910277444    0.2657917879   44.0938061167
mock_SNLS3    1.0000000000   44.0467799962    0.3002523700   44.0991744841
mock_SNLS3    1.0020000000   43.7989031919    0.7011565148   44.1045428516
mock_SNLS3    1.0100000000   44.8297409243    0.3940537726   44.1258743295
mock_SNLS3    1.0200000000   43.9343945618    0.2318225527   44.1523148107
mock_SNLS3    1.0200000000   43.9201224627    0.2942668510   44.1523148107
mock_SNLS3    1.0310000000   43.9047541793    0.3659100016   44.1811044200
mock_SNLS3    1.0600000000   44.6997139433    0.3391163133   44.2555855339
mock_SNLS3    1.1200000000   44.7502425807    0.2275498186   44.4034228043
mock_SNLS3    1.1400000000   44.3851261867    0.2563077795   44.4509684925
mock_SNLS3    1.2300000000   44.1332923582    0.3403776935   44.6550338573
mock_SNLS3    1.2650000000   44.5871955148    0.3207540815   44.7303780150
mock_SNLS3    1.3000000000   44.5027328902    0.2173689486   44.8036738874
mock_SNLS3    1.3400000000   44.7679094703    0.3095955456   44.8850030464
mock_SNLS3    1.3900000000   45.1596097003    0.3818482086   44.9832639842
