mock_SNLS3    0.0102900000   33.0074493082    0.2392021718   33.2360482106
mock_SNLS3    0.0100600000   33.0050622433    0.2038462576   33.1857400604
mock_SNLS3    0.0105500000   33.3015135315    0.2247672773   33.2920407277
mock_SNLS3    0.0111300000   33.4082959695    0.2600517089   33.4070319860
mock_SNLS3    0.0109000000   33.2831539122    0.2483400631   33.3614320043
mock_SNLS3    0.0123100000   33.0763385204    0.2690172095   33.6278338265
mock_SNLS3    0.0133400000   33.7636993645    0.1631419281   33.8040230817
mock_SNLS3    0.0142600000   33.9946514708    0.1718320810   33.9521230284
mock_SNLS3    0.0145700000   34.0131329552    0.2001140760   33.9979151294
mock_SNLS3    0.0144300000   33.8308270887    0.2533431510   33.9772348257
mock_SNLS3    0.0136600000   33.9576462292    0.1774125227   33.8561596771
mock_SNLS3    0.0147000000   34.0283752462    0.1553097281   34.0171182685
mock_SNLS3    0.0135400000   33.7639850524    0.2016231686   33.8366084538
mock_SNLS3    0.0155700000   33.9475672754    0.1832562968   34.1456315842
mock_SNLS3    0.0138000000   33.9618224951    0.1670350867   33.8789694376
mock_SNLS3    0.0141500000   33.6820237731    0.1844222756   33.9358742183
mock_SNLS3    0.0151500000   34.0807236351    0.2161279369   34.0835906732
mock_SNLS3    0.0144600000   34.0571255221    0.2117137736   33.9816663193
mock_SNLS3    0.0157800000   34.0221644735    0.1811875004   34.1743705991
mock_SNLS3    0.0149700000   34.2355340957    0.2031400064   34.0570017113
mock_SNLS3    0.0147100000   33.7796840732    0.1815063111   34.0185954330
mock_SNLS3    0.0155500000   33.9824941398    0.1648519832   34.1426772551
mock_SNLS3    0.0154900000   34.0061194834    0.2023835662   34.1338142678
mock_SNLS3    0.0155000000   34.4257638756    0.2045791019   34.1352914323
mock_SNLS3    0.0154800000   34.2057702968    0.1708520074   34.1323371032
mock_SNLS3    0.0156400000   34.3569112776    0.2245165669   34.1556190484
mock_SNLS3    0.0155000000   34.0671489660    0.1928256776   34.1352914323
mock_SNLS3    0.0160100000   34.3676326277    0.1664997765   34.2051767182
mock_SNLS3    0.0169700000   34.3483285412    0.1860211472   34.3337587804
mock_SNLS3    0.0173700000   34.4157269091    0.1811734409   34.3857116160
mock_SNLS3    0.0170600000   34.0524198694    0.3060537814   34.3458133487
mock_SNLS3    0.0175000000   34.1947280448    0.1672549134   34.4015015706
mock_SNLS3    0.0174500000   34.2692653933    0.2602534234   34.3954285111
mock_SNLS3    0.0176800000   34.6725767034    0.2139027322   34.4233645848
mock_SNLS3    0.0185800000   34.4845424547    0.1673724966   34.5326796555
mock_SNLS3    0.0189200000   34.3863625005    0.1654484386   34.5739764600
mock_SNLS3    0.0195800000   34.6627238438    0.1466265285   34.6479774707
mock_SNLS3    0.0203700000   34.7303441007    0.1618442939   34.7350027594
mock_SNLS3    0.0209800000   34.6247573110    0.1703287545   34.8021995013
mock_SNLS3    0.0208000000   34.7786468845    0.1512766231   34.7823709545
mock_SNLS3    0.0204100000   34.7883407321    0.2275095773   34.7394091031
mock_SNLS3    0.0216800000   34.5538556448    0.1782887519   34.8725157144
mock_SNLS3    0.0215700000   34.8344431179    0.1811769763   34.8615244179
mock_SNLS3    0.0220500000   35.0709170637    0.1789844056   34.9094864393
mock_SNLS3    0.0219500000   34.8054459701    0.1529084099   34.8994943515
mock_SNLS3    0.0224800000   34.9115009753    0.1652706613   34.9524524168
mock_SNLS3    0.0233000000   34.9840134082    0.2134514283   35.0334990968
mock_SNLS3    0.0229800000   34.9691482146    0.1581381327   35.0024128557
mock_SNLS3    0.0224200000   35.1975391053    0.4345441635   34.9464571641
mock_SNLS3    0.0230300000   34.8323720748    0.2170209503   35.0074088996
mock_SNLS3    0.0245800000   35.0810376046    0.2154530054   35.1495279028
mock_SNLS3    0.0234500000   35.0882488703    0.2065376579   35.0470962225
mock_SNLS3    0.0249300000   35.4091852169    0.2374835895   35.1812545295
mock_SNLS3    0.0235500000   35.0630169925    0.1545282450   35.0561609730
mock_SNLS3    0.0237900000   34.8971687102    0.1468268198   35.0779163741
mock_SNLS3    0.0233500000   35.0147926040    0.1559428293   35.0380314720
mock_SNLS3    0.0238900000   34.9508711490    0.1736990142   35.0869811246
mock_SNLS3    0.0241800000   34.9947285249    0.1554748813   35.1132689009
mock_SNLS3    0.0238900000   34.9126298572    0.3686019192   35.0869811246
mock_SNLS3    0.0247300000   34.9684506362    0.1655314393   35.1631250285
mock_SNLS3    0.0247200000   34.9856548224    0.1529392289   35.1622185535
mock_SNLS3    0.0251700000   34.7545634926    0.5115747543   35.2030099306
mock_SNLS3    0.0265500000   35.3887663862    0.1629858898   35.3202902747
mock_SNLS3    0.0276100000   35.6982386877    0.3774390537   35.4074725626
mock_SNLS3    0.0254900000   35.0645512596    0.1787117840   35.2320171321
mock_SNLS3    0.0268700000   35.0933774756    0.1868632473   35.3466094560
mock_SNLS3    0.0274100000   35.5256402178    0.2041062679   35.3910230744
mock_SNLS3    0.0267000000   35.5151435331    0.1772040826   35.3326273910
mock_SNLS3    0.0270700000   35.4526770456    0.1413531301   35.3630589443
mock_SNLS3    0.0276700000   35.4469717400    0.1639896987   35.4124074091
mock_SNLS3    0.0277400000   35.3120689229    0.1622582123   35.4181647300
mock_SNLS3    0.0285600000   35.4415633252    0.1722820702   35.4835304203
mock_SNLS3    0.0291000000   35.5672788378    0.1567357913   35.5238350652
mock_SNLS3    0.0303500000   35.8114861236    0.1638074122   35.6171328543
mock_SNLS3    0.0307100000   35.5028984026    0.1585186791   35.6440026176
mock_SNLS3    0.0295100000   35.5707199520    0.1516666245   35.5544367400
mock_SNLS3    0.0304100000   35.7173222355    0.1902725081   35.6216111482
mock_SNLS3    0.0303200000   35.7388503577    0.1546395262   35.6148937074
mock_SNLS3    0.0305200000   35.7518100272    0.1828255214   35.6298213537
mock_SNLS3    0.0314700000   35.8258332543    0.1368601129   35.6990859515
mock_SNLS3    0.0325100000   35.8234369970    0.1974833239   35.7695409969
mock_SNLS3    0.0316200000   35.7889121322    0.1484733094   35.7092477369
mock_SNLS3    0.0317600000   35.6444815747    0.1417794998   35.7187320699
mock_SNLS3    0.0332300000   35.6188086876    0.1528406605   35.8183175667
mock_SNLS3    0.0314700000   35.8126995229    0.1967488335   35.6990859515
mock_SNLS3    0.0331500000   35.7416904419    0.2219814763   35.8128979478
mock_SNLS3    0.0341100000   36.1587453138    0.1409267600   35.8779333743
mock_SNLS3    0.0350000000   36.0120022683    0.2120022009   35.9349995730
mock_SNLS3    0.0336500000   35.8924189471    0.1525842665   35.8467705658
mock_SNLS3    0.0348100000   35.9486993593    0.1908454898   35.9233144226
mock_SNLS3    0.0357300000   35.8084785728    0.3768560897   35.9798951509
mock_SNLS3    0.0350100000   35.7893784527    0.2011267163   35.9356145810
mock_SNLS3    0.0348900000   35.8885657307    0.1652758133   35.9282344860
mock_SNLS3    0.0369300000   35.9257258265    0.1570816892   36.0536961008
mock_SNLS3    0.0370100000   36.1398005490    0.1721020635   36.0586161641
mock_SNLS3    0.0371100000   35.9901920650    0.1466527695   36.0647662433
mock_SNLS3    0.0390500000   36.4165481052    0.1776858442   36.1785511583
mock_SNLS3    0.0381200000   36.2890038229    0.1484012077   36.1266166009
mock_SNLS3    0.0392200000   36.0775568894    0.1516245567   36.1880445721
mock_SNLS3    0.0402600000   36.2196753459    0.1570427971   36.2461219267
mock_SNLS3    0.0407200000   36.2632183050    0.1793962213   36.2718099873
mock_SNLS3    0.0424300000   36.1556053205    0.1942424022   36.3652865734
mock_SNLS3    0.0418600000   36.1142869219    0.1921432814   36.3354717029
mock_SNLS3    0.0467400000   36.8496968024    0.1601571920   36.5823628579
mock_SNLS3    0.0449700000   36.6324176143    0.1502436417   36.4941107645
mock_SNLS3    0.0492800000   36.5948405085    0.1847970888   36.6993913750
mock_SNLS3    0.0490400000   37.0047101881    0.1572220903   36.6883335624
mock_SNLS3    0.0495300000   36.6155684805    0.1700664899   36.7109099299
mock_SNLS3    0.0530900000   37.0202942841    0.1929160350   36.8671689841
mock_SNLS3    0.0549200000   36.9853564247    0.1780114436   36.9437840509
mock_SNLS3    0.0536700000   37.0384331685    0.1611929121   36.8914513550
mock_SNLS3    0.0594200000   37.1638337967    0.1872076409   37.1213497419
mock_SNLS3    0.0584800000   37.1741855676    0.1537525355   37.0855801828
mock_SNLS3    0.0630000000   37.1698043261    0.1429303546   37.2557457041
mock_SNLS3    0.0633700000   37.1463545545    0.1863517560   37.2685464177
mock_SNLS3    0.0651300000   37.1271587668    0.1638620075   37.3294362989
mock_SNLS3    0.0629700000   37.5004758021    0.1790296174   37.2547078084
mock_SNLS3    0.0650000000   37.2306567929    0.1643816444   37.3249387509
mock_SNLS3    0.0670000000   37.2540436484    0.1406160905   37.3941317977
mock_SNLS3    0.0690500000   37.6169939035    0.1692446594   37.4648137802
mock_SNLS3    0.0700900000   37.5616348332    0.1948970582   37.4975360025
mock_SNLS3    0.0679300000   38.3335506433    0.3905943871   37.4263065645
mock_SNLS3    0.0746100000   37.6678602180    0.2818728317   37.6397518146
mock_SNLS3    0.0752900000   37.5766503498    0.1801470206   37.6611471138
mock_SNLS3    0.0782300000   37.8554923254    0.1922181981   37.7477527747
mock_SNLS3    0.0788800000   37.4234479364    0.1817550458   37.7663580389
mock_SNLS3    0.0801000000   37.9791138460    0.1439242971   37.8012786887
mock_SNLS3    0.0870000000   37.9544686900    0.1493869247   37.9912645319
mock_SNLS3    0.0870000000   37.9950367137    0.1363523169   37.9912645319
mock_SNLS3    0.0900000000   37.9515890268    0.2408862623   38.0694089253
mock_SNLS3    0.0950000000   38.1764593484    0.1397129451   38.1945922400
mock_SNLS3    0.1040000000   38.4124571044    0.1559566704   38.4048241989
mock_SNLS3    0.1080000000   38.2761490300    0.2564925334   38.4911982259
mock_SNLS3    0.1100000000   38.3639996747    0.1384035910   38.5343852394
mock_SNLS3    0.1160000000   38.6120224070    0.1330023511   38.6585047459
mock_SNLS3    0.1170000000   38.7224431787    0.1174009706   38.6781754525
mock_SNLS3    0.1180000000   38.5826166879    0.1514013300   38.6978461590
mock_SNLS3    0.1190000000   38.6283767795    0.1472718936   38.7175168656
mock_SNLS3    0.1210000000   38.7912394596    0.1160628335   38.7568582787
mock_SNLS3    0.1240000000   38.6105879831    0.1443648549   38.8158703983
mock_SNLS3    0.1242000000   38.9012740567    0.1059592569   38.8198045397
mock_SNLS3    0.1250000000   38.8189192645    0.1206891454   38.8354565129
mock_SNLS3    0.1270000000   38.6784241824    0.1390873538   38.8713070570
mock_SNLS3    0.1280000000   38.8691867093    0.1456620273   38.8892323291
mock_SNLS3    0.1300000000   38.5887436465    0.1474126372   38.9250828731
mock_SNLS3    0.1300000000   39.0391008445    0.1531031875   38.9250828731
mock_SNLS3    0.1430000000   39.1007116027    0.1288021866   39.1501221028
mock_SNLS3    0.1430000000   39.0544363210    0.1449645487   39.1501221028
mock_SNLS3    0.1450000000   39.2269047496    0.1547918280   39.1828025445
mock_SNLS3    0.1460000000   39.0154293734    0.1329023682   39.1991427654
mock_SNLS3    0.1470000000   39.0104309993    0.1479900362   39.2154829863
mock_SNLS3    0.1470000000   39.1707083962    0.1453598858   39.2154829863
mock_SNLS3    0.1480000000   39.2466510087    0.1357418710   39.2318232071
mock_SNLS3    0.1530000000   39.3888708868    0.1306389327   39.3125477363
mock_SNLS3    0.1560000000   39.3447349278    0.1504062294   39.3572482453
mock_SNLS3    0.1620000000   39.4979984035    0.1723768936   39.4466492633
mock_SNLS3    0.1650000000   39.4570512921    0.1491622261   39.4913497724
mock_SNLS3    0.1692000000   39.5497475447    0.1103428718   39.5525943871
mock_SNLS3    0.1720000000   39.5478782589    0.1434129152   39.5906497186
mock_SNLS3    0.1740000000   39.6320347329    0.1363536866   39.6178320983
mock_SNLS3    0.1750000000   39.5937918532    0.1425220448   39.6314232881
mock_SNLS3    0.1790000000   39.6275340547    0.1751490890   39.6857880474
mock_SNLS3    0.1810000000   39.7074631972    0.1681560511   39.7129704270
mock_SNLS3    0.1810000000   39.5076200273    0.2283177444   39.7129704270
mock_SNLS3    0.1830000000   39.7861390542    0.1613606366   39.7401528066
mock_SNLS3    0.1840000000   39.7518535280    0.1080958028   39.7537439965
mock_SNLS3    0.1840000000   39.5996846090    0.2111032835   39.7537439965
mock_SNLS3    0.1850000000   39.5688879118    0.1833155340   39.7673351863
mock_SNLS3    0.1870000000   39.8700650712    0.1368841489   39.7929550750
mock_SNLS3    0.1900000000   39.5188904278    0.1410859698   39.8301570883
mock_SNLS3    0.1910000000   39.8310829033    0.1694319423   39.8425577594
mock_SNLS3    0.1930000000   39.8209618299    0.1979382405   39.8673591015
mock_SNLS3    0.1980000000   39.7920089557    0.1525290709   39.9293624570
mock_SNLS3    0.2020000000   39.8751646816    0.1444905900   39.9789651414
mock_SNLS3    0.2040000000   39.8423171188    0.1548739860   40.0037664836
mock_SNLS3    0.2060000000   40.1628646125    0.1774812815   40.0275044280
mock_SNLS3    0.2110000000   40.1207847097    0.1111118587   40.0840904595
mock_SNLS3    0.2120000000   40.0283560941    0.1459935692   40.0954076658
mock_SNLS3    0.2130000000   40.0274833818    0.1345366932   40.1067248720
mock_SNLS3    0.2140000000   40.0988565639    0.1744015843   40.1180420783
mock_SNLS3    0.2170000000   40.0861489257    0.1942416335   40.1519936972
mock_SNLS3    0.2180000000   40.2281905341    0.1754087707   40.1633109035
mock_SNLS3    0.2190000000   40.2637339762    0.1082111927   40.1746281097
mock_SNLS3    0.2190000000   40.1484697867    0.1520707147   40.1746281097
mock_SNLS3    0.2200000000   40.1442458509    0.1355928013   40.1859453160
mock_SNLS3    0.2300000000   40.3003205155    0.1551212822   40.2955276050
mock_SNLS3    0.2440000000   40.2151003646    0.1861542990   40.4401543293
mock_SNLS3    0.2450000000   40.2169163917    0.1678269234   40.4504848096
mock_SNLS3    0.2460000000   40.4365060715    0.1098608053   40.4608152899
mock_SNLS3    0.2500000000   40.2530127697    0.1644553014   40.5020718311
mock_SNLS3    0.2501000000   40.3860476562    0.1184247195   40.5030149485
mock_SNLS3    0.2510000000   40.3510453176    0.1642260512   40.5115030053
mock_SNLS3    0.2520000000   40.2878091044    0.2422353507   40.5209341796
mock_SNLS3    0.2530000000   40.4960569027    0.1324998500   40.5303653539
mock_SNLS3    0.2540000000   40.5953157837    0.1785719599   40.5397965281
mock_SNLS3    0.2570000000   40.5746995049    0.1974374851   40.5680900509
mock_SNLS3    0.2580000000   40.4780165353    0.2268749305   40.5775212252
mock_SNLS3    0.2590000000   40.5768706459    0.1849877607   40.5869523994
mock_SNLS3    0.2590000000   40.5880330481    0.1779377717   40.5869523994
mock_SNLS3    0.2590000000   40.6777335485    0.1836744828   40.5869523994
mock_SNLS3    0.2620000000   40.6756980786    0.1799395629   40.6152459222
mock_SNLS3    0.2620000000   40.6926595761    0.1911175243   40.6152459222
mock_SNLS3    0.2630000000   40.5572828274    0.1368474020   40.6246770965
mock_SNLS3    0.2631000000   40.8079371340    0.1500321863   40.6256202139
mock_SNLS3    0.2650000000   40.5098006289    0.2235499112   40.6435394450
mock_SNLS3    0.2650000000   40.5546300355    0.1823257069   40.6435394450
mock_SNLS3    0.2670000000   40.5653271946    0.1537048710   40.6624017935
mock_SNLS3    0.2680000000   40.7609398712    0.1084896831   40.6718329678
mock_SNLS3    0.2700000000   40.9355631024    0.1334895988   40.6906953163
mock_SNLS3    0.2720000000   40.9577312841    0.1852353724   40.7095576649
mock_SNLS3    0.2800000000   40.8256514615    0.1648129083   40.7816815289
mock_SNLS3    0.2821000000   40.8142865025    0.1029404464   40.7997643760
mock_SNLS3    0.2847000000   40.7859267658    0.1380265647   40.8221526630
mock_SNLS3    0.2880000000   40.5440398222    0.1876985252   40.8505685657
mock_SNLS3    0.2900000000   40.6618987105    0.1815939907   40.8677903249
mock_SNLS3    0.2912000000   40.9951619378    0.1482308046   40.8781233804
mock_SNLS3    0.2940000000   41.1964084174    0.1937975486   40.9022338433
mock_SNLS3    0.3000000000   40.9594397737    0.2574492481   40.9538991209
mock_SNLS3    0.3027000000   40.8247877886    0.1021873362   40.9771484958
mock_SNLS3    0.3030000000   41.0317929156    0.4968612793   40.9797317596
mock_SNLS3    0.3100000000   40.8004537486    0.2529078790   41.0360189029
mock_SNLS3    0.3110000000   40.7596929181    0.1957517310   41.0438809208
mock_SNLS3    0.3110000000   41.3041923530    0.1612645434   41.0438809208
mock_SNLS3    0.3140000000   40.8954989712    0.2005802304   41.0674669747
mock_SNLS3    0.3220000000   41.1470590013    0.1657102631   41.1303631182
mock_SNLS3    0.3230000000   41.2376218211    0.1112926568   41.1382251361
mock_SNLS3    0.3280000000   40.8609767891    0.1743506786   41.1775352259
mock_SNLS3    0.3320000000   41.0728038613    0.1269035107   41.2089832976
mock_SNLS3    0.3373000000   41.2479087301    0.1037185689   41.2500301353
mock_SNLS3    0.3400000000   41.6185844999    0.1978396780   41.2694101228
mock_SNLS3    0.3402000000   41.2571854713    0.1007661192   41.2708456775
mock_SNLS3    0.3470000000   41.2129029269    0.1155112358   41.3196545349
mock_SNLS3    0.3480000000   41.2265856362    0.1199175147   41.3268323080
mock_SNLS3    0.3480000000   41.2773410431    0.1233571552   41.3268323080
mock_SNLS3    0.3500000000   41.1065223506    0.2216261827   41.3411878543
mock_SNLS3    0.3500000000   41.5510819210    0.1340711553   41.3411878543
mock_SNLS3    0.3537000000   41.2163534700    0.1051047167   41.3677456150
mock_SNLS3    0.3553000000   41.3431279173    0.1219309604   41.3792300520
mock_SNLS3    0.3570000000   41.4880355252    0.1283597217   41.3914322664
mock_SNLS3    0.3578000000   41.3244323137    0.1020741736   41.3971744849
mock_SNLS3    0.3688000000   41.6194536616    0.0955848078   41.4761299896
mock_SNLS3    0.3690000000   41.3465383541    0.1274488071   41.4775655442
mock_SNLS3    0.3700000000   41.4063086620    0.1179065971   41.4847433174
mock_SNLS3    0.3709000000   41.5017385840    0.1359188577   41.4912033132
mock_SNLS3    0.3720000000   41.4463276437    0.1009685078   41.4987303688
mock_SNLS3    0.3730000000   41.4981124597    0.0955172212   41.5052823919
mock_SNLS3    0.3750000000   41.3081550308    0.1289422392   41.5183864380
mock_SNLS3    0.3810000000   41.5410339568    0.1800975103   41.5576985766
mock_SNLS3    0.3930000000   41.8657103593    0.3371202770   41.6363228537
mock_SNLS3    0.3950000000   41.4369474871    0.1941410250   41.6494268999
mock_SNLS3    0.4020000000   41.5824695773    0.1150655882   41.6952910615
mock_SNLS3    0.4040000000   41.5908279778    0.1031478900   41.7083951077
mock_SNLS3    0.4067000000   41.5797308472    0.1075570354   41.7260855700
mock_SNLS3    0.4110000000   41.6444573228    0.1109056126   41.7537305144
mock_SNLS3    0.4150000000   41.7930974856    0.1246025167   41.7776476491
mock_SNLS3    0.4170000000   41.7786949649    0.1080461836   41.7896062165
mock_SNLS3    0.4190000000   41.8608923176    0.1156551619   41.8015647838
mock_SNLS3    0.4240000000   41.8637634634    0.1214977648   41.8314612022
mock_SNLS3    0.4270000000   41.5880932639    0.1285189001   41.8493990532
mock_SNLS3    0.4355000000   41.8273492541    0.1714723286   41.9002229644
mock_SNLS3    0.4370000000   41.8618588517    0.1164251332   41.9091918899
mock_SNLS3    0.4420000000   41.7785926697    0.1475045730   41.9390883083
mock_SNLS3    0.4422000000   41.7570881653    0.1184617901   41.9402841650
mock_SNLS3    0.4490000000   41.9606559788    0.1576672782   41.9809432940
mock_SNLS3    0.4500000000   41.7598790596    0.1703626173   41.9869225777
mock_SNLS3    0.4510000000   41.9858974266    0.1363278419   41.9929018613
mock_SNLS3    0.4607000000   42.1202784470    0.1563369186   42.0467394270
mock_SNLS3    0.4610000000   41.9078877667    0.1120162485   42.0483758232
mock_SNLS3    0.4680000000   42.2404506287    0.1787724530   42.0865584026
mock_SNLS3    0.4700000000   42.2299727650    0.1741161829   42.0974677110
mock_SNLS3    0.4700000000   42.1850576232    0.1282526744   42.0974677110
mock_SNLS3    0.4700000000   41.8788529113    0.2046414226   42.0974677110
mock_SNLS3    0.4720000000   41.9799527267    0.1494328899   42.1083770194
mock_SNLS3    0.4740000000   42.2783569422    0.1069852373   42.1192863278
mock_SNLS3    0.4790000000   42.0739312806    0.1300508100   42.1465595989
mock_SNLS3    0.4800000000   41.9509212329    0.1269065760   42.1520142531
mock_SNLS3    0.4900000000   42.1789164410    0.1291698670   42.2065607951
mock_SNLS3    0.4960000000   42.2613795850    0.1523609258   42.2392887203
mock_SNLS3    0.4990000000   42.1685495463    0.1282278033   42.2556526829
mock_SNLS3    0.4990000000   42.3199155172    0.1549461238   42.2556526829
mock_SNLS3    0.5043000000   42.4290797351    0.1315114654   42.2824479112
mock_SNLS3    0.5090000000   42.4340566634    0.1340796341   42.3058246081
mock_SNLS3    0.5100000000   42.3237792878    0.1863384795   42.3107983734
mock_SNLS3    0.5130000000   42.3560587798    0.1577973354   42.3257196693
mock_SNLS3    0.5150000000   42.2699534339    0.1438402786   42.3356672000
mock_SNLS3    0.5150000000   42.3908314030    0.2272978720   42.3356672000
mock_SNLS3    0.5160000000   42.2462466207    0.1450838394   42.3406409653
mock_SNLS3    0.5190000000   42.2090864100    0.2265225591   42.3555622612
mock_SNLS3    0.5216000000   42.1368749130    0.1751568574   42.3684940510
mock_SNLS3    0.5310000000   42.3262877165    0.1553896981   42.4152474449
mock_SNLS3    0.5320000000   42.2618148735    0.1788916775   42.4202212102
mock_SNLS3    0.5344000000   42.3347760180    0.1336812853   42.4321582469
mock_SNLS3    0.5360000000   42.3444005298    0.1804904913   42.4401162714
mock_SNLS3    0.5370000000   42.3675007053    0.1941428312   42.4450900367
mock_SNLS3    0.5500000000   42.5695114644    0.1824493899   42.5097489857
mock_SNLS3    0.5516000000   42.3080569898    0.1501746194   42.5177070102
mock_SNLS3    0.5520000000   42.2609614902    0.1796412199   42.5196724236
mock_SNLS3    0.5520000000   42.3553538140    0.1702421226   42.5196724236
mock_SNLS3    0.5590000000   42.4709375658    0.1588337179   42.5514015414
mock_SNLS3    0.5600000000   42.7226355018    0.1478372599   42.5559342726
mock_SNLS3    0.5600000000   42.3784508115    0.1721334723   42.5559342726
mock_SNLS3    0.5635000000   42.3756887201    0.1459960727   42.5717988315
mock_SNLS3    0.5660000000   42.3011773798    0.1764224285   42.5831306593
mock_SNLS3    0.5710000000   44.1382824283    1.2217624139   42.6057943149
mock_SNLS3    0.5740000000   42.5578877451    0.1695551007   42.6193925083
mock_SNLS3    0.5755000000   42.4478703579    0.1675736159   42.6261916050
mock_SNLS3    0.5794000000   42.2604032869    0.1296159123   42.6438692563
mock_SNLS3    0.5800000000   42.5245854077    0.1960251968   42.6465888950
mock_SNLS3    0.5800000000   42.7985602560    0.1683553447   42.6465888950
mock_SNLS3    0.5800000000   42.6559229652    0.1432251801   42.6465888950
mock_SNLS3    0.5817000000   42.7064042819    0.1647996235   42.6542945379
mock_SNLS3    0.5842000000   42.4170614348    0.1498286815   42.6656263657
mock_SNLS3    0.5845000000   42.5851851677    0.1514951854   42.6669861851
mock_SNLS3    0.5850000000   42.4286976783    0.1757450243   42.6692525506
mock_SNLS3    0.5850000000   42.7364917410    0.1717993437   42.6692525506
mock_SNLS3    0.5870000000   42.6178167316    0.1846528668   42.6783180129
mock_SNLS3    0.5890000000   42.4257691079    0.1631368701   42.6873834751
mock_SNLS3    0.5900000000   42.3751315070    0.1668477566   42.6919162062
mock_SNLS3    0.5900000000   42.7160724034    0.1829161393   42.6919162062
mock_SNLS3    0.5920000000   42.6040170490    0.1945411232   42.7009816685
mock_SNLS3    0.6000000000   42.3200058715    0.2337654113   42.7372435175
mock_SNLS3    0.6050000000   42.5593020397    0.1616053044   42.7599071731
mock_SNLS3    0.6075000000   42.5120879393    0.2691258075   42.7712390009
mock_SNLS3    0.6100000000   42.2550396770    0.1778327274   42.7823302921
mock_SNLS3    0.6100000000   42.6631725665    0.1856604002   42.7823302921
mock_SNLS3    0.6120000000   42.7854952613    0.1667019391   42.7905864970
mock_SNLS3    0.6130000000   42.8169460543    0.2182802392   42.7947145994
mock_SNLS3    0.6165000000   42.7867496685    0.2287037349   42.8091629580
mock_SNLS3    0.6200000000   42.7448691735    0.2333963234   42.8236113166
mock_SNLS3    0.6200000000   43.0200157145    0.2848384267   42.8236113166
mock_SNLS3    0.6268000000   42.6395788581    0.1742753383   42.8516824132
mock_SNLS3    0.6290000000   42.8535923387    0.2043301997   42.8607642386
mock_SNLS3    0.6300000000   42.1268560055    0.3728341792   42.8648923411
mock_SNLS3    0.6320000000   42.5519945444    0.1963558063   42.8731485459
mock_SNLS3    0.6340000000   42.7303284997    0.2348226732   42.8814047508
mock_SNLS3    0.6390000000   42.8183120111    0.2956487488   42.9020452631
mock_SNLS3    0.6396000000   42.9348519310    0.2199248137   42.9045221245
mock_SNLS3    0.6400000000   42.7212496640    0.3721730351   42.9061733655
mock_SNLS3    0.6430000000   42.3417288826    0.2043991430   42.9185576729
mock_SNLS3    0.6430000000   42.6126686777    0.2268375167   42.9185576729
mock_SNLS3    0.6473000000   42.9901272956    0.1946817430   42.9363085134
mock_SNLS3    0.6477000000   42.8715658064    0.1814953647   42.9379597544
mock_SNLS3    0.6634000000   42.6006311626    0.1964447679   43.0027709628
mock_SNLS3    0.6637000000   42.9072838244    0.2343702023   43.0040093935
mock_SNLS3    0.6700000000   42.8935123388    0.3362717730   43.0300164390
mock_SNLS3    0.6790000000   43.0628770373    0.2056357343   43.0648850782
mock_SNLS3    0.6800000000   42.6335400919    0.2332340113   43.0686418986
mock_SNLS3    0.6830000000   42.6267672698    0.2703936530   43.0799123595
mock_SNLS3    0.6870000000   42.9509734443    0.2779660565   43.0949396408
mock_SNLS3    0.6900000000   43.1231719247    0.3231299505   43.1062101018
mock_SNLS3    0.6900000000   43.1267971829    0.2004504602   43.1062101018
mock_SNLS3    0.6950000000   43.3793622382    0.3134215697   43.1249942034
mock_SNLS3    0.6980000000   42.8356918592    0.2324833700   43.1362646644
mock_SNLS3    0.6990000000   43.0762122217    0.2315853422   43.1400214847
mock_SNLS3    0.7000000000   42.8551759663    0.3002070565   43.1437783051
mock_SNLS3    0.7000000000   43.1773489845    0.2613950540   43.1437783051
mock_SNLS3    0.7002000000   42.9845633278    0.1816944753   43.1445296691
mock_SNLS3    0.7010000000   42.8068725268    0.3125115457   43.1475351254
mock_SNLS3    0.7010000000   43.0361340433    0.1985048734   43.1475351254
mock_SNLS3    0.7020000000   43.0644030111    0.1869600512   43.1512919457
mock_SNLS3    0.7027000000   43.3827980647    0.2660333126   43.1539217199
mock_SNLS3    0.7150000000   43.0284216835    0.2134079012   43.2001306099
mock_SNLS3    0.7180000000   43.3631798647    0.2193402721   43.2114010709
mock_SNLS3    0.7200000000   43.3635490105    0.2676281763   43.2189147115
mock_SNLS3    0.7210000000   43.2551856266    0.2241364003   43.2226715319
mock_SNLS3    0.7220000000   43.0159956712    0.2077119111   43.2264283522
mock_SNLS3    0.7255000000   43.2073022432    0.1957452726   43.2395772233
mock_SNLS3    0.7270000000   42.9614302801    0.3204871126   43.2452124538
mock_SNLS3    0.7320000000   43.1643423010    0.3317397266   43.2639965554
mock_SNLS3    0.7320000000   43.2671458356    0.2368078159   43.2639965554
mock_SNLS3    0.7330000000   43.3194965479    0.3163256432   43.2677533758
mock_SNLS3    0.7340000000   42.6290562890    0.2471129074   43.2715101961
mock_SNLS3    0.7350000000   43.4755392487    0.2466070229   43.2752670164
mock_SNLS3    0.7360000000   43.1833521683    0.2234804466   43.2790238367
mock_SNLS3    0.7370000000   43.2148069709    0.2094404877   43.2827806571
mock_SNLS3    0.7400000000   43.8035048735    0.4223366974   43.2940511180
mock_SNLS3    0.7420000000   43.1468290157    0.2146017865   43.3015647587
mock_SNLS3    0.7441000000   43.2076258718    0.1911644016   43.3090433432
mock_SNLS3    0.7450000000   43.1501181443    0.1942710990   43.3121178973
mock_SNLS3    0.7500000000   43.4237471737    0.2152261359   43.3291987533
mock_SNLS3    0.7510000000   43.4999265836    0.2434654067   43.3326149245
mock_SNLS3    0.7560000000   43.2024681509    0.4281592154   43.3496957806
mock_SNLS3    0.7570000000   43.1201572245    0.1915791691   43.3531119518
mock_SNLS3    0.7600000000   43.3756589591    0.1831366881   43.3633604654
mock_SNLS3    0.7600000000   42.9735308650    0.3043525282   43.3633604654
mock_SNLS3    0.7630000000   43.2737890815    0.2147493631   43.3736089790
mock_SNLS3    0.7630000000   43.2303281822    0.1823370765   43.3736089790
mock_SNLS3    0.7660000000   43.4712860023    0.2224901022   43.3838574926
mock_SNLS3    0.7670000000   43.3386368288    0.1878143209   43.3872736638
mock_SNLS3    0.7677000000   43.4404527469    0.2086099994   43.3896649837
mock_SNLS3    0.7690000000   43.5414011406    0.4107184651   43.3941060062
mock_SNLS3    0.7700000000   43.2752260890    0.2585345052   43.3975221774
mock_SNLS3    0.7750000000   43.3191229411    0.2443910484   43.4146030335
mock_SNLS3    0.7780000000   43.0272747043    0.3440267143   43.4248515471
mock_SNLS3    0.7900000000   43.6869696405    0.2866136162   43.4658456015
mock_SNLS3    0.7910000000   43.3332577842    0.2296226572   43.4692617727
mock_SNLS3    0.7980000000   43.0313631464    0.3115740293   43.4931749712
mock_SNLS3    0.8000000000   43.3873923628    0.3943277492   43.5000073136
mock_SNLS3    0.8000000000   43.5361027506    0.2355740626   43.5000073136
mock_SNLS3    0.8050000000   43.6911832711    0.2301235478   43.5170881696
mock_SNLS3    0.8050000000   43.4359879025    0.2617725617   43.5170881696
mock_SNLS3    0.8080000000   43.7025510756    0.2649754426   43.5273366832
mock_SNLS3    0.8100000000   43.5394704889    0.2554685052   43.5341690256
mock_SNLS3    0.8100000000   43.2184221511    0.2801500136   43.5341690256
mock_SNLS3    0.8110000000   43.9207782018    0.2308952695   43.5375851968
mock_SNLS3    0.8130000000   43.4423544392    0.2198633515   43.5444175393
mock_SNLS3    0.8170000000   43.4069278743    0.2228567234   43.5580822241
mock_SNLS3    0.8200000000   43.6417471604    0.2633473023   43.5683307377
mock_SNLS3    0.8218000000   43.4441475410    0.2243721282   43.5739903038
mock_SNLS3    0.8300000000   43.4916978636    0.2331053785   43.5994409897
mock_SNLS3    0.8300000000   44.0528091313    0.4018720805   43.5994409897
mock_SNLS3    0.8360000000   43.0321459942    0.2721723103   43.6180634427
mock_SNLS3    0.8390000000   43.3814271802    0.2116385638   43.6273746692
mock_SNLS3    0.8390000000   43.7857509453    0.2605007622   43.6273746692
mock_SNLS3    0.8400000000   43.5098215539    0.2720909754   43.6304784114
mock_SNLS3    0.8420000000   43.7741739125    0.2556434510   43.6366858958
mock_SNLS3    0.8420000000   43.3510284153    0.3219582886   43.6366858958
mock_SNLS3    0.8500000000   43.2124187978    0.2210552589   43.6615158332
mock_SNLS3    0.8500000000   43.4107202799    0.2606310683   43.6615158332
mock_SNLS3    0.8500000000   43.8257749141    0.2271651520   43.6615158332
mock_SNLS3    0.8550000000   43.6170071181    0.2397280941   43.6770345441
mock_SNLS3    0.8600000000   43.5626098799    0.2627361654   43.6925532549
mock_SNLS3    0.8600000000   43.4016616487    0.3356343655   43.6925532549
mock_SNLS3    0.8600000000   43.5008073277    0.3268296522   43.6925532549
mock_SNLS3    0.8650000000   44.0207459165    0.3758343239   43.7080719658
mock_SNLS3    0.8660000000   43.4961439959    0.2493112998   43.7111757080
mock_SNLS3    0.8660000000   43.7577844295    0.2395322971   43.7111757080
mock_SNLS3    0.8680000000   43.6384876090    0.2478843540   43.7173831924
mock_SNLS3    0.8700000000   43.7626383526    0.3674547827   43.7235906767
mock_SNLS3    0.8800000000   43.6797899508    0.2242482860   43.7546280985
mock_SNLS3    0.8900000000   43.7359428572    0.2525952506   43.7856655202
mock_SNLS3    0.8910000000   43.6089232375    0.2370316300   43.7887692624
mock_SNLS3    0.8990000000   44.2134734058    0.2483241180   43.8135991998
mock_SNLS3    0.9010000000   43.9507766677    0.2387199411   43.8198066842
mock_SNLS3    0.9100000000   44.1315363387    0.2714215781   43.8464870367
mock_SNLS3    0.9150000000   43.8312558494    0.2367148606   43.8605739245
mock_SNLS3    0.9200000000   43.6969787261    0.2688174247   43.8746608122
mock_SNLS3    0.9200000000   43.5929900740    0.3462320203   43.8746608122
mock_SNLS3    0.9240000000   43.6549003482    0.3487058382   43.8859303224
mock_SNLS3    0.9271000000   43.7130954703    0.2858672874   43.8946641928
mock_SNLS3    0.9300000000   43.7580463167    0.3636413132   43.9028345877
mock_SNLS3    0.9300000000   43.9538180599    0.3011196050   43.9028345877
mock_SNLS3    0.9340000000   44.0773756908    0.3128143786   43.9141040979
mock_SNLS3    0.9350000000   43.3915234846    0.3667271835   43.9169214755
mock_SNLS3    0.9360000000   43.3926865278    0.3644353956   43.9197388530
mock_SNLS3    0.9360000000   43.7383193067    0.2342010957   43.9197388530
mock_SNLS3    0.9490000000   43.6870599032    0.2799649655   43.9563647612
mock_SNLS3    0.9500000000   44.1909808018    0.3481601142   43.9591821387
mock_SNLS3    0.9500000000   43.8328945728    0.2701603486   43.9591821387
mock_SNLS3    0.9600000000   43.7606251655    0.2548931733   43.9873559142
mock_SNLS3    0.9600000000   44.2618646080    0.3312392700   43.9873559142
mock_SNLS3    0.9610000000   44.2326140606    0.3603967421   43.9901732917
mock_SNLS3    0.9700000000   43.8703415273    0.4828832390   44.0155296897
mock_SNLS3    0.9750000000   43.8223904407    0.2069859695   44.0296165774
mock_SNLS3    0.9810000000   43.9420811805    0.2480172049   44.0465208427
mock_SNLS3    0.9830000000   43.4867135683    0.3391505653   44.0521555978
mock_SNLS3    0.9850000000   44.1576787063    0.2499582165   44.0577903529
mock_SNLS3    0.9980000000   43.9809360332    0.2657917879   44.0944162611
mock_SNLS3    1.0000000000   44.2551981735    0.3002523700   44.1000255937
mock_SNLS3    1.0020000000   44.4344265756    0.7011565148   44.1051358676
mock_SNLS3    1.0100000000   43.9477083157    0.3940537726   44.1255769636
mock_SNLS3    1.0200000000   43.9994568389    0.2318225527   44.1511283334
mock_SNLS3    1.0200000000   43.8712275280    0.2942668510   44.1511283334
mock_SNLS3    1.0310000000   43.8978818774    0.3659100016   44.1792348403
mock_SNLS3    1.0600000000   43.6612017684    0.3391163133   44.2533338130
mock_SNLS3    1.1200000000   44.2395252789    0.2275498186   44.4028034316
mock_SNLS3    1.1400000000   44.7367699461    0.2563077795   44.4491085895
mock_SNLS3    1.2300000000   44.4432312905    0.3403776935   44.6550557866
mock_SNLS3    1.2650000000   45.0127988524    0.3207540815   44.7284200161
mock_SNLS3    1.3000000000   44.7804453511    0.2173689486   44.8017842456
mock_SNLS3    1.3400000000   44.7245742136    0.3095955456   44.8856290792
mock_SNLS3    1.3900000000   45.4497190272    0.3818482086   44.9816046924
