mock_SNLS3    0.0102900000   33.4438592175    0.2392021718   33.2360482106
mock_SNLS3    0.0100600000   33.2943861767    0.2038462576   33.1857400604
mock_SNLS3    0.0105500000   33.1849694669    0.2247672773   33.2920407277
mock_SNLS3    0.0111300000   33.2326129632    0.2600517089   33.4070319860
mock_SNLS3    0.0109000000   33.4044904021    0.2483400631   33.3614320043
mock_SNLS3    0.0123100000   33.5460358005    0.2690172095   33.6278338265
mock_SNLS3    0.0133400000   33.8844717855    0.1631419281   33.8040230817
mock_SNLS3    0.0142600000   33.9310693734    0.1718320810   33.9521230284
mock_SNLS3    0.0145700000   33.8638675868    0.2001140760   33.9979151294
mock_SNLS3    0.0144300000   33.5646805298    0.2533431510   33.9772348257
mock_SNLS3    0.0136600000   33.9766790858    0.1774125227   33.8561596771
mock_SNLS3    0.0147000000   34.0662178543    0.1553097281   34.0171182685
mock_SNLS3    0.0135400000   33.6533626105    0.2016231686   33.8366084538
mock_SNLS3    0.0155700000   33.9499626997    0.1832562968   34.1456315842
mock_SNLS3    0.0138000000   33.8281777047    0.1670350867   33.8789694376
mock_SNLS3    0.0141500000   34.1475674722    0.1844222756   33.9358742183
mock_SNLS3    0.0151500000   34.0429499874    0.2161279369   34.0835906732
mock_SNLS3    0.0144600000   34.1281287126    0.2117137736   33.9816663193
mock_SNLS3    0.0157800000   34.0991882537    0.1811875004   34.1743705991
mock_SNLS3    0.0149700000   33.6375941574    0.2031400064   34.0570017113
mock_SNLS3    0.0147100000   33.9542288108    0.1815063111   34.0185954330
mock_SNLS3    0.0155500000   34.0719404341    0.1648519832   34.1426772551
mock_SNLS3    0.0154900000   34.1925036582    0.2023835662   34.1338142678
mock_SNLS3    0.0155000000   34.1494480605    0.2045791019   34.1352914323
mock_SNLS3    0.0154800000   34.2929250493    0.1708520074   34.1323371032
mock_SNLS3    0.0156400000   33.8842872630    0.2245165669   34.1556190484
mock_SNLS3    0.0155000000   34.1109872060    0.1928256776   34.1352914323
mock_SNLS3    0.0160100000   34.0190207068    0.1664997765   34.2051767182
mock_SNLS3    0.0169700000   33.9576803769    0.1860211472   34.3337587804
mock_SNLS3    0.0173700000   34.4215174745    0.1811734409   34.3857116160
mock_SNLS3    0.0170600000   34.3197397559    0.3060537814   34.3458133487
mock_SNLS3    0.0175000000   34.2161307846    0.1672549134   34.4015015706
mock_SNLS3    0.0174500000   34.3874238497    0.2602534234   34.3954285111
mock_SNLS3    0.0176800000   34.8296526678    0.2139027322   34.4233645848
mock_SNLS3    0.0185800000   34.2545218330    0.1673724966   34.5326796555
mock_SNLS3    0.0189200000   34.5948387258    0.1654484386   34.5739764600
mock_SNLS3    0.0195800000   34.6008494922    0.1466265285   34.6479774707
mock_SNLS3    0.0203700000   34.7828238394    0.1618442939   34.7350027594
mock_SNLS3    0.0209800000   34.4594671299    0.1703287545   34.8021995013
mock_SNLS3    0.0208000000   34.5602827937    0.1512766231   34.7823709545
mock_SNLS3    0.0204100000   34.7016070664    0.2275095773   34.7394091031
mock_SNLS3    0.0216800000   35.1068341205    0.1782887519   34.8725157144
mock_SNLS3    0.0215700000   34.6737203270    0.1811769763   34.8615244179
mock_SNLS3    0.0220500000   35.0262482784    0.1789844056   34.9094864393
mock_SNLS3    0.0219500000   34.6461621361    0.1529084099   34.8994943515
mock_SNLS3    0.0224800000   34.7884004324    0.1652706613   34.9524524168
mock_SNLS3    0.0233000000   35.1881194173    0.2134514283   35.0334990968
mock_SNLS3    0.0229800000   35.0307886316    0.1581381327   35.0024128557
mock_SNLS3    0.0224200000   34.9560881321    0.4345441635   34.9464571641
mock_SNLS3    0.0230300000   35.1687681603    0.2170209503   35.0074088996
mock_SNLS3    0.0245800000   34.9688210359    0.2154530054   35.1495279028
mock_SNLS3    0.0234500000   34.8747490308    0.2065376579   35.0470962225
mock_SNLS3    0.0249300000   35.3088223449    0.2374835895   35.1812545295
mock_SNLS3    0.0235500000   34.9363096942    0.1545282450   35.0561609730
mock_SNLS3    0.0237900000   35.1505149431    0.1468268198   35.0779163741
mock_SNLS3    0.0233500000   35.0703191425    0.1559428293   35.0380314720
mock_SNLS3    0.0238900000   35.0900884684    0.1736990142   35.0869811246
mock_SNLS3    0.0241800000   35.1857897386    0.1554748813   35.1132689009
mock_SNLS3    0.0238900000   34.8465404836    0.3686019192   35.0869811246
mock_SNLS3    0.0247300000   34.9829769110    0.1655314393   35.1631250285
mock_SNLS3    0.0247200000   35.1090653451    0.1529392289   35.1622185535
mock_SNLS3    0.0251700000   35.3505933676    0.5115747543   35.2030099306
mock_SNLS3    0.0265500000   35.4157656160    0.1629858898   35.3202902747
mock_SNLS3    0.0276100000   35.7101428892    0.3774390537   35.4074725626
mock_SNLS3    0.0254900000   35.1296636247    0.1787117840   35.2320171321
mock_SNLS3    0.0268700000   35.2112234235    0.1868632473   35.3466094560
mock_SNLS3    0.0274100000   35.3227663110    0.2041062679   35.3910230744
mock_SNLS3    0.0267000000   35.1870425323    0.1772040826   35.3326273910
mock_SNLS3    0.0270700000   35.1931137554    0.1413531301   35.3630589443
mock_SNLS3    0.0276700000   35.2766810049    0.1639896987   35.4124074091
mock_SNLS3    0.0277400000   35.1640004694    0.1622582123   35.4181647300
mock_SNLS3    0.0285600000   35.5610120024    0.1722820702   35.4835304203
mock_SNLS3    0.0291000000   35.4847032642    0.1567357913   35.5238350652
mock_SNLS3    0.0303500000   35.3580263924    0.1638074122   35.6171328543
mock_SNLS3    0.0307100000   35.7389512509    0.1585186791   35.6440026176
mock_SNLS3    0.0295100000   35.3668789603    0.1516666245   35.5544367400
mock_SNLS3    0.0304100000   35.6079460894    0.1902725081   35.6216111482
mock_SNLS3    0.0303200000   35.5206593815    0.1546395262   35.6148937074
mock_SNLS3    0.0305200000   35.4595254537    0.1828255214   35.6298213537
mock_SNLS3    0.0314700000   35.7024174673    0.1368601129   35.6990859515
mock_SNLS3    0.0325100000   35.9021381657    0.1974833239   35.7695409969
mock_SNLS3    0.0316200000   35.9096138848    0.1484733094   35.7092477369
mock_SNLS3    0.0317600000   35.7365039758    0.1417794998   35.7187320699
mock_SNLS3    0.0332300000   35.7922518740    0.1528406605   35.8183175667
mock_SNLS3    0.0314700000   35.5817854765    0.1967488335   35.6990859515
mock_SNLS3    0.0331500000   36.0320423319    0.2219814763   35.8128979478
mock_SNLS3    0.0341100000   35.9880742900    0.1409267600   35.8779333743
mock_SNLS3    0.0350000000   35.6929594808    0.2120022009   35.9349995730
mock_SNLS3    0.0336500000   35.9513023312    0.1525842665   35.8467705658
mock_SNLS3    0.0348100000   35.7528387363    0.1908454898   35.9233144226
mock_SNLS3    0.0357300000   35.5566528332    0.3768560897   35.9798951509
mock_SNLS3    0.0350100000   35.9484411084    0.2011267163   35.9356145810
mock_SNLS3    0.0348900000   36.0191527404    0.1652758133   35.9282344860
mock_SNLS3    0.0369300000   35.8974619994    0.1570816892   36.0536961008
mock_SNLS3    0.0370100000   36.0370390907    0.1721020635   36.0586161641
mock_SNLS3    0.0371100000   36.0855333620    0.1466527695   36.0647662433
mock_SNLS3    0.0390500000   35.9077533172    0.1776858442   36.1785511583
mock_SNLS3    0.0381200000   36.1348051354    0.1484012077   36.1266166009
mock_SNLS3    0.0392200000   36.4837223092    0.1516245567   36.1880445721
mock_SNLS3    0.0402600000   36.2112226845    0.1570427971   36.2461219267
mock_SNLS3    0.0407200000   36.4619432243    0.1793962213   36.2718099873
mock_SNLS3    0.0424300000   36.1893090310    0.1942424022   36.3652865734
mock_SNLS3    0.0418600000   36.2939735075    0.1921432814   36.3354717029
mock_SNLS3    0.0467400000   36.5837995447    0.1601571920   36.5823628579
mock_SNLS3    0.0449700000   36.6205317236    0.1502436417   36.4941107645
mock_SNLS3    0.0492800000   36.7846521715    0.1847970888   36.6993913750
mock_SNLS3    0.0490400000   36.8728564921    0.1572220903   36.6883335624
mock_SNLS3    0.0495300000   36.6913765358    0.1700664899   36.7109099299
mock_SNLS3    0.0530900000   37.1016444452    0.1929160350   36.8671689841
mock_SNLS3    0.0549200000   37.2723205966    0.1780114436   36.9437840509
mock_SNLS3    0.0536700000   36.7632640352    0.1611929121   36.8914513550
mock_SNLS3    0.0594200000   36.9925237408    0.1872076409   37.1213497419
mock_SNLS3    0.0584800000   37.2004056158    0.1537525355   37.0855801828
mock_SNLS3    0.0630000000   37.0464115020    0.1429303546   37.2557457041
mock_SNLS3    0.0633700000   37.2039547348    0.1863517560   37.2685464177
mock_SNLS3    0.0651300000   37.5330810970    0.1638620075   37.3294362989
mock_SNLS3    0.0629700000   37.2431293333    0.1790296174   37.2547078084
mock_SNLS3    0.0650000000   37.2294617561    0.1643816444   37.3249387509
mock_SNLS3    0.0670000000   37.2798466885    0.1406160905   37.3941317977
mock_SNLS3    0.0690500000   37.3692014578    0.1692446594   37.4648137802
mock_SNLS3    0.0700900000   37.3417168166    0.1948970582   37.4975360025
mock_SNLS3    0.0679300000   36.9177386663    0.3905943871   37.4263065645
mock_SNLS3    0.0746100000   37.8146575363    0.2818728317   37.6397518146
mock_SNLS3    0.0752900000   37.6012785021    0.1801470206   37.6611471138
mock_SNLS3    0.0782300000   37.9422524761    0.1922181981   37.7477527747
mock_SNLS3    0.0788800000   37.7191483879    0.1817550458   37.7663580389
mock_SNLS3    0.0801000000   37.8296991639    0.1439242971   37.8012786887
mock_SNLS3    0.0870000000   37.9174856598    0.1493869247   37.9912645319
mock_SNLS3    0.0870000000   38.1792849924    0.1363523169   37.9912645319
mock_SNLS3    0.0900000000   37.9079856106    0.2408862623   38.0694089253
mock_SNLS3    0.0950000000   38.3391356412    0.1397129451   38.1945922400
mock_SNLS3    0.1040000000   38.5800119146    0.1559566704   38.4048241989
mock_SNLS3    0.1080000000   38.6609329933    0.2564925334   38.4911982259
mock_SNLS3    0.1100000000   38.4908153315    0.1384035910   38.5343852394
mock_SNLS3    0.1160000000   38.6524308479    0.1330023511   38.6585047459
mock_SNLS3    0.1170000000   38.6443751590    0.1174009706   38.6781754525
mock_SNLS3    0.1180000000   38.7691852522    0.1514013300   38.6978461590
mock_SNLS3    0.1190000000   38.7747630386    0.1472718936   38.7175168656
mock_SNLS3    0.1210000000   38.9374715811    0.1160628335   38.7568582787
mock_SNLS3    0.1240000000   38.8727920247    0.1443648549   38.8158703983
mock_SNLS3    0.1242000000   38.6782682940    0.1059592569   38.8198045397
mock_SNLS3    0.1250000000   38.8608894871    0.1206891454   38.8354565129
mock_SNLS3    0.1270000000   39.0546310482    0.1390873538   38.8713070570
mock_SNLS3    0.1280000000   38.7906871256    0.1456620273   38.8892323291
mock_SNLS3    0.1300000000   39.0527188261    0.1474126372   38.9250828731
mock_SNLS3    0.1300000000   38.9356028786    0.1531031875   38.9250828731
mock_SNLS3    0.1430000000   39.1768148119    0.1288021866   39.1501221028
mock_SNLS3    0.1430000000   39.3254751183    0.1449645487   39.1501221028
mock_SNLS3    0.1450000000   39.3776235322    0.1547918280   39.1828025445
mock_SNLS3    0.1460000000   39.3022908597    0.1329023682   39.1991427654
mock_SNLS3    0.1470000000   38.9551922296    0.1479900362   39.2154829863
mock_SNLS3    0.1470000000   39.2470338303    0.1453598858   39.2154829863
mock_SNLS3    0.1480000000   39.2633082045    0.1357418710   39.2318232071
mock_SNLS3    0.1530000000   39.1538797355    0.1306389327   39.3125477363
mock_SNLS3    0.1560000000   39.3272507010    0.1504062294   39.3572482453
mock_SNLS3    0.1620000000   39.2655061574    0.1723768936   39.4466492633
mock_SNLS3    0.1650000000   39.6603074867    0.1491622261   39.4913497724
mock_SNLS3    0.1692000000   39.4833509595    0.1103428718   39.5525943871
mock_SNLS3    0.1720000000   39.5026996741    0.1434129152   39.5906497186
mock_SNLS3    0.1740000000   39.5974257422    0.1363536866   39.6178320983
mock_SNLS3    0.1750000000   39.7187988347    0.1425220448   39.6314232881
mock_SNLS3    0.1790000000   39.7132006385    0.1751490890   39.6857880474
mock_SNLS3    0.1810000000   39.9139406445    0.1681560511   39.7129704270
mock_SNLS3    0.1810000000   39.7764325465    0.2283177444   39.7129704270
mock_SNLS3    0.1830000000   40.0231796791    0.1613606366   39.7401528066
mock_SNLS3    0.1840000000   39.6999713001    0.1080958028   39.7537439965
mock_SNLS3    0.1840000000   39.9839206113    0.2111032835   39.7537439965
mock_SNLS3    0.1850000000   39.6777845186    0.1833155340   39.7673351863
mock_SNLS3    0.1870000000   39.8522478168    0.1368841489   39.7929550750
mock_SNLS3    0.1900000000   39.9291298644    0.1410859698   39.8301570883
mock_SNLS3    0.1910000000   40.1199507426    0.1694319423   39.8425577594
mock_SNLS3    0.1930000000   40.1505489809    0.1979382405   39.8673591015
mock_SNLS3    0.1980000000   39.9508911512    0.1525290709   39.9293624570
mock_SNLS3    0.2020000000   39.9133992846    0.1444905900   39.9789651414
mock_SNLS3    0.2040000000   40.2312305107    0.1548739860   40.0037664836
mock_SNLS3    0.2060000000   39.8288891196    0.1774812815   40.0275044280
mock_SNLS3    0.2110000000   40.1753393712    0.1111118587   40.0840904595
mock_SNLS3    0.2120000000   40.2755489442    0.1459935692   40.0954076658
mock_SNLS3    0.2130000000   40.1399888647    0.1345366932   40.1067248720
mock_SNLS3    0.2140000000   40.1469688237    0.1744015843   40.1180420783
mock_SNLS3    0.2170000000   40.1501670596    0.1942416335   40.1519936972
mock_SNLS3    0.2180000000   40.1468454319    0.1754087707   40.1633109035
mock_SNLS3    0.2190000000   40.1719711477    0.1082111927   40.1746281097
mock_SNLS3    0.2190000000   40.1546025971    0.1520707147   40.1746281097
mock_SNLS3    0.2200000000   40.1028154976    0.1355928013   40.1859453160
mock_SNLS3    0.2300000000   40.2574654784    0.1551212822   40.2955276050
mock_SNLS3    0.2440000000   40.4226108077    0.1861542990   40.4401543293
mock_SNLS3    0.2450000000   40.5498968403    0.1678269234   40.4504848096
mock_SNLS3    0.2460000000   40.4408811008    0.1098608053   40.4608152899
mock_SNLS3    0.2500000000   40.7965470025    0.1644553014   40.5020718311
mock_SNLS3    0.2501000000   40.5232757375    0.1184247195   40.5030149485
mock_SNLS3    0.2510000000   40.5142333358    0.1642260512   40.5115030053
mock_SNLS3    0.2520000000   40.7348228955    0.2422353507   40.5209341796
mock_SNLS3    0.2530000000   40.5838690008    0.1324998500   40.5303653539
mock_SNLS3    0.2540000000   40.7329315701    0.1785719599   40.5397965281
mock_SNLS3    0.2570000000   40.8286146764    0.1974374851   40.5680900509
mock_SNLS3    0.2580000000   40.5798689204    0.2268749305   40.5775212252
mock_SNLS3    0.2590000000   40.8023326624    0.1849877607   40.5869523994
mock_SNLS3    0.2590000000   40.7411778153    0.1779377717   40.5869523994
mock_SNLS3    0.2590000000   40.7084509077    0.1836744828   40.5869523994
mock_SNLS3    0.2620000000   40.6506555524    0.1799395629   40.6152459222
mock_SNLS3    0.2620000000   40.6093796931    0.1911175243   40.6152459222
mock_SNLS3    0.2630000000   40.4812892787    0.1368474020   40.6246770965
mock_SNLS3    0.2631000000   40.5275712362    0.1500321863   40.6256202139
mock_SNLS3    0.2650000000   40.4887530500    0.2235499112   40.6435394450
mock_SNLS3    0.2650000000   40.5853433998    0.1823257069   40.6435394450
mock_SNLS3    0.2670000000   40.6205755005    0.1537048710   40.6624017935
mock_SNLS3    0.2680000000   40.6391065972    0.1084896831   40.6718329678
mock_SNLS3    0.2700000000   40.7004588733    0.1334895988   40.6906953163
mock_SNLS3    0.2720000000   40.8029308104    0.1852353724   40.7095576649
mock_SNLS3    0.2800000000   40.9455061153    0.1648129083   40.7816815289
mock_SNLS3    0.2821000000   40.7682924562    0.1029404464   40.7997643760
mock_SNLS3    0.2847000000   40.8969288443    0.1380265647   40.8221526630
mock_SNLS3    0.2880000000   40.9876338917    0.1876985252   40.8505685657
mock_SNLS3    0.2900000000   40.7959147169    0.1815939907   40.8677903249
mock_SNLS3    0.2912000000   40.7575798087    0.1482308046   40.8781233804
mock_SNLS3    0.2940000000   40.8193724852    0.1937975486   40.9022338433
mock_SNLS3    0.3000000000   40.8302879788    0.2574492481   40.9538991209
mock_SNLS3    0.3027000000   40.9799534216    0.1021873362   40.9771484958
mock_SNLS3    0.3030000000   40.6713311197    0.4968612793   40.9797317596
mock_SNLS3    0.3100000000   41.0394806768    0.2529078790   41.0360189029
mock_SNLS3    0.3110000000   41.0882441672    0.1957517310   41.0438809208
mock_SNLS3    0.3110000000   41.3162621718    0.1612645434   41.0438809208
mock_SNLS3    0.3140000000   41.0829946642    0.2005802304   41.0674669747
mock_SNLS3    0.3220000000   41.1866133014    0.1657102631   41.1303631182
mock_SNLS3    0.3230000000   41.2286438286    0.1112926568   41.1382251361
mock_SNLS3    0.3280000000   41.3586386280    0.1743506786   41.1775352259
mock_SNLS3    0.3320000000   41.1564323933    0.1269035107   41.2089832976
mock_SNLS3    0.3373000000   41.1602404680    0.1037185689   41.2500301353
mock_SNLS3    0.3400000000   41.1234732836    0.1978396780   41.2694101228
mock_SNLS3    0.3402000000   41.1647986506    0.1007661192   41.2708456775
mock_SNLS3    0.3470000000   41.2949301681    0.1155112358   41.3196545349
mock_SNLS3    0.3480000000   41.5017018246    0.1199175147   41.3268323080
mock_SNLS3    0.3480000000   41.0506854661    0.1233571552   41.3268323080
mock_SNLS3    0.3500000000   40.9186758142    0.2216261827   41.3411878543
mock_SNLS3    0.3500000000   41.1787284445    0.1340711553   41.3411878543
mock_SNLS3    0.3537000000   41.2771717451    0.1051047167   41.3677456150
mock_SNLS3    0.3553000000   41.4206080980    0.1219309604   41.3792300520
mock_SNLS3    0.3570000000   41.4098074328    0.1283597217   41.3914322664
mock_SNLS3    0.3578000000   41.3957775390    0.1020741736   41.3971744849
mock_SNLS3    0.3688000000   41.4960949491    0.0955848078   41.4761299896
mock_SNLS3    0.3690000000   41.2176633986    0.1274488071   41.4775655442
mock_SNLS3    0.3700000000   41.4162669159    0.1179065971   41.4847433174
mock_SNLS3    0.3709000000   41.5860347085    0.1359188577   41.4912033132
mock_SNLS3    0.3720000000   41.4663328274    0.1009685078   41.4987303688
mock_SNLS3    0.3730000000   41.4693796237    0.0955172212   41.5052823919
mock_SNLS3    0.3750000000   41.5414432258    0.1289422392   41.5183864380
mock_SNLS3    0.3810000000   41.6100771317    0.1800975103   41.5576985766
mock_SNLS3    0.3930000000   40.8476165021    0.3371202770   41.6363228537
mock_SNLS3    0.3950000000   41.4559342403    0.1941410250   41.6494268999
mock_SNLS3    0.4020000000   41.8285574196    0.1150655882   41.6952910615
mock_SNLS3    0.4040000000   41.6591579411    0.1031478900   41.7083951077
mock_SNLS3    0.4067000000   41.7359070915    0.1075570354   41.7260855700
mock_SNLS3    0.4110000000   41.6863514720    0.1109056126   41.7537305144
mock_SNLS3    0.4150000000   41.7239197575    0.1246025167   41.7776476491
mock_SNLS3    0.4170000000   42.0905174738    0.1080461836   41.7896062165
mock_SNLS3    0.4190000000   41.8022903068    0.1156551619   41.8015647838
mock_SNLS3    0.4240000000   41.9610105561    0.1214977648   41.8314612022
mock_SNLS3    0.4270000000   41.6521663809    0.1285189001   41.8493990532
mock_SNLS3    0.4355000000   41.8346376959    0.1714723286   41.9002229644
mock_SNLS3    0.4370000000   42.0189196685    0.1164251332   41.9091918899
mock_SNLS3    0.4420000000   41.8327868937    0.1475045730   41.9390883083
mock_SNLS3    0.4422000000   42.0329649944    0.1184617901   41.9402841650
mock_SNLS3    0.4490000000   41.9822408114    0.1576672782   41.9809432940
mock_SNLS3    0.4500000000   41.9692032427    0.1703626173   41.9869225777
mock_SNLS3    0.4510000000   42.0162950413    0.1363278419   41.9929018613
mock_SNLS3    0.4607000000   41.7901221157    0.1563369186   42.0467394270
mock_SNLS3    0.4610000000   42.0777616558    0.1120162485   42.0483758232
mock_SNLS3    0.4680000000   41.8083094265    0.1787724530   42.0865584026
mock_SNLS3    0.4700000000   42.2726778457    0.1741161829   42.0974677110
mock_SNLS3    0.4700000000   41.9365603544    0.1282526744   42.0974677110
mock_SNLS3    0.4700000000   42.2698543815    0.2046414226   42.0974677110
mock_SNLS3    0.4720000000   42.0674617616    0.1494328899   42.1083770194
mock_SNLS3    0.4740000000   42.0416786417    0.1069852373   42.1192863278
mock_SNLS3    0.4790000000   42.3370208846    0.1300508100   42.1465595989
mock_SNLS3    0.4800000000   42.4428507496    0.1269065760   42.1520142531
mock_SNLS3    0.4900000000   42.1319033301    0.1291698670   42.2065607951
mock_SNLS3    0.4960000000   42.2867206057    0.1523609258   42.2392887203
mock_SNLS3    0.4990000000   42.1959714820    0.1282278033   42.2556526829
mock_SNLS3    0.4990000000   42.0954038208    0.1549461238   42.2556526829
mock_SNLS3    0.5043000000   42.1008931863    0.1315114654   42.2824479112
mock_SNLS3    0.5090000000   42.6181467883    0.1340796341   42.3058246081
mock_SNLS3    0.5100000000   42.1511872551    0.1863384795   42.3107983734
mock_SNLS3    0.5130000000   42.2390059278    0.1577973354   42.3257196693
mock_SNLS3    0.5150000000   42.5361052437    0.1438402786   42.3356672000
mock_SNLS3    0.5150000000   42.3165120385    0.2272978720   42.3356672000
mock_SNLS3    0.5160000000   42.3436133369    0.1450838394   42.3406409653
mock_SNLS3    0.5190000000   42.3057506928    0.2265225591   42.3555622612
mock_SNLS3    0.5216000000   42.2753001350    0.1751568574   42.3684940510
mock_SNLS3    0.5310000000   42.2280517531    0.1553896981   42.4152474449
mock_SNLS3    0.5320000000   42.4846546200    0.1788916775   42.4202212102
mock_SNLS3    0.5344000000   42.3613517300    0.1336812853   42.4321582469
mock_SNLS3    0.5360000000   42.6122793343    0.1804904913   42.4401162714
mock_SNLS3    0.5370000000   42.2222949604    0.1941428312   42.4450900367
mock_SNLS3    0.5500000000   42.4286569369    0.1824493899   42.5097489857
mock_SNLS3    0.5516000000   42.2732122752    0.1501746194   42.5177070102
mock_SNLS3    0.5520000000   42.6152294796    0.1796412199   42.5196724236
mock_SNLS3    0.5520000000   42.5367432737    0.1702421226   42.5196724236
mock_SNLS3    0.5590000000   42.6012191433    0.1588337179   42.5514015414
mock_SNLS3    0.5600000000   42.6420970207    0.1478372599   42.5559342726
mock_SNLS3    0.5600000000   42.4310913116    0.1721334723   42.5559342726
mock_SNLS3    0.5635000000   42.5813566060    0.1459960727   42.5717988315
mock_SNLS3    0.5660000000   42.5402289308    0.1764224285   42.5831306593
mock_SNLS3    0.5710000000   42.8703211671    1.2217624139   42.6057943149
mock_SNLS3    0.5740000000   42.9389036962    0.1695551007   42.6193925083
mock_SNLS3    0.5755000000   42.6172781287    0.1675736159   42.6261916050
mock_SNLS3    0.5794000000   42.7682555126    0.1296159123   42.6438692563
mock_SNLS3    0.5800000000   42.5333234383    0.1960251968   42.6465888950
mock_SNLS3    0.5800000000   42.3414710975    0.1683553447   42.6465888950
mock_SNLS3    0.5800000000   42.7094106616    0.1432251801   42.6465888950
mock_SNLS3    0.5817000000   42.5394937926    0.1647996235   42.6542945379
mock_SNLS3    0.5842000000   42.7363942484    0.1498286815   42.6656263657
mock_SNLS3    0.5845000000   42.6727382249    0.1514951854   42.6669861851
mock_SNLS3    0.5850000000   42.3946868382    0.1757450243   42.6692525506
mock_SNLS3    0.5850000000   42.7749868353    0.1717993437   42.6692525506
mock_SNLS3    0.5870000000   42.7379670996    0.1846528668   42.6783180129
mock_SNLS3    0.5890000000   43.0019360971    0.1631368701   42.6873834751
mock_SNLS3    0.5900000000   42.5195321223    0.1668477566   42.6919162062
mock_SNLS3    0.5900000000   42.7186025326    0.1829161393   42.6919162062
mock_SNLS3    0.5920000000   42.5288066480    0.1945411232   42.7009816685
mock_SNLS3    0.6000000000   43.1408957116    0.2337654113   42.7372435175
mock_SNLS3    0.6050000000   42.7191460997    0.1616053044   42.7599071731
mock_SNLS3    0.6075000000   43.0420611100    0.2691258075   42.7712390009
mock_SNLS3    0.6100000000   42.7813669950    0.1778327274   42.7823302921
mock_SNLS3    0.6100000000   42.8202187378    0.1856604002   42.7823302921
mock_SNLS3    0.6120000000   42.4290654464    0.1667019391   42.7905864970
mock_SNLS3    0.6130000000   43.2520811269    0.2182802392   42.7947145994
mock_SNLS3    0.6165000000   43.0132781513    0.2287037349   42.8091629580
mock_SNLS3    0.6200000000   42.5205835828    0.2333963234   42.8236113166
mock_SNLS3    0.6200000000   42.5833001179    0.2848384267   42.8236113166
mock_SNLS3    0.6268000000   42.9899926689    0.1742753383   42.8516824132
mock_SNLS3    0.6290000000   42.7770985414    0.2043301997   42.8607642386
mock_SNLS3    0.6300000000   43.1461161009    0.3728341792   42.8648923411
mock_SNLS3    0.6320000000   42.8905733950    0.1963558063   42.8731485459
mock_SNLS3    0.6340000000   42.9074234565    0.2348226732   42.8814047508
mock_SNLS3    0.6390000000   42.5597239532    0.2956487488   42.9020452631
mock_SNLS3    0.6396000000   42.5654525236    0.2199248137   42.9045221245
mock_SNLS3    0.6400000000   43.0245185560    0.3721730351   42.9061733655
mock_SNLS3    0.6430000000   42.8837881218    0.2043991430   42.9185576729
mock_SNLS3    0.6430000000   43.0537599565    0.2268375167   42.9185576729
mock_SNLS3    0.6473000000   42.7523829352    0.1946817430   42.9363085134
mock_SNLS3    0.6477000000   42.8092847799    0.1814953647   42.9379597544
mock_SNLS3    0.6634000000   42.8868654941    0.1964447679   43.0027709628
mock_SNLS3    0.6637000000   42.8223073667    0.2343702023   43.0040093935
mock_SNLS3    0.6700000000   43.3572480818    0.3362717730   43.0300164390
mock_SNLS3    0.6790000000   43.1446127836    0.2056357343   43.0648850782
mock_SNLS3    0.6800000000   43.2792658858    0.2332340113   43.0686418986
mock_SNLS3    0.6830000000   43.5454781510    0.2703936530   43.0799123595
mock_SNLS3    0.6870000000   43.0641966487    0.2779660565   43.0949396408
mock_SNLS3    0.6900000000   43.4900870817    0.3231299505   43.1062101018
mock_SNLS3    0.6900000000   43.1829088582    0.2004504602   43.1062101018
mock_SNLS3    0.6950000000   43.2462771276    0.3134215697   43.1249942034
mock_SNLS3    0.6980000000   42.9951828008    0.2324833700   43.1362646644
mock_SNLS3    0.6990000000   42.8507812051    0.2315853422   43.1400214847
mock_SNLS3    0.7000000000   42.9816251477    0.3002070565   43.1437783051
mock_SNLS3    0.7000000000   43.0080067315    0.2613950540   43.1437783051
mock_SNLS3    0.7002000000   43.3975899701    0.1816944753   43.1445296691
mock_SNLS3    0.7010000000   42.8602737036    0.3125115457   43.1475351254
mock_SNLS3    0.7010000000   43.0982816488    0.1985048734   43.1475351254
mock_SNLS3    0.7020000000   42.9703587721    0.1869600512   43.1512919457
mock_SNLS3    0.7027000000   43.3696272681    0.2660333126   43.1539217199
mock_SNLS3    0.7150000000   43.4874131621    0.2134079012   43.2001306099
mock_SNLS3    0.7180000000   43.3527759094    0.2193402721   43.2114010709
mock_SNLS3    0.7200000000   43.3392533258    0.2676281763   43.2189147115
mock_SNLS3    0.7210000000   43.4022179751    0.2241364003   43.2226715319
mock_SNLS3    0.7220000000   43.2313066713    0.2077119111   43.2264283522
mock_SNLS3    0.7255000000   43.2465928324    0.1957452726   43.2395772233
mock_SNLS3    0.7270000000   42.9052262607    0.3204871126   43.2452124538
mock_SNLS3    0.7320000000   42.8422218891    0.3317397266   43.2639965554
mock_SNLS3    0.7320000000   43.5282307334    0.2368078159   43.2639965554
mock_SNLS3    0.7330000000   43.2577859083    0.3163256432   43.2677533758
mock_SNLS3    0.7340000000   43.4128573225    0.2471129074   43.2715101961
mock_SNLS3    0.7350000000   43.0355265708    0.2466070229   43.2752670164
mock_SNLS3    0.7360000000   43.2030754135    0.2234804466   43.2790238367
mock_SNLS3    0.7370000000   43.1771133976    0.2094404877   43.2827806571
mock_SNLS3    0.7400000000   43.0426116179    0.4223366974   43.2940511180
mock_SNLS3    0.7420000000   43.2853628866    0.2146017865   43.3015647587
mock_SNLS3    0.7441000000   43.3324337716    0.1911644016   43.3090433432
mock_SNLS3    0.7450000000   43.3373107892    0.1942710990   43.3121178973
mock_SNLS3    0.7500000000   43.5950083150    0.2152261359   43.3291987533
mock_SNLS3    0.7510000000   43.4745779447    0.2434654067   43.3326149245
mock_SNLS3    0.7560000000   43.4768551239    0.4281592154   43.3496957806
mock_SNLS3    0.7570000000   43.3521530015    0.1915791691   43.3531119518
mock_SNLS3    0.7600000000   43.3418710270    0.1831366881   43.3633604654
mock_SNLS3    0.7600000000   43.4332545175    0.3043525282   43.3633604654
mock_SNLS3    0.7630000000   43.5571989638    0.2147493631   43.3736089790
mock_SNLS3    0.7630000000   43.5705790188    0.1823370765   43.3736089790
mock_SNLS3    0.7660000000   43.6535736982    0.2224901022   43.3838574926
mock_SNLS3    0.7670000000   43.5834255116    0.1878143209   43.3872736638
mock_SNLS3    0.7677000000   42.9212036972    0.2086099994   43.3896649837
mock_SNLS3    0.7690000000   42.9669831783    0.4107184651   43.3941060062
mock_SNLS3    0.7700000000   43.6431325171    0.2585345052   43.3975221774
mock_SNLS3    0.7750000000   43.2672368379    0.2443910484   43.4146030335
mock_SNLS3    0.7780000000   43.6219863366    0.3440267143   43.4248515471
mock_SNLS3    0.7900000000   43.5639933427    0.2866136162   43.4658456015
mock_SNLS3    0.7910000000   43.5516917210    0.2296226572   43.4692617727
mock_SNLS3    0.7980000000   43.9061860601    0.3115740293   43.4931749712
mock_SNLS3    0.8000000000   43.8298990475    0.3943277492   43.5000073136
mock_SNLS3    0.8000000000   43.4849552769    0.2355740626   43.5000073136
mock_SNLS3    0.8050000000   43.3654527615    0.2301235478   43.5170881696
mock_SNLS3    0.8050000000   43.9920816630    0.2617725617   43.5170881696
mock_SNLS3    0.8080000000   43.7577511624    0.2649754426   43.5273366832
mock_SNLS3    0.8100000000   43.6724497275    0.2554685052   43.5341690256
mock_SNLS3    0.8100000000   43.4293292107    0.2801500136   43.5341690256
mock_SNLS3    0.8110000000   43.6399572407    0.2308952695   43.5375851968
mock_SNLS3    0.8130000000   43.5179722410    0.2198633515   43.5444175393
mock_SNLS3    0.8170000000   43.4900204844    0.2228567234   43.5580822241
mock_SNLS3    0.8200000000   43.6450497297    0.2633473023   43.5683307377
mock_SNLS3    0.8218000000   43.2779891188    0.2243721282   43.5739903038
mock_SNLS3    0.8300000000   43.7601825726    0.2331053785   43.5994409897
mock_SNLS3    0.8300000000   43.2791057988    0.4018720805   43.5994409897
mock_SNLS3    0.8360000000   43.4998935519    0.2721723103   43.6180634427
mock_SNLS3    0.8390000000   43.6685861447    0.2116385638   43.6273746692
mock_SNLS3    0.8390000000   43.6977988078    0.2605007622   43.6273746692
mock_SNLS3    0.8400000000   43.6712045216    0.2720909754   43.6304784114
mock_SNLS3    0.8420000000   44.0912418334    0.2556434510   43.6366858958
mock_SNLS3    0.8420000000   44.4186446273    0.3219582886   43.6366858958
mock_SNLS3    0.8500000000   43.7395276385    0.2210552589   43.6615158332
mock_SNLS3    0.8500000000   43.6131770827    0.2606310683   43.6615158332
mock_SNLS3    0.8500000000   43.7621067490    0.2271651520   43.6615158332
mock_SNLS3    0.8550000000   43.7812138457    0.2397280941   43.6770345441
mock_SNLS3    0.8600000000   44.2124006297    0.2627361654   43.6925532549
mock_SNLS3    0.8600000000   43.9168648003    0.3356343655   43.6925532549
mock_SNLS3    0.8600000000   43.8819258002    0.3268296522   43.6925532549
mock_SNLS3    0.8650000000   43.3319367848    0.3758343239   43.7080719658
mock_SNLS3    0.8660000000   43.8701205261    0.2493112998   43.7111757080
mock_SNLS3    0.8660000000   44.0850282699    0.2395322971   43.7111757080
mock_SNLS3    0.8680000000   44.1152046488    0.2478843540   43.7173831924
mock_SNLS3    0.8700000000   43.3966443929    0.3674547827   43.7235906767
mock_SNLS3    0.8800000000   43.7312122418    0.2242482860   43.7546280985
mock_SNLS3    0.8900000000   43.4584961664    0.2525952506   43.7856655202
mock_SNLS3    0.8910000000   43.9404876358    0.2370316300   43.7887692624
mock_SNLS3    0.8990000000   43.6976133934    0.2483241180   43.8135991998
mock_SNLS3    0.9010000000   43.9388279982    0.2387199411   43.8198066842
mock_SNLS3    0.9100000000   43.7572028814    0.2714215781   43.8464870367
mock_SNLS3    0.9150000000   43.7242298087    0.2367148606   43.8605739245
mock_SNLS3    0.9200000000   43.7813176564    0.2688174247   43.8746608122
mock_SNLS3    0.9200000000   43.8614486706    0.3462320203   43.8746608122
mock_SNLS3    0.9240000000   44.2391841326    0.3487058382   43.8859303224
mock_SNLS3    0.9271000000   43.6522843910    0.2858672874   43.8946641928
mock_SNLS3    0.9300000000   44.4707878947    0.3636413132   43.9028345877
mock_SNLS3    0.9300000000   43.9877979107    0.3011196050   43.9028345877
mock_SNLS3    0.9340000000   43.7796236899    0.3128143786   43.9141040979
mock_SNLS3    0.9350000000   44.6783671991    0.3667271835   43.9169214755
mock_SNLS3    0.9360000000   44.2544615452    0.3644353956   43.9197388530
mock_SNLS3    0.9360000000   43.8687128312    0.2342010957   43.9197388530
mock_SNLS3    0.9490000000   43.9065811886    0.2799649655   43.9563647612
mock_SNLS3    0.9500000000   44.3640733373    0.3481601142   43.9591821387
mock_SNLS3    0.9500000000   44.1196318371    0.2701603486   43.9591821387
mock_SNLS3    0.9600000000   44.3097927438    0.2548931733   43.9873559142
mock_SNLS3    0.9600000000   43.3735429164    0.3312392700   43.9873559142
mock_SNLS3    0.9610000000   43.5711470141    0.3603967421   43.9901732917
mock_SNLS3    0.9700000000   43.5114398730    0.4828832390   44.0155296897
mock_SNLS3    0.9750000000   44.1458264486    0.2069859695   44.0296165774
mock_SNLS3    0.9810000000   43.7994609802    0.2480172049   44.0465208427
mock_SNLS3    0.9830000000   44.5747658123    0.3391505653   44.0521555978
mock_SNLS3    0.9850000000   44.0805169381    0.2499582165   44.0577903529
mock_SNLS3    0.9980000000   44.3065434187    0.2657917879   44.0944162611
mock_SNLS3    1.0000000000   44.4350486314    0.3002523700   44.1000255937
mock_SNLS3    1.0020000000   44.7417137064    0.7011565148   44.1051358676
mock_SNLS3    1.0100000000   43.6356373057    0.3940537726   44.1255769636
mock_SNLS3    1.0200000000   44.1937637551    0.2318225527   44.1511283334
mock_SNLS3    1.0200000000   44.5525590075    0.2942668510   44.1511283334
mock_SNLS3    1.0310000000   43.9332534395    0.3659100016   44.1792348403
mock_SNLS3    1.0600000000   44.5350261064    0.3391163133   44.2533338130
mock_SNLS3    1.1200000000   44.5936660879    0.2275498186   44.4028034316
mock_SNLS3    1.1400000000   44.4380190816    0.2563077795   44.4491085895
mock_SNLS3    1.2300000000   44.9966081350    0.3403776935   44.6550557866
mock_SNLS3    1.2650000000   44.8474365132    0.3207540815   44.7284200161
mock_SNLS3    1.3000000000   44.6596362597    0.2173689486   44.8017842456
mock_SNLS3    1.3400000000   45.0027748918    0.3095955456   44.8856290792
mock_SNLS3    1.3900000000   45.0641905672    0.3818482086   44.9816046924
