mock_SNLS3    0.0102900000   33.2292620771    0.2392021718   33.2378856607
mock_SNLS3    0.0100600000   32.8083148075    0.2038462576   33.1883688038
mock_SNLS3    0.0105500000   33.0465057371    0.2247672773   33.2924142332
mock_SNLS3    0.0111300000   33.2797299821    0.2600517089   33.4096215344
mock_SNLS3    0.0109000000   33.4612487194    0.2483400631   33.3638866429
mock_SNLS3    0.0123100000   33.8403850667    0.2690172095   33.6304034591
mock_SNLS3    0.0133400000   33.6636529983    0.1631419281   33.8066021723
mock_SNLS3    0.0142600000   34.0381392037    0.1718320810   33.9529118448
mock_SNLS3    0.0145700000   33.6401568768    0.2001140760   34.0001282667
mock_SNLS3    0.0144300000   33.8234078768    0.2533431510   33.9789140162
mock_SNLS3    0.0136600000   34.0650467283    0.1774125227   33.8585568085
mock_SNLS3    0.0147000000   34.3827960035    0.1553097281   34.0196047525
mock_SNLS3    0.0135400000   33.9452726937    0.2016231686   33.8391862366
mock_SNLS3    0.0155700000   34.1548123728    0.1832562968   34.1459395782
mock_SNLS3    0.0138000000   34.0312656892    0.1670350867   33.8809397472
mock_SNLS3    0.0141500000   33.8573168640    0.1844222756   33.9359016506
mock_SNLS3    0.0151500000   33.8091456585    0.2161279369   34.0858422265
mock_SNLS3    0.0144600000   34.0702327778    0.2117137736   33.9834816000
mock_SNLS3    0.0157800000   33.8889852478    0.1811875004   34.1753159607
mock_SNLS3    0.0149700000   34.3201762314    0.2031400064   34.0596052359
mock_SNLS3    0.0147100000   34.0090278165    0.1815063111   34.0210965017
mock_SNLS3    0.0155500000   33.9078825855    0.1648519832   34.1431356079
mock_SNLS3    0.0154900000   33.9942784084    0.2023835662   34.1346182331
mock_SNLS3    0.0155000000   34.3967841898    0.2045791019   34.1360405388
mock_SNLS3    0.0154800000   34.3651235765    0.1708520074   34.1331959273
mock_SNLS3    0.0156400000   34.3449073236    0.2245165669   34.1557534739
mock_SNLS3    0.0155000000   34.3734646091    0.1928256776   34.1360405388
mock_SNLS3    0.0160100000   34.2764513210    0.1664997765   34.2071590522
mock_SNLS3    0.0169700000   34.4625417695    0.1860211472   34.3351454026
mock_SNLS3    0.0173700000   34.3243094094    0.1811734409   34.3864061556
mock_SNLS3    0.0170600000   34.7478208641    0.3060537814   34.3468057660
mock_SNLS3    0.0175000000   34.3352397831    0.1672549134   34.4027997231
mock_SNLS3    0.0174500000   34.6849743933    0.2602534234   34.3965151163
mock_SNLS3    0.0176800000   34.5103916438    0.2139027322   34.4253074521
mock_SNLS3    0.0185800000   34.3714161464    0.1673724966   34.5346383455
mock_SNLS3    0.0189200000   34.5864053623    0.1654484386   34.5745486996
mock_SNLS3    0.0195800000   34.7305532633    0.1466265285   34.6500894711
mock_SNLS3    0.0203700000   34.9198890754    0.1618442939   34.7372888046
mock_SNLS3    0.0209800000   34.6354919493    0.1703287545   34.8023907586
mock_SNLS3    0.0208000000   34.9489190393    0.1512766231   34.7833457249
mock_SNLS3    0.0204100000   34.6922357033    0.2275095773   34.7416151803
mock_SNLS3    0.0216800000   34.7332722162    0.1782887519   34.8747966102
mock_SNLS3    0.0215700000   34.7613757208    0.1811769763   34.8635567568
mock_SNLS3    0.0220500000   34.7810379886    0.1789844056   34.9121068372
mock_SNLS3    0.0219500000   34.7817546383    0.1529084099   34.9020936039
mock_SNLS3    0.0224800000   34.7483703158    0.1652706613   34.9547596370
mock_SNLS3    0.0233000000   35.0729828321    0.2134514283   35.0339186645
mock_SNLS3    0.0229800000   35.1915709156    0.1581381327   35.0033736664
mock_SNLS3    0.0224200000   35.3812328528    0.4345441635   34.9488477960
mock_SNLS3    0.0230300000   35.5483448269    0.2170209503   35.0081749371
mock_SNLS3    0.0245800000   35.0599430167    0.2154530054   35.1520725876
mock_SNLS3    0.0234500000   34.5102097896    0.2065376579   35.0481036499
mock_SNLS3    0.0249300000   35.1766030458    0.2374835895   35.1834038612
mock_SNLS3    0.0235500000   35.1449631968    0.1545282450   35.0574960591
mock_SNLS3    0.0237900000   34.9202936842    0.1468268198   35.0798995937
mock_SNLS3    0.0233500000   35.0955247653    0.1559428293   35.0386469929
mock_SNLS3    0.0238900000   35.1461489899    0.1736990142   35.0891641203
mock_SNLS3    0.0241800000   34.9223432980    0.1554748813   35.1158312425
mock_SNLS3    0.0238900000   34.7726956922    0.3686019192   35.0891641203
mock_SNLS3    0.0247300000   35.1757460974    0.1655314393   35.1655411466
mock_SNLS3    0.0247200000   35.5076639476    0.1529392289   35.1646444663
mock_SNLS3    0.0251700000   35.6399822822    0.5115747543   35.2045875000
mock_SNLS3    0.0265500000   35.1363635586    0.1629858898   35.3227245511
mock_SNLS3    0.0276100000   35.3903463213    0.3774390537   35.4094168776
mock_SNLS3    0.0254900000   35.1743665513    0.1787117840   35.2325197861
mock_SNLS3    0.0268700000   35.7453617462    0.1868632473   35.3492165111
mock_SNLS3    0.0274100000   35.1873591755    0.2041062679   35.3933768301
mock_SNLS3    0.0267000000   35.2301434501    0.1772040826   35.3351651795
mock_SNLS3    0.0270700000   35.0476843947    0.1413531301   35.3656558507
mock_SNLS3    0.0276700000   35.4684991401    0.1639896987   35.4142270042
mock_SNLS3    0.0277400000   35.6749940371    0.1622582123   35.4198201880
mock_SNLS3    0.0285600000   35.5268328248    0.1722820702   35.4844801909
mock_SNLS3    0.0291000000   35.2110188539    0.1567357913   35.5259511022
mock_SNLS3    0.0303500000   35.4191081832    0.1638074122   35.6193532051
mock_SNLS3    0.0307100000   35.4613559499    0.1585186791   35.6455491595
mock_SNLS3    0.0295100000   35.5201532219    0.1516666245   35.5569862938
mock_SNLS3    0.0304100000   35.5839118295    0.1902725081   35.6237603869
mock_SNLS3    0.0303200000   35.3001049419    0.1546395262   35.6171416667
mock_SNLS3    0.0305200000   35.8271757411    0.1828255214   35.6317496036
mock_SNLS3    0.0314700000   35.6063323684    0.1368601129   35.6998092866
mock_SNLS3    0.0325100000   35.8602787894    0.1974833239   35.7720736215
mock_SNLS3    0.0316200000   35.4138272870    0.1484733094   35.7104181427
mock_SNLS3    0.0317600000   35.6363895124    0.1417794998   35.7202330189
mock_SNLS3    0.0332300000   35.7354478060    0.1528406605   35.8207974299
mock_SNLS3    0.0314700000   35.3858921427    0.1967488335   35.6998092866
mock_SNLS3    0.0331500000   35.8836268991    0.2219814763   35.8154235981
mock_SNLS3    0.0341100000   36.1560703858    0.1409267600   35.8789657418
mock_SNLS3    0.0350000000   35.9208223964    0.2120022009   35.9362984193
mock_SNLS3    0.0336500000   35.8605311969    0.1525842665   35.8487228968
mock_SNLS3    0.0348100000   35.8339971573    0.1908454898   35.9242324182
mock_SNLS3    0.0357300000   35.6593777512    0.3768560897   35.9822750000
mock_SNLS3    0.0350100000   36.0538006225    0.2011267163   35.9369334720
mock_SNLS3    0.0348900000   36.2328319156    0.1652758133   35.9293128397
mock_SNLS3    0.0369300000   36.0371947220    0.1570816892   36.0560007111
mock_SNLS3    0.0370100000   36.0348021789    0.1721020635   36.0608407195
mock_SNLS3    0.0371100000   36.2661832371    0.1466527695   36.0668365485
mock_SNLS3    0.0390500000   35.9381533447    0.1776858442   36.1805414562
mock_SNLS3    0.0381200000   36.3105642554    0.1484012077   36.1267078652
mock_SNLS3    0.0392200000   36.0100204581    0.1516245567   36.1902665676
mock_SNLS3    0.0402600000   35.9937826682    0.1570427971   36.2487561690
mock_SNLS3    0.0407200000   36.0711402118    0.1793962213   36.2741486339
mock_SNLS3    0.0424300000   36.4945870839    0.1942424022   36.3661665603
mock_SNLS3    0.0418600000   36.3098877516    0.1921432814   36.3359139599
mock_SNLS3    0.0467400000   36.4954914677    0.1601571920   36.5830359235
mock_SNLS3    0.0449700000   36.4712861522    0.1502436417   36.4964347911
mock_SNLS3    0.0492800000   36.7434020521    0.1847970888   36.7019680150
mock_SNLS3    0.0490400000   36.8913158292    0.1572220903   36.6909340766
mock_SNLS3    0.0495300000   37.1503419113    0.1700664899   36.7133527827
mock_SNLS3    0.0530900000   36.9763001338    0.1929160350   36.8696200581
mock_SNLS3    0.0549200000   36.6088922039    0.1780114436   36.9460216488
mock_SNLS3    0.0536700000   36.8227637957    0.1611929121   36.8940537576
mock_SNLS3    0.0594200000   37.0320470687    0.1872076409   37.1240567917
mock_SNLS3    0.0584800000   37.4125436718    0.1537525355   37.0879324669
mock_SNLS3    0.0630000000   37.2358253680    0.1429303546   37.2564988909
mock_SNLS3    0.0633700000   37.3308624537    0.1863517560   37.2698068598
mock_SNLS3    0.0651300000   37.3144356117    0.1638620075   37.3320093923
mock_SNLS3    0.0629700000   37.1160621581    0.1790296174   37.2554175601
mock_SNLS3    0.0650000000   37.5343296051    0.1643816444   37.3274670599
mock_SNLS3    0.0670000000   37.4260598807    0.1406160905   37.3963462140
mock_SNLS3    0.0690500000   37.3002262513    0.1692446594   37.4648781754
mock_SNLS3    0.0700900000   37.5652011815    0.1948970582   37.4989478883
mock_SNLS3    0.0679300000   37.3629646168    0.3905943871   37.4276671300
mock_SNLS3    0.0746100000   37.6990135601    0.2818728317   37.6415676919
mock_SNLS3    0.0752900000   37.4989658444    0.1801470206   37.6622190230
mock_SNLS3    0.0782300000   37.7469009736    0.1922181981   37.7497976684
mock_SNLS3    0.0788800000   37.9497445350    0.1817550458   37.7687615611
mock_SNLS3    0.0801000000   37.7095613495    0.1439242971   37.8039402867
mock_SNLS3    0.0870000000   37.9070832281    0.1493869247   37.9937010291
mock_SNLS3    0.0870000000   38.1676294468    0.1363523169   37.9937010291
mock_SNLS3    0.0900000000   37.7203616120    0.2408862623   38.0716801653
mock_SNLS3    0.0950000000   38.3408175914    0.1397129451   38.1964696636
mock_SNLS3    0.1040000000   38.4556107669    0.1559566704   38.4061598886
mock_SNLS3    0.1080000000   38.8512422044    0.2564925334   38.4938516652
mock_SNLS3    0.1100000000   38.7268928691    0.1384035910   38.5365865961
mock_SNLS3    0.1160000000   38.7787985143    0.1330023511   38.6605284996
mock_SNLS3    0.1170000000   38.7904779640    0.1174009706   38.6805676617
mock_SNLS3    0.1180000000   38.7131741130    0.1514013300   38.7004364233
mock_SNLS3    0.1190000000   38.6851623193    0.1472718936   38.7201711617
mock_SNLS3    0.1210000000   38.7001430710    0.1160628335   38.7591947707
mock_SNLS3    0.1240000000   39.0004754425    0.1443648549   38.8165981294
mock_SNLS3    0.1242000000   38.8509979001    0.1059592569   38.8203705378
mock_SNLS3    0.1250000000   38.9119681791    0.1206891454   38.8354562500
mock_SNLS3    0.1270000000   39.0463015474    0.1390873538   38.8727517557
mock_SNLS3    0.1280000000   38.9851861947    0.1456620273   38.8911795918
mock_SNLS3    0.1300000000   38.8787759603    0.1474126372   38.9276188482
mock_SNLS3    0.1300000000   38.6584725559    0.1531031875   38.9276188482
mock_SNLS3    0.1430000000   39.0997496016    0.1288021866   39.1525694538
mock_SNLS3    0.1430000000   39.2256279054    0.1449645487   39.1525694538
mock_SNLS3    0.1450000000   39.3279333911    0.1547918280   39.1854751503
mock_SNLS3    0.1460000000   39.1356774285    0.1329023682   39.2017609643
mock_SNLS3    0.1470000000   39.0949117810    0.1479900362   39.2179432629
mock_SNLS3    0.1470000000   39.3296456726    0.1453598858   39.2179432629
mock_SNLS3    0.1480000000   39.4091366412    0.1357418710   39.2340364529
mock_SNLS3    0.1530000000   39.4335856902    0.1306389327   39.3129844642
mock_SNLS3    0.1560000000   39.6213235274    0.1504062294   39.3591777640
mock_SNLS3    0.1620000000   39.6680940422    0.1723768936   39.4491682956
mock_SNLS3    0.1650000000   39.4663776911    0.1491622261   39.4930019469
mock_SNLS3    0.1692000000   39.6592752681    0.1103428718   39.5531800915
mock_SNLS3    0.1720000000   39.5908603092    0.1434129152   39.5925516129
mock_SNLS3    0.1740000000   39.6553065443    0.1363536866   39.6202256794
mock_SNLS3    0.1750000000   39.8038155483    0.1425220448   39.6339805324
mock_SNLS3    0.1790000000   39.6361703365    0.1751490890   39.6883084737
mock_SNLS3    0.1810000000   39.7949646700    0.1681560511   39.7151100000
mock_SNLS3    0.1810000000   39.8302200311    0.2283177444   39.7151100000
mock_SNLS3    0.1830000000   39.7472625355    0.1613606366   39.7415293617
mock_SNLS3    0.1840000000   39.8275495420    0.1080958028   39.7546467615
mock_SNLS3    0.1840000000   39.9254170387    0.2111032835   39.7546467615
mock_SNLS3    0.1850000000   39.8248578225    0.1833155340   39.7677543796
mock_SNLS3    0.1870000000   39.9049769660    0.1368841489   39.7937024755
mock_SNLS3    0.1900000000   39.7718726895    0.1410859698   39.8320806946
mock_SNLS3    0.1910000000   39.8915763333    0.1694319423   39.8447680647
mock_SNLS3    0.1930000000   40.1570761516    0.1979382405   39.8699125000
mock_SNLS3    0.1980000000   40.1268849362    0.1525290709   39.9318559040
mock_SNLS3    0.2020000000   40.2174148967    0.1444905900   39.9803653551
mock_SNLS3    0.2040000000   40.1448419351    0.1548739860   40.0042802850
mock_SNLS3    0.2060000000   39.9714731038    0.1774812815   40.0279628115
mock_SNLS3    0.2110000000   40.2039442589    0.1111118587   40.0863023481
mock_SNLS3    0.2120000000   40.0022264840    0.1459935692   40.0978247037
mock_SNLS3    0.2130000000   40.3564616379    0.1345366932   40.1093105743
mock_SNLS3    0.2140000000   40.1570099067    0.1744015843   40.1207493009
mock_SNLS3    0.2170000000   40.2163468811    0.1942416335   40.1546375000
mock_SNLS3    0.2180000000   40.2342818192    0.1754087707   40.1658875000
mock_SNLS3    0.2190000000   40.3313626624    0.1082111927   40.1770425983
mock_SNLS3    0.2190000000   39.9988937136    0.1520707147   40.1770425983
mock_SNLS3    0.2200000000   40.3878661582    0.1355928013   40.1881782589
mock_SNLS3    0.2300000000   40.5791239579    0.1551212822   40.2969514897
mock_SNLS3    0.2440000000   40.4698486958    0.1861542990   40.4422011957
mock_SNLS3    0.2450000000   40.3929222805    0.1678269234   40.4522619329
mock_SNLS3    0.2460000000   40.5704665979    0.1098608053   40.4622816568
mock_SNLS3    0.2500000000   40.4621387175    0.1644553014   40.5020955951
mock_SNLS3    0.2501000000   40.4969783284    0.1184247195   40.5030770479
mock_SNLS3    0.2510000000   40.2802899778    0.1642260512   40.5119101236
mock_SNLS3    0.2520000000   40.9354701885    0.2422353507   40.5217246522
mock_SNLS3    0.2530000000   40.4671548378    0.1324998500   40.5314810707
mock_SNLS3    0.2540000000   40.7395982836    0.1785719599   40.5412325048
mock_SNLS3    0.2570000000   40.7026064535    0.1974374851   40.5703442846
mock_SNLS3    0.2580000000   40.4057439291    0.2268749305   40.5799439490
mock_SNLS3    0.2590000000   40.8386767456    0.1849877607   40.5894980892
mock_SNLS3    0.2590000000   40.5501704138    0.1779377717   40.5894980892
mock_SNLS3    0.2590000000   40.6357747268    0.1836744828   40.5894980892
mock_SNLS3    0.2620000000   40.7518778108    0.1799395629   40.6180365962
mock_SNLS3    0.2620000000   40.5661485080    0.1911175243   40.6180365962
mock_SNLS3    0.2630000000   40.4605230774    0.1368474020   40.6274886239
mock_SNLS3    0.2631000000   40.7754878457    0.1500321863   40.6284244037
mock_SNLS3    0.2650000000   40.7644390769    0.2235499112   40.6462042202
mock_SNLS3    0.2650000000   40.8392113280    0.1823257069   40.6462042202
mock_SNLS3    0.2670000000   40.5283896112    0.1537048710   40.6648272430
mock_SNLS3    0.2680000000   40.6425428132    0.1084896831   40.6741261896
mock_SNLS3    0.2700000000   40.7309858635    0.1334895988   40.6926130841
mock_SNLS3    0.2720000000   40.5193331820    0.1852353724   40.7109565125
mock_SNLS3    0.2800000000   40.6533364793    0.1648129083   40.7831010003
mock_SNLS3    0.2821000000   40.8967459366    0.1029404464   40.8017177647
mock_SNLS3    0.2847000000   40.9719232184    0.1380265647   40.8245564356
mock_SNLS3    0.2880000000   40.8704592499    0.1876985252   40.8532644257
mock_SNLS3    0.2900000000   40.6937626138    0.1815939907   40.8705363880
mock_SNLS3    0.2912000000   40.9109189395    0.1482308046   40.8808909030
mock_SNLS3    0.2940000000   41.1131045864    0.1937975486   40.9048087388
mock_SNLS3    0.3000000000   41.2271681190    0.2574492481   40.9553990924
mock_SNLS3    0.3027000000   41.0674135217    0.1021873362   40.9778028883
mock_SNLS3    0.3030000000   40.5427563710    0.4968612793   40.9802868421
mock_SNLS3    0.3100000000   41.3518687814    0.2529078790   41.0376120722
mock_SNLS3    0.3110000000   41.2019939021    0.1957517310   41.0456705663
mock_SNLS3    0.3110000000   40.9430601945    0.1612645434   41.0456705663
mock_SNLS3    0.3140000000   41.1589345597    0.2005802304   41.0697965517
mock_SNLS3    0.3220000000   40.8838643091    0.1657102631   41.1331843137
mock_SNLS3    0.3230000000   41.1013220484    0.1112926568   41.1410208955
mock_SNLS3    0.3280000000   41.0735248923    0.1743506786   41.1796919622
mock_SNLS3    0.3320000000   41.0944063575    0.1269035107   41.2103089207
mock_SNLS3    0.3373000000   41.3244407964    0.1037185689   41.2502717559
mock_SNLS3    0.3400000000   41.0372498171    0.1978396780   41.2704579490
mock_SNLS3    0.3402000000   41.3670563832    0.1007661192   41.2719445421
mock_SNLS3    0.3470000000   41.1883863278    0.1155112358   41.3221015436
mock_SNLS3    0.3480000000   41.4213294920    0.1199175147   41.3293826993
mock_SNLS3    0.3480000000   41.2316732245    0.1233571552   41.3293826993
mock_SNLS3    0.3500000000   41.7656998272    0.2216261827   41.3439342127
mock_SNLS3    0.3500000000   41.2517514929    0.1340711553   41.3439342127
mock_SNLS3    0.3537000000   41.4366360054    0.1051047167   41.3706332600
mock_SNLS3    0.3553000000   41.5232496272    0.1219309604   41.3820870476
mock_SNLS3    0.3570000000   41.4591978675    0.1283597217   41.3942067755
mock_SNLS3    0.3578000000   41.4686156087    0.1020741736   41.3999101769
mock_SNLS3    0.3688000000   41.4839411143    0.0955848078   41.4768700079
mock_SNLS3    0.3690000000   41.3581377197    0.1274488071   41.4782575046
mock_SNLS3    0.3700000000   41.5160499160    0.1179065971   41.4851428348
mock_SNLS3    0.3709000000   41.6391466318    0.1359188577   41.4913213782
mock_SNLS3    0.3720000000   41.4618935232    0.1009685078   41.4988729313
mock_SNLS3    0.3730000000   41.5031843807    0.0955172212   41.5057379796
mock_SNLS3    0.3750000000   41.5869411287    0.1289422392   41.5193373902
mock_SNLS3    0.3810000000   41.5071480346    0.1800975103   41.5599255631
mock_SNLS3    0.3930000000   41.6669592791    0.3371202770   41.6391616442
mock_SNLS3    0.3950000000   41.4395809105    0.1941410250   41.6521186994
mock_SNLS3    0.4020000000   41.6447079654    0.1150655882   41.6971717308
mock_SNLS3    0.4040000000   41.6991441458    0.1031478900   41.7098640385
mock_SNLS3    0.4067000000   41.5874930747    0.1075570354   41.7269355138
mock_SNLS3    0.4110000000   41.8860856269    0.1109056126   41.7539400047
mock_SNLS3    0.4150000000   41.8111937467    0.1246025167   41.7788156177
mock_SNLS3    0.4170000000   41.8122627423    0.1080461836   41.7911699301
mock_SNLS3    0.4190000000   41.6880803867    0.1156551619   41.8034800738
mock_SNLS3    0.4240000000   41.8004039858    0.1214977648   41.8340484932
mock_SNLS3    0.4270000000   41.8937518997    0.1285189001   41.8522399006
mock_SNLS3    0.4355000000   41.7951827817    0.1714723286   41.9030581843
mock_SNLS3    0.4370000000   41.8548484288    0.1164251332   41.9118956618
mock_SNLS3    0.4420000000   42.1485463723    0.1475045730   41.9412178094
mock_SNLS3    0.4422000000   41.8822329547    0.1184617901   41.9423831982
mock_SNLS3    0.4490000000   41.9264707548    0.1576672782   41.9818426930
mock_SNLS3    0.4500000000   42.1338112941    0.1703626173   41.9875883476
mock_SNLS3    0.4510000000   41.8693691666    0.1363278419   41.9933179614
mock_SNLS3    0.4607000000   41.9898953703    0.1563369186   42.0483767339
mock_SNLS3    0.4610000000   42.0039310333    0.1120162485   42.0500602144
mock_SNLS3    0.4680000000   41.9405854871    0.1787724530   42.0891791511
mock_SNLS3    0.4700000000   42.0270416952    0.1741161829   42.1002265390
mock_SNLS3    0.4700000000   41.9148072886    0.1282526744   42.1002265390
mock_SNLS3    0.4700000000   42.3945057278    0.2046414226   42.1002265390
mock_SNLS3    0.4720000000   41.7841044811    0.1494328899   42.1112621577
mock_SNLS3    0.4740000000   42.1023334755    0.1069852373   42.1222256165
mock_SNLS3    0.4790000000   42.2007859959    0.1300508100   42.1494154699
mock_SNLS3    0.4800000000   42.1343767049    0.1269065760   42.1548410448
mock_SNLS3    0.4900000000   42.1492638807    0.1291698670   42.2084508793
mock_SNLS3    0.4960000000   42.0027816228    0.1523609258   42.2401170317
mock_SNLS3    0.4990000000   42.3373656689    0.1282278033   42.2558499613
mock_SNLS3    0.4990000000   42.2168399952    0.1549461238   42.2558499613
mock_SNLS3    0.5043000000   42.2695208218    0.1315114654   42.2833913810
mock_SNLS3    0.5090000000   42.4626976997    0.1340796341   42.3075808495
mock_SNLS3    0.5100000000   42.3026358727    0.1863384795   42.3126813424
mock_SNLS3    0.5130000000   42.4688380126    0.1577973354   42.3279828214
mock_SNLS3    0.5150000000   42.3250377627    0.1438402786   42.3381420717
mock_SNLS3    0.5150000000   42.1526018225    0.2272978720   42.3381420717
mock_SNLS3    0.5160000000   42.2249614724    0.1450838394   42.3432086883
mock_SNLS3    0.5190000000   42.0765836878    0.2265225591   42.3584085382
mock_SNLS3    0.5216000000   42.4909613461    0.1751568574   42.3714033798
mock_SNLS3    0.5310000000   42.5756157443    0.1553896981   42.4180948881
mock_SNLS3    0.5320000000   42.0329359444    0.1788916775   42.4230066582
mock_SNLS3    0.5344000000   42.3253394406    0.1336812853   42.4347949063
mock_SNLS3    0.5360000000   42.5966677268    0.1804904913   42.4426249595
mock_SNLS3    0.5370000000   42.1337420569    0.1941428312   42.4474871961
mock_SNLS3    0.5500000000   42.7202190597    0.1824493899   42.5101297936
mock_SNLS3    0.5516000000   42.5382929060    0.1501746194   42.5177784089
mock_SNLS3    0.5520000000   42.7059932187    0.1796412199   42.5196905627
mock_SNLS3    0.5520000000   42.4557850832    0.1702421226   42.5196905627
mock_SNLS3    0.5590000000   42.3500173351    0.1588337179   42.5527487906
mock_SNLS3    0.5600000000   42.4356677089    0.1478372599   42.5574136144
mock_SNLS3    0.5600000000   42.6839221337    0.1721334723   42.5574136144
mock_SNLS3    0.5635000000   42.6262421564    0.1459960727   42.5737404976
mock_SNLS3    0.5660000000   42.3337174040    0.1764224285   42.5853357277
mock_SNLS3    0.5710000000   43.0045626238    1.2217624139   42.6084661533
mock_SNLS3    0.5740000000   42.7388822979    0.1695551007   42.6222755965
mock_SNLS3    0.5755000000   42.4766699778    0.1675736159   42.6291803182
mock_SNLS3    0.5794000000   42.4576882031    0.1296159123   42.6468854941
mock_SNLS3    0.5800000000   42.8398846140    0.1960251968   42.6496091122
mock_SNLS3    0.5800000000   42.9846893485    0.1683553447   42.6496091122
mock_SNLS3    0.5800000000   42.7255067885    0.1432251801   42.6496091122
mock_SNLS3    0.5817000000   42.5909246445    0.1647996235   42.6573166639
mock_SNLS3    0.5842000000   42.6918503094    0.1498286815   42.6685502902
mock_SNLS3    0.5845000000   42.6847787798    0.1514951854   42.6698983253
mock_SNLS3    0.5850000000   42.2645510207    0.1757450243   42.6721450506
mock_SNLS3    0.5850000000   42.5943371417    0.1717993437   42.6721450506
mock_SNLS3    0.5870000000   42.5586974690    0.1846528668   42.6811319516
mock_SNLS3    0.5890000000   42.6178146674    0.1631368701   42.6900745980
mock_SNLS3    0.5900000000   42.5828935217    0.1668477566   42.6945380046
mock_SNLS3    0.5900000000   42.6553640450    0.1829161393   42.6945380046
mock_SNLS3    0.5920000000   42.4651272500    0.1945411232   42.7034648179
mock_SNLS3    0.6000000000   42.3441628637    0.2337654113   42.7388662755
mock_SNLS3    0.6050000000   42.6670880978    0.1616053044   42.7607277126
mock_SNLS3    0.6075000000   42.3527805465    0.2691258075   42.7715906141
mock_SNLS3    0.6100000000   42.7988241784    0.1778327274   42.7824083042
mock_SNLS3    0.6100000000   42.7648626861    0.1856604002   42.7824083042
mock_SNLS3    0.6120000000   42.7461348578    0.1667019391   42.7910624563
mock_SNLS3    0.6130000000   42.4384179113    0.2182802392   42.7953579121
mock_SNLS3    0.6165000000   42.8720641714    0.2287037349   42.8103476775
mock_SNLS3    0.6200000000   42.8309885588    0.2333963234   42.8252986442
mock_SNLS3    0.6200000000   42.4773778491    0.2848384267   42.8252986442
mock_SNLS3    0.6268000000   42.8067518417    0.1742753383   42.8541512955
mock_SNLS3    0.6290000000   42.5743745234    0.2043301997   42.8634140962
mock_SNLS3    0.6300000000   42.9398239238    0.3728341792   42.8676244602
mock_SNLS3    0.6320000000   42.8450570906    0.1963558063   42.8760185344
mock_SNLS3    0.6340000000   42.6633164944    0.2348226732   42.8843238779
mock_SNLS3    0.6390000000   43.0866735931    0.2956487488   42.9050615350
mock_SNLS3    0.6396000000   43.0262383196    0.2199248137   42.9075362290
mock_SNLS3    0.6400000000   42.9165288118    0.3721730351   42.9091860251
mock_SNLS3    0.6430000000   42.7591703537    0.2043991430   42.9215594954
mock_SNLS3    0.6430000000   43.0129251836    0.2268375167   42.9215594954
mock_SNLS3    0.6473000000   42.6098736420    0.1946817430   42.9391860476
mock_SNLS3    0.6477000000   42.8293323628    0.1814953647   42.9408190668
mock_SNLS3    0.6634000000   42.7262685646    0.1964447679   43.0042898491
mock_SNLS3    0.6637000000   42.7020289912    0.2343702023   43.0054894976
mock_SNLS3    0.6700000000   42.6195666758    0.3362717730   43.0304754132
mock_SNLS3    0.6790000000   43.1165626258    0.2056357343   43.0659031814
mock_SNLS3    0.6800000000   42.7304960989    0.2332340113   43.0697946741
mock_SNLS3    0.6830000000   42.3139445092    0.2703936530   43.0814691521
mock_SNLS3    0.6870000000   43.0825903696    0.2779660565   43.0969900351
mock_SNLS3    0.6900000000   43.5572116170    0.3231299505   43.1085430921
mock_SNLS3    0.6900000000   42.9576074433    0.2004504602   43.1085430921
mock_SNLS3    0.6950000000   43.0951869124    0.3134215697   43.1277200056
mock_SNLS3    0.6980000000   42.9482981086    0.2324833700   43.1391557318
mock_SNLS3    0.6990000000   42.8398394884    0.2315853422   43.1429676405
mock_SNLS3    0.7000000000   42.7162549771    0.3002070565   43.1467795492
mock_SNLS3    0.7000000000   43.2663367020    0.2613950540   43.1467795492
mock_SNLS3    0.7002000000   42.9011853940    0.1816944753   43.1475414980
mock_SNLS3    0.7010000000   42.9402725844    0.3125115457   43.1505595346
mock_SNLS3    0.7010000000   42.7692119444    0.1985048734   43.1505595346
mock_SNLS3    0.7020000000   43.2099792758    0.1869600512   43.1543320804
mock_SNLS3    0.7027000000   42.9286998341    0.2660333126   43.1569728625
mock_SNLS3    0.7150000000   43.0056487051    0.2134079012   43.2030789318
mock_SNLS3    0.7180000000   42.7209719454    0.2193402721   43.2142065282
mock_SNLS3    0.7200000000   43.2531905201    0.2676281763   43.2216249258
mock_SNLS3    0.7210000000   43.1433298475    0.2241364003   43.2253341246
mock_SNLS3    0.7220000000   43.3087145897    0.2077119111   43.2290433234
mock_SNLS3    0.7255000000   43.1770072500    0.1957452726   43.2418558537
mock_SNLS3    0.7270000000   42.8828933691    0.3204871126   43.2473424376
mock_SNLS3    0.7320000000   43.1698961153    0.3317397266   43.2655746202
mock_SNLS3    0.7320000000   42.7653226773    0.2368078159   43.2655746202
mock_SNLS3    0.7330000000   43.2365524721    0.3163256432   43.2692078610
mock_SNLS3    0.7340000000   43.4466690328    0.2471129074   43.2728411019
mock_SNLS3    0.7350000000   43.3718990889    0.2466070229   43.2764743427
mock_SNLS3    0.7360000000   42.8803478224    0.2234804466   43.2801075836
mock_SNLS3    0.7370000000   43.6355336919    0.2094404877   43.2837408244
mock_SNLS3    0.7400000000   43.1020898692    0.4223366974   43.2945020921
mock_SNLS3    0.7420000000   43.6249867113    0.2146017865   43.3016673640
mock_SNLS3    0.7441000000   43.2545847051    0.1911644016   43.3091908996
mock_SNLS3    0.7450000000   43.0855119267    0.1942710990   43.3124131875
mock_SNLS3    0.7500000000   43.4960212371    0.2152261359   43.3302079332
mock_SNLS3    0.7510000000   42.9807959535    0.2434654067   43.3337668824
mock_SNLS3    0.7560000000   43.1311511244    0.4281592154   43.3514405714
mock_SNLS3    0.7570000000   43.1334148717    0.1915791691   43.3549635024
mock_SNLS3    0.7600000000   42.9515349223    0.1831366881   43.3655322957
mock_SNLS3    0.7600000000   42.9214888679    0.3043525282   43.3655322957
mock_SNLS3    0.7630000000   43.1979400170    0.2147493631   43.3760075177
mock_SNLS3    0.7630000000   43.3073601714    0.1823370765   43.3760075177
mock_SNLS3    0.7660000000   43.3214177300    0.2224901022   43.3864664427
mock_SNLS3    0.7670000000   43.2031124858    0.1878143209   43.3899527510
mock_SNLS3    0.7677000000   43.6384937300    0.2086099994   43.3923931668
mock_SNLS3    0.7690000000   43.5354143278    0.4107184651   43.3969098118
mock_SNLS3    0.7700000000   43.6635215103    0.2585345052   43.4003727980
mock_SNLS3    0.7750000000   42.9152757009    0.2443910484   43.4176877290
mock_SNLS3    0.7780000000   43.5343532839    0.3440267143   43.4279957650
mock_SNLS3    0.7900000000   43.2336445050    0.2866136162   43.4687803220
mock_SNLS3    0.7910000000   43.1473567064    0.2296226572   43.4721603614
mock_SNLS3    0.7980000000   43.6080966204    0.3115740293   43.4956951222
mock_SNLS3    0.8000000000   43.4179311295    0.3943277492   43.5024096339
mock_SNLS3    0.8000000000   43.0887437494    0.2355740626   43.5024096339
mock_SNLS3    0.8050000000   43.2406905453    0.2301235478   43.5189986755
mock_SNLS3    0.8050000000   43.6011920183    0.2617725617   43.5189986755
mock_SNLS3    0.8080000000   43.8456902964    0.2649754426   43.5289324503
mock_SNLS3    0.8100000000   43.7843982313    0.2554685052   43.5355329361
mock_SNLS3    0.8100000000   43.7574417425    0.2801500136   43.5355329361
mock_SNLS3    0.8110000000   43.3425305327    0.2308952695   43.5388217827
mock_SNLS3    0.8130000000   43.5416096503    0.2198633515   43.5453994757
mock_SNLS3    0.8170000000   43.6212932880    0.2228567234   43.5585548618
mock_SNLS3    0.8200000000   43.3270432966    0.2633473023   43.5683339663
mock_SNLS3    0.8218000000   43.4215493690    0.2243721282   43.5741931478
mock_SNLS3    0.8300000000   42.9880779366    0.2331053785   43.6007490311
mock_SNLS3    0.8300000000   43.3385935624    0.4018720805   43.6007490311
mock_SNLS3    0.8360000000   44.2062124868    0.2721723103   43.6200294824
mock_SNLS3    0.8390000000   43.5811300478    0.2116385638   43.6295951017
mock_SNLS3    0.8390000000   43.3474753841    0.2605007622   43.6295951017
mock_SNLS3    0.8400000000   43.6681894340    0.2720909754   43.6327836414
mock_SNLS3    0.8420000000   44.0803050401    0.2556434510   43.6391607209
mock_SNLS3    0.8420000000   43.6705390329    0.3219582886   43.6391607209
mock_SNLS3    0.8500000000   43.7722935462    0.2210552589   43.6644454545
mock_SNLS3    0.8500000000   43.4615837515    0.2606310683   43.6644454545
mock_SNLS3    0.8500000000   43.4749465411    0.2271651520   43.6644454545
mock_SNLS3    0.8550000000   43.9101866446    0.2397280941   43.6801236759
mock_SNLS3    0.8600000000   43.8916035954    0.2627361654   43.6957416025
mock_SNLS3    0.8600000000   43.7414782856    0.3356343655   43.6957416025
mock_SNLS3    0.8600000000   43.6585137854    0.3268296522   43.6957416025
mock_SNLS3    0.8650000000   44.1171096891    0.3758343239   43.7112208333
mock_SNLS3    0.8660000000   43.5643831539    0.2493112998   43.7143122312
mock_SNLS3    0.8660000000   43.8228213155    0.2395322971   43.7143122312
mock_SNLS3    0.8680000000   43.9281790413    0.2478843540   43.7204950269
mock_SNLS3    0.8700000000   43.5391899442    0.3674547827   43.7266658093
mock_SNLS3    0.8800000000   43.8657467494    0.2242482860   43.7572364604
mock_SNLS3    0.8900000000   43.9510576958    0.2525952506   43.7875351434
mock_SNLS3    0.8910000000   43.7590095514    0.2370316300   43.7905325369
mock_SNLS3    0.8990000000   43.7093426165    0.2483241180   43.8144705396
mock_SNLS3    0.9010000000   43.5957150684    0.2387199411   43.8204249678
mock_SNLS3    0.9100000000   44.2002540279    0.2714215781   43.8470654292
mock_SNLS3    0.9150000000   43.5202108289    0.2367148606   43.8617447186
mock_SNLS3    0.9200000000   43.6629538204    0.2688174247   43.8763396926
mock_SNLS3    0.9200000000   43.3424517237    0.3462320203   43.8763396926
mock_SNLS3    0.9240000000   43.6316518292    0.3487058382   43.8880053064
mock_SNLS3    0.9271000000   44.6069582407    0.2858672874   43.8969683201
mock_SNLS3    0.9300000000   43.9150050266    0.3636413132   43.9053092955
mock_SNLS3    0.9300000000   43.9722367252    0.3011196050   43.9053092955
mock_SNLS3    0.9340000000   43.6502130868    0.3128143786   43.9168140892
mock_SNLS3    0.9350000000   44.0107602445    0.3667271835   43.9196856436
mock_SNLS3    0.9360000000   44.5312723514    0.3644353956   43.9225424917
mock_SNLS3    0.9360000000   43.7530433778    0.2342010957   43.9225424917
mock_SNLS3    0.9490000000   43.4305220802    0.2799649655   43.9595476881
mock_SNLS3    0.9500000000   44.0181815686    0.3481601142   43.9623750842
mock_SNLS3    0.9500000000   43.0636623122    0.2701603486   43.9623750842
mock_SNLS3    0.9600000000   43.8280533973    0.2548931733   43.9904832390
mock_SNLS3    0.9600000000   44.5348259114    0.3312392700   43.9904832390
mock_SNLS3    0.9610000000   43.9626075058    0.3603967421   43.9932817842
mock_SNLS3    0.9700000000   43.6569731821    0.4828832390   44.0183001100
mock_SNLS3    0.9750000000   44.2437422854    0.2069859695   44.0321163895
mock_SNLS3    0.9810000000   43.4915435991    0.2480172049   44.0485059382
mock_SNLS3    0.9830000000   43.7318085901    0.3391505653   44.0539691211
mock_SNLS3    0.9850000000   44.0128585825    0.2499582165   44.0594184917
mock_SNLS3    0.9980000000   43.7710237218    0.2657917879   44.0945911576
mock_SNLS3    1.0000000000   44.2479587925    0.3002523700   44.0999624976
mock_SNLS3    1.0020000000   44.9567312087    0.7011565148   44.1053338375
mock_SNLS3    1.0100000000   43.4807169093    0.3940537726   44.1266765835
mock_SNLS3    1.0200000000   44.0121081748    0.2318225527   44.1531723647
mock_SNLS3    1.0200000000   44.3659161421    0.2942668510   44.1531723647
mock_SNLS3    1.0310000000   43.6870783189    0.3659100016   44.1820198308
mock_SNLS3    1.0600000000   44.2198141536    0.3391163133   44.2564959927
mock_SNLS3    1.1200000000   44.0530602170    0.2275498186   44.4043656277
mock_SNLS3    1.1400000000   44.5927066134    0.2563077795   44.4519844784
mock_SNLS3    1.2300000000   44.7244575991    0.3403776935   44.6561186120
mock_SNLS3    1.2650000000   44.5498461037    0.3207540815   44.7314674312
mock_SNLS3    1.3000000000   44.6382225098    0.2173689486   44.8048588015
mock_SNLS3    1.3400000000   44.6756669651    0.3095955456   44.8862038489
mock_SNLS3    1.3900000000   45.0651721892    0.3818482086   44.9845119164
