mock_SNLS3    0.0102900000   33.3176066581    0.2392021718   33.2378856607
mock_SNLS3    0.0100600000   33.0057723311    0.2038462576   33.1883688038
mock_SNLS3    0.0105500000   33.4089876406    0.2247672773   33.2924142332
mock_SNLS3    0.0111300000   32.9538590800    0.2600517089   33.4096215344
mock_SNLS3    0.0109000000   33.1108565618    0.2483400631   33.3638866429
mock_SNLS3    0.0123100000   34.2274190790    0.2690172095   33.6304034591
mock_SNLS3    0.0133400000   33.6431137293    0.1631419281   33.8066021723
mock_SNLS3    0.0142600000   33.7839337517    0.1718320810   33.9529118448
mock_SNLS3    0.0145700000   34.0218670428    0.2001140760   34.0001282667
mock_SNLS3    0.0144300000   34.4933839933    0.2533431510   33.9789140162
mock_SNLS3    0.0136600000   33.9917651508    0.1774125227   33.8585568085
mock_SNLS3    0.0147000000   34.0033172060    0.1553097281   34.0196047525
mock_SNLS3    0.0135400000   33.4556686732    0.2016231686   33.8391862366
mock_SNLS3    0.0155700000   33.7929251340    0.1832562968   34.1459395782
mock_SNLS3    0.0138000000   33.9698007922    0.1670350867   33.8809397472
mock_SNLS3    0.0141500000   33.9805072627    0.1844222756   33.9359016506
mock_SNLS3    0.0151500000   33.9844562831    0.2161279369   34.0858422265
mock_SNLS3    0.0144600000   34.1830325694    0.2117137736   33.9834816000
mock_SNLS3    0.0157800000   34.1584678160    0.1811875004   34.1753159607
mock_SNLS3    0.0149700000   33.7821554341    0.2031400064   34.0596052359
mock_SNLS3    0.0147100000   34.2719942135    0.1815063111   34.0210965017
mock_SNLS3    0.0155500000   34.1650421160    0.1648519832   34.1431356079
mock_SNLS3    0.0154900000   34.0749356336    0.2023835662   34.1346182331
mock_SNLS3    0.0155000000   34.3045378351    0.2045791019   34.1360405388
mock_SNLS3    0.0154800000   34.1618123586    0.1708520074   34.1331959273
mock_SNLS3    0.0156400000   34.2384464824    0.2245165669   34.1557534739
mock_SNLS3    0.0155000000   33.8806224288    0.1928256776   34.1360405388
mock_SNLS3    0.0160100000   34.3640004609    0.1664997765   34.2071590522
mock_SNLS3    0.0169700000   34.7442947408    0.1860211472   34.3351454026
mock_SNLS3    0.0173700000   34.4686443954    0.1811734409   34.3864061556
mock_SNLS3    0.0170600000   34.2957936089    0.3060537814   34.3468057660
mock_SNLS3    0.0175000000   34.0903646416    0.1672549134   34.4027997231
mock_SNLS3    0.0174500000   34.5415360493    0.2602534234   34.3965151163
mock_SNLS3    0.0176800000   34.3391786356    0.2139027322   34.4253074521
mock_SNLS3    0.0185800000   34.6428827031    0.1673724966   34.5346383455
mock_SNLS3    0.0189200000   34.3108424175    0.1654484386   34.5745486996
mock_SNLS3    0.0195800000   34.8088827714    0.1466265285   34.6500894711
mock_SNLS3    0.0203700000   34.9978006200    0.1618442939   34.7372888046
mock_SNLS3    0.0209800000   34.6295565527    0.1703287545   34.8023907586
mock_SNLS3    0.0208000000   34.9858611930    0.1512766231   34.7833457249
mock_SNLS3    0.0204100000   34.4685265307    0.2275095773   34.7416151803
mock_SNLS3    0.0216800000   34.8587048338    0.1782887519   34.8747966102
mock_SNLS3    0.0215700000   34.8844611278    0.1811769763   34.8635567568
mock_SNLS3    0.0220500000   34.7822622588    0.1789844056   34.9121068372
mock_SNLS3    0.0219500000   34.5571352667    0.1529084099   34.9020936039
mock_SNLS3    0.0224800000   34.9487156050    0.1652706613   34.9547596370
mock_SNLS3    0.0233000000   35.2322401215    0.2134514283   35.0339186645
mock_SNLS3    0.0229800000   35.1745129376    0.1581381327   35.0033736664
mock_SNLS3    0.0224200000   34.9648999405    0.4345441635   34.9488477960
mock_SNLS3    0.0230300000   35.0813952986    0.2170209503   35.0081749371
mock_SNLS3    0.0245800000   35.0831925417    0.2154530054   35.1520725876
mock_SNLS3    0.0234500000   34.8709340544    0.2065376579   35.0481036499
mock_SNLS3    0.0249300000   35.5806325538    0.2374835895   35.1834038612
mock_SNLS3    0.0235500000   34.9159159163    0.1545282450   35.0574960591
mock_SNLS3    0.0237900000   35.1830699645    0.1468268198   35.0798995937
mock_SNLS3    0.0233500000   35.1150199304    0.1559428293   35.0386469929
mock_SNLS3    0.0238900000   35.3547928790    0.1736990142   35.0891641203
mock_SNLS3    0.0241800000   35.2958519998    0.1554748813   35.1158312425
mock_SNLS3    0.0238900000   35.1113469151    0.3686019192   35.0891641203
mock_SNLS3    0.0247300000   35.2547780161    0.1655314393   35.1655411466
mock_SNLS3    0.0247200000   35.1986611440    0.1529392289   35.1646444663
mock_SNLS3    0.0251700000   35.1930638586    0.5115747543   35.2045875000
mock_SNLS3    0.0265500000   35.0955269596    0.1629858898   35.3227245511
mock_SNLS3    0.0276100000   35.4882214502    0.3774390537   35.4094168776
mock_SNLS3    0.0254900000   35.0896004139    0.1787117840   35.2325197861
mock_SNLS3    0.0268700000   35.6180008388    0.1868632473   35.3492165111
mock_SNLS3    0.0274100000   35.4334270461    0.2041062679   35.3933768301
mock_SNLS3    0.0267000000   35.2879460257    0.1772040826   35.3351651795
mock_SNLS3    0.0270700000   35.3657632745    0.1413531301   35.3656558507
mock_SNLS3    0.0276700000   35.5073890890    0.1639896987   35.4142270042
mock_SNLS3    0.0277400000   35.3683016049    0.1622582123   35.4198201880
mock_SNLS3    0.0285600000   35.3771205954    0.1722820702   35.4844801909
mock_SNLS3    0.0291000000   35.5187997415    0.1567357913   35.5259511022
mock_SNLS3    0.0303500000   35.5893985600    0.1638074122   35.6193532051
mock_SNLS3    0.0307100000   36.0020404633    0.1585186791   35.6455491595
mock_SNLS3    0.0295100000   35.6401986424    0.1516666245   35.5569862938
mock_SNLS3    0.0304100000   35.7858118696    0.1902725081   35.6237603869
mock_SNLS3    0.0303200000   35.8222138765    0.1546395262   35.6171416667
mock_SNLS3    0.0305200000   35.6169972799    0.1828255214   35.6317496036
mock_SNLS3    0.0314700000   35.7427428746    0.1368601129   35.6998092866
mock_SNLS3    0.0325100000   35.8864283067    0.1974833239   35.7720736215
mock_SNLS3    0.0316200000   35.7014184953    0.1484733094   35.7104181427
mock_SNLS3    0.0317600000   35.5501066053    0.1417794998   35.7202330189
mock_SNLS3    0.0332300000   35.6027513456    0.1528406605   35.8207974299
mock_SNLS3    0.0314700000   35.6379353783    0.1967488335   35.6998092866
mock_SNLS3    0.0331500000   35.7958953352    0.2219814763   35.8154235981
mock_SNLS3    0.0341100000   35.8049800654    0.1409267600   35.8789657418
mock_SNLS3    0.0350000000   35.6836852639    0.2120022009   35.9362984193
mock_SNLS3    0.0336500000   36.1820594210    0.1525842665   35.8487228968
mock_SNLS3    0.0348100000   35.9940737708    0.1908454898   35.9242324182
mock_SNLS3    0.0357300000   35.8140040289    0.3768560897   35.9822750000
mock_SNLS3    0.0350100000   35.7994807855    0.2011267163   35.9369334720
mock_SNLS3    0.0348900000   35.9781736917    0.1652758133   35.9293128397
mock_SNLS3    0.0369300000   35.9262661385    0.1570816892   36.0560007111
mock_SNLS3    0.0370100000   35.9408060951    0.1721020635   36.0608407195
mock_SNLS3    0.0371100000   35.8821425718    0.1466527695   36.0668365485
mock_SNLS3    0.0390500000   36.1546428859    0.1776858442   36.1805414562
mock_SNLS3    0.0381200000   35.9268868155    0.1484012077   36.1267078652
mock_SNLS3    0.0392200000   36.1627874893    0.1516245567   36.1902665676
mock_SNLS3    0.0402600000   36.2548060278    0.1570427971   36.2487561690
mock_SNLS3    0.0407200000   36.2604552183    0.1793962213   36.2741486339
mock_SNLS3    0.0424300000   36.2324519891    0.1942424022   36.3661665603
mock_SNLS3    0.0418600000   36.4093334045    0.1921432814   36.3359139599
mock_SNLS3    0.0467400000   36.7082798863    0.1601571920   36.5830359235
mock_SNLS3    0.0449700000   36.3215828272    0.1502436417   36.4964347911
mock_SNLS3    0.0492800000   36.3709338389    0.1847970888   36.7019680150
mock_SNLS3    0.0490400000   36.9169212556    0.1572220903   36.6909340766
mock_SNLS3    0.0495300000   36.8711041241    0.1700664899   36.7133527827
mock_SNLS3    0.0530900000   36.8412900451    0.1929160350   36.8696200581
mock_SNLS3    0.0549200000   36.6033112376    0.1780114436   36.9460216488
mock_SNLS3    0.0536700000   36.8724653828    0.1611929121   36.8940537576
mock_SNLS3    0.0594200000   36.8879813944    0.1872076409   37.1240567917
mock_SNLS3    0.0584800000   37.1307830922    0.1537525355   37.0879324669
mock_SNLS3    0.0630000000   37.3772379795    0.1429303546   37.2564988909
mock_SNLS3    0.0633700000   37.1754533193    0.1863517560   37.2698068598
mock_SNLS3    0.0651300000   37.0707654111    0.1638620075   37.3320093923
mock_SNLS3    0.0629700000   37.2893189645    0.1790296174   37.2554175601
mock_SNLS3    0.0650000000   37.4234089752    0.1643816444   37.3274670599
mock_SNLS3    0.0670000000   37.3464875829    0.1406160905   37.3963462140
mock_SNLS3    0.0690500000   37.4156334144    0.1692446594   37.4648781754
mock_SNLS3    0.0700900000   37.4357513303    0.1948970582   37.4989478883
mock_SNLS3    0.0679300000   37.7634380588    0.3905943871   37.4276671300
mock_SNLS3    0.0746100000   37.7107072148    0.2818728317   37.6415676919
mock_SNLS3    0.0752900000   37.5375219931    0.1801470206   37.6622190230
mock_SNLS3    0.0782300000   37.9665117483    0.1922181981   37.7497976684
mock_SNLS3    0.0788800000   37.6160696413    0.1817550458   37.7687615611
mock_SNLS3    0.0801000000   37.7768080224    0.1439242971   37.8039402867
mock_SNLS3    0.0870000000   37.7685981179    0.1493869247   37.9937010291
mock_SNLS3    0.0870000000   37.9163078301    0.1363523169   37.9937010291
mock_SNLS3    0.0900000000   37.9365859751    0.2408862623   38.0716801653
mock_SNLS3    0.0950000000   38.3059178685    0.1397129451   38.1964696636
mock_SNLS3    0.1040000000   38.4321120199    0.1559566704   38.4061598886
mock_SNLS3    0.1080000000   38.5454826948    0.2564925334   38.4938516652
mock_SNLS3    0.1100000000   38.4575762868    0.1384035910   38.5365865961
mock_SNLS3    0.1160000000   38.5993266962    0.1330023511   38.6605284996
mock_SNLS3    0.1170000000   38.6062538913    0.1174009706   38.6805676617
mock_SNLS3    0.1180000000   38.4892041291    0.1514013300   38.7004364233
mock_SNLS3    0.1190000000   38.5806595412    0.1472718936   38.7201711617
mock_SNLS3    0.1210000000   39.0164806294    0.1160628335   38.7591947707
mock_SNLS3    0.1240000000   38.6731592038    0.1443648549   38.8165981294
mock_SNLS3    0.1242000000   38.7954368334    0.1059592569   38.8203705378
mock_SNLS3    0.1250000000   38.5379024080    0.1206891454   38.8354562500
mock_SNLS3    0.1270000000   38.9271415225    0.1390873538   38.8727517557
mock_SNLS3    0.1280000000   38.8633543797    0.1456620273   38.8911795918
mock_SNLS3    0.1300000000   38.9038464084    0.1474126372   38.9276188482
mock_SNLS3    0.1300000000   39.0736300769    0.1531031875   38.9276188482
mock_SNLS3    0.1430000000   39.0452754803    0.1288021866   39.1525694538
mock_SNLS3    0.1430000000   39.1483012608    0.1449645487   39.1525694538
mock_SNLS3    0.1450000000   39.1112991098    0.1547918280   39.1854751503
mock_SNLS3    0.1460000000   39.2114193679    0.1329023682   39.2017609643
mock_SNLS3    0.1470000000   39.1578518915    0.1479900362   39.2179432629
mock_SNLS3    0.1470000000   39.3275170675    0.1453598858   39.2179432629
mock_SNLS3    0.1480000000   38.9786563583    0.1357418710   39.2340364529
mock_SNLS3    0.1530000000   39.3540504291    0.1306389327   39.3129844642
mock_SNLS3    0.1560000000   39.4547342888    0.1504062294   39.3591777640
mock_SNLS3    0.1620000000   39.3325167867    0.1723768936   39.4491682956
mock_SNLS3    0.1650000000   39.8371958015    0.1491622261   39.4930019469
mock_SNLS3    0.1692000000   39.6594978024    0.1103428718   39.5531800915
mock_SNLS3    0.1720000000   39.5817794452    0.1434129152   39.5925516129
mock_SNLS3    0.1740000000   39.6326500911    0.1363536866   39.6202256794
mock_SNLS3    0.1750000000   39.6986420191    0.1425220448   39.6339805324
mock_SNLS3    0.1790000000   39.6564660232    0.1751490890   39.6883084737
mock_SNLS3    0.1810000000   39.7071656269    0.1681560511   39.7151100000
mock_SNLS3    0.1810000000   39.8012683629    0.2283177444   39.7151100000
mock_SNLS3    0.1830000000   39.6688326171    0.1613606366   39.7415293617
mock_SNLS3    0.1840000000   39.6823570770    0.1080958028   39.7546467615
mock_SNLS3    0.1840000000   39.7204201074    0.2111032835   39.7546467615
mock_SNLS3    0.1850000000   39.7336911001    0.1833155340   39.7677543796
mock_SNLS3    0.1870000000   39.8685895755    0.1368841489   39.7937024755
mock_SNLS3    0.1900000000   39.9131813434    0.1410859698   39.8320806946
mock_SNLS3    0.1910000000   39.9245592178    0.1694319423   39.8447680647
mock_SNLS3    0.1930000000   39.8866118518    0.1979382405   39.8699125000
mock_SNLS3    0.1980000000   40.0789236296    0.1525290709   39.9318559040
mock_SNLS3    0.2020000000   40.1356375121    0.1444905900   39.9803653551
mock_SNLS3    0.2040000000   40.0401346109    0.1548739860   40.0042802850
mock_SNLS3    0.2060000000   39.8124014479    0.1774812815   40.0279628115
mock_SNLS3    0.2110000000   40.0371495381    0.1111118587   40.0863023481
mock_SNLS3    0.2120000000   39.8525144285    0.1459935692   40.0978247037
mock_SNLS3    0.2130000000   40.0214255536    0.1345366932   40.1093105743
mock_SNLS3    0.2140000000   40.1948335134    0.1744015843   40.1207493009
mock_SNLS3    0.2170000000   40.0699993509    0.1942416335   40.1546375000
mock_SNLS3    0.2180000000   40.3506704799    0.1754087707   40.1658875000
mock_SNLS3    0.2190000000   40.1518739325    0.1082111927   40.1770425983
mock_SNLS3    0.2190000000   40.1925667312    0.1520707147   40.1770425983
mock_SNLS3    0.2200000000   40.0195688739    0.1355928013   40.1881782589
mock_SNLS3    0.2300000000   40.4379421141    0.1551212822   40.2969514897
mock_SNLS3    0.2440000000   40.5310045748    0.1861542990   40.4422011957
mock_SNLS3    0.2450000000   40.4182482615    0.1678269234   40.4522619329
mock_SNLS3    0.2460000000   40.3771824251    0.1098608053   40.4622816568
mock_SNLS3    0.2500000000   40.5273189645    0.1644553014   40.5020955951
mock_SNLS3    0.2501000000   40.4249025238    0.1184247195   40.5030770479
mock_SNLS3    0.2510000000   40.3360724698    0.1642260512   40.5119101236
mock_SNLS3    0.2520000000   40.8291868817    0.2422353507   40.5217246522
mock_SNLS3    0.2530000000   40.4794386687    0.1324998500   40.5314810707
mock_SNLS3    0.2540000000   40.5821613487    0.1785719599   40.5412325048
mock_SNLS3    0.2570000000   40.3213718580    0.1974374851   40.5703442846
mock_SNLS3    0.2580000000   41.0196373772    0.2268749305   40.5799439490
mock_SNLS3    0.2590000000   40.6518110238    0.1849877607   40.5894980892
mock_SNLS3    0.2590000000   40.7169228205    0.1779377717   40.5894980892
mock_SNLS3    0.2590000000   40.8581822632    0.1836744828   40.5894980892
mock_SNLS3    0.2620000000   40.6567037757    0.1799395629   40.6180365962
mock_SNLS3    0.2620000000   40.5896838453    0.1911175243   40.6180365962
mock_SNLS3    0.2630000000   40.6358635639    0.1368474020   40.6274886239
mock_SNLS3    0.2631000000   40.9348304324    0.1500321863   40.6284244037
mock_SNLS3    0.2650000000   40.5813910049    0.2235499112   40.6462042202
mock_SNLS3    0.2650000000   40.6291307997    0.1823257069   40.6462042202
mock_SNLS3    0.2670000000   40.5650046543    0.1537048710   40.6648272430
mock_SNLS3    0.2680000000   40.5813404447    0.1084896831   40.6741261896
mock_SNLS3    0.2700000000   40.8110588261    0.1334895988   40.6926130841
mock_SNLS3    0.2720000000   40.8252315843    0.1852353724   40.7109565125
mock_SNLS3    0.2800000000   40.7788202056    0.1648129083   40.7831010003
mock_SNLS3    0.2821000000   40.8618444952    0.1029404464   40.8017177647
mock_SNLS3    0.2847000000   40.7775402134    0.1380265647   40.8245564356
mock_SNLS3    0.2880000000   41.0051393390    0.1876985252   40.8532644257
mock_SNLS3    0.2900000000   40.8729748786    0.1815939907   40.8705363880
mock_SNLS3    0.2912000000   41.1188562931    0.1482308046   40.8808909030
mock_SNLS3    0.2940000000   40.8746341679    0.1937975486   40.9048087388
mock_SNLS3    0.3000000000   40.9559740809    0.2574492481   40.9553990924
mock_SNLS3    0.3027000000   40.7303293455    0.1021873362   40.9778028883
mock_SNLS3    0.3030000000   40.9289585272    0.4968612793   40.9802868421
mock_SNLS3    0.3100000000   41.2472359201    0.2529078790   41.0376120722
mock_SNLS3    0.3110000000   40.8519437149    0.1957517310   41.0456705663
mock_SNLS3    0.3110000000   40.8555875527    0.1612645434   41.0456705663
mock_SNLS3    0.3140000000   41.4047569528    0.2005802304   41.0697965517
mock_SNLS3    0.3220000000   41.1252449867    0.1657102631   41.1331843137
mock_SNLS3    0.3230000000   41.2141904811    0.1112926568   41.1410208955
mock_SNLS3    0.3280000000   41.3823899250    0.1743506786   41.1796919622
mock_SNLS3    0.3320000000   41.0988107002    0.1269035107   41.2103089207
mock_SNLS3    0.3373000000   41.4481379340    0.1037185689   41.2502717559
mock_SNLS3    0.3400000000   40.8553034643    0.1978396780   41.2704579490
mock_SNLS3    0.3402000000   41.2789392058    0.1007661192   41.2719445421
mock_SNLS3    0.3470000000   41.0661079583    0.1155112358   41.3221015436
mock_SNLS3    0.3480000000   41.2488304174    0.1199175147   41.3293826993
mock_SNLS3    0.3480000000   41.3661959064    0.1233571552   41.3293826993
mock_SNLS3    0.3500000000   41.1981025273    0.2216261827   41.3439342127
mock_SNLS3    0.3500000000   41.1014500283    0.1340711553   41.3439342127
mock_SNLS3    0.3537000000   41.3412006729    0.1051047167   41.3706332600
mock_SNLS3    0.3553000000   41.3915758674    0.1219309604   41.3820870476
mock_SNLS3    0.3570000000   41.3306811940    0.1283597217   41.3942067755
mock_SNLS3    0.3578000000   41.2299041103    0.1020741736   41.3999101769
mock_SNLS3    0.3688000000   41.5315238489    0.0955848078   41.4768700079
mock_SNLS3    0.3690000000   41.3059267952    0.1274488071   41.4782575046
mock_SNLS3    0.3700000000   41.6169438680    0.1179065971   41.4851428348
mock_SNLS3    0.3709000000   41.2754896650    0.1359188577   41.4913213782
mock_SNLS3    0.3720000000   41.4495486537    0.1009685078   41.4988729313
mock_SNLS3    0.3730000000   41.4624361740    0.0955172212   41.5057379796
mock_SNLS3    0.3750000000   41.4318395670    0.1289422392   41.5193373902
mock_SNLS3    0.3810000000   41.6373649346    0.1800975103   41.5599255631
mock_SNLS3    0.3930000000   42.2598097207    0.3371202770   41.6391616442
mock_SNLS3    0.3950000000   41.5356410035    0.1941410250   41.6521186994
mock_SNLS3    0.4020000000   41.6651509488    0.1150655882   41.6971717308
mock_SNLS3    0.4040000000   41.8345471293    0.1031478900   41.7098640385
mock_SNLS3    0.4067000000   41.7086414337    0.1075570354   41.7269355138
mock_SNLS3    0.4110000000   41.7447355805    0.1109056126   41.7539400047
mock_SNLS3    0.4150000000   41.7088675544    0.1246025167   41.7788156177
mock_SNLS3    0.4170000000   41.7625830967    0.1080461836   41.7911699301
mock_SNLS3    0.4190000000   41.8852146635    0.1156551619   41.8034800738
mock_SNLS3    0.4240000000   41.6935817220    0.1214977648   41.8340484932
mock_SNLS3    0.4270000000   41.9407573690    0.1285189001   41.8522399006
mock_SNLS3    0.4355000000   41.8645847949    0.1714723286   41.9030581843
mock_SNLS3    0.4370000000   41.8768972035    0.1164251332   41.9118956618
mock_SNLS3    0.4420000000   41.8184107706    0.1475045730   41.9412178094
mock_SNLS3    0.4422000000   41.8794420318    0.1184617901   41.9423831982
mock_SNLS3    0.4490000000   41.9456402845    0.1576672782   41.9818426930
mock_SNLS3    0.4500000000   41.7399059548    0.1703626173   41.9875883476
mock_SNLS3    0.4510000000   41.8992031365    0.1363278419   41.9933179614
mock_SNLS3    0.4607000000   42.1658391356    0.1563369186   42.0483767339
mock_SNLS3    0.4610000000   42.0376402458    0.1120162485   42.0500602144
mock_SNLS3    0.4680000000   41.7104031662    0.1787724530   42.0891791511
mock_SNLS3    0.4700000000   41.8521810248    0.1741161829   42.1002265390
mock_SNLS3    0.4700000000   41.9578288798    0.1282526744   42.1002265390
mock_SNLS3    0.4700000000   41.9444312745    0.2046414226   42.1002265390
mock_SNLS3    0.4720000000   41.9358174281    0.1494328899   42.1112621577
mock_SNLS3    0.4740000000   42.1574188603    0.1069852373   42.1222256165
mock_SNLS3    0.4790000000   42.1030846426    0.1300508100   42.1494154699
mock_SNLS3    0.4800000000   41.8321898136    0.1269065760   42.1548410448
mock_SNLS3    0.4900000000   42.1990434240    0.1291698670   42.2084508793
mock_SNLS3    0.4960000000   42.1615778015    0.1523609258   42.2401170317
mock_SNLS3    0.4990000000   42.2275294241    0.1282278033   42.2558499613
mock_SNLS3    0.4990000000   42.4349301153    0.1549461238   42.2558499613
mock_SNLS3    0.5043000000   42.2925503109    0.1315114654   42.2833913810
mock_SNLS3    0.5090000000   42.3103964892    0.1340796341   42.3075808495
mock_SNLS3    0.5100000000   42.4666111778    0.1863384795   42.3126813424
mock_SNLS3    0.5130000000   42.4187217856    0.1577973354   42.3279828214
mock_SNLS3    0.5150000000   42.4679560041    0.1438402786   42.3381420717
mock_SNLS3    0.5150000000   42.3809514122    0.2272978720   42.3381420717
mock_SNLS3    0.5160000000   42.2905361366    0.1450838394   42.3432086883
mock_SNLS3    0.5190000000   42.1877943395    0.2265225591   42.3584085382
mock_SNLS3    0.5216000000   42.5043103411    0.1751568574   42.3714033798
mock_SNLS3    0.5310000000   42.4605301862    0.1553896981   42.4180948881
mock_SNLS3    0.5320000000   42.4626826614    0.1788916775   42.4230066582
mock_SNLS3    0.5344000000   42.6082285027    0.1336812853   42.4347949063
mock_SNLS3    0.5360000000   42.5028808975    0.1804904913   42.4426249595
mock_SNLS3    0.5370000000   42.4894039266    0.1941428312   42.4474871961
mock_SNLS3    0.5500000000   42.7123712810    0.1824493899   42.5101297936
mock_SNLS3    0.5516000000   42.3663375198    0.1501746194   42.5177784089
mock_SNLS3    0.5520000000   42.5756236365    0.1796412199   42.5196905627
mock_SNLS3    0.5520000000   42.5194512035    0.1702421226   42.5196905627
mock_SNLS3    0.5590000000   42.5145221873    0.1588337179   42.5527487906
mock_SNLS3    0.5600000000   42.5229620127    0.1478372599   42.5574136144
mock_SNLS3    0.5600000000   42.6660351382    0.1721334723   42.5574136144
mock_SNLS3    0.5635000000   42.6726087853    0.1459960727   42.5737404976
mock_SNLS3    0.5660000000   42.5784711749    0.1764224285   42.5853357277
mock_SNLS3    0.5710000000   42.3481021171    1.2217624139   42.6084661533
mock_SNLS3    0.5740000000   42.5243140693    0.1695551007   42.6222755965
mock_SNLS3    0.5755000000   42.4807492776    0.1675736159   42.6291803182
mock_SNLS3    0.5794000000   42.8262620194    0.1296159123   42.6468854941
mock_SNLS3    0.5800000000   43.0658287980    0.1960251968   42.6496091122
mock_SNLS3    0.5800000000   42.5723507790    0.1683553447   42.6496091122
mock_SNLS3    0.5800000000   42.8585148140    0.1432251801   42.6496091122
mock_SNLS3    0.5817000000   42.8817372546    0.1647996235   42.6573166639
mock_SNLS3    0.5842000000   42.5402874393    0.1498286815   42.6685502902
mock_SNLS3    0.5845000000   42.7252461475    0.1514951854   42.6698983253
mock_SNLS3    0.5850000000   42.7808751113    0.1757450243   42.6721450506
mock_SNLS3    0.5850000000   42.5667083504    0.1717993437   42.6721450506
mock_SNLS3    0.5870000000   42.6046277681    0.1846528668   42.6811319516
mock_SNLS3    0.5890000000   42.4587073882    0.1631368701   42.6900745980
mock_SNLS3    0.5900000000   42.6935659754    0.1668477566   42.6945380046
mock_SNLS3    0.5900000000   42.7517830896    0.1829161393   42.6945380046
mock_SNLS3    0.5920000000   42.4835256047    0.1945411232   42.7034648179
mock_SNLS3    0.6000000000   42.7034729096    0.2337654113   42.7388662755
mock_SNLS3    0.6050000000   42.5866403890    0.1616053044   42.7607277126
mock_SNLS3    0.6075000000   42.5864152006    0.2691258075   42.7715906141
mock_SNLS3    0.6100000000   42.8935705399    0.1778327274   42.7824083042
mock_SNLS3    0.6100000000   42.4358033756    0.1856604002   42.7824083042
mock_SNLS3    0.6120000000   42.8412069583    0.1667019391   42.7910624563
mock_SNLS3    0.6130000000   42.6440833479    0.2182802392   42.7953579121
mock_SNLS3    0.6165000000   42.7463745693    0.2287037349   42.8103476775
mock_SNLS3    0.6200000000   43.0689002415    0.2333963234   42.8252986442
mock_SNLS3    0.6200000000   42.9944328174    0.2848384267   42.8252986442
mock_SNLS3    0.6268000000   43.0227878109    0.1742753383   42.8541512955
mock_SNLS3    0.6290000000   42.7554987786    0.2043301997   42.8634140962
mock_SNLS3    0.6300000000   42.9435837890    0.3728341792   42.8676244602
mock_SNLS3    0.6320000000   42.6124714344    0.1963558063   42.8760185344
mock_SNLS3    0.6340000000   42.8122811737    0.2348226732   42.8843238779
mock_SNLS3    0.6390000000   42.6312367500    0.2956487488   42.9050615350
mock_SNLS3    0.6396000000   42.9608535867    0.2199248137   42.9075362290
mock_SNLS3    0.6400000000   42.9825015687    0.3721730351   42.9091860251
mock_SNLS3    0.6430000000   42.9871398047    0.2043991430   42.9215594954
mock_SNLS3    0.6430000000   42.7824036187    0.2268375167   42.9215594954
mock_SNLS3    0.6473000000   42.9840515030    0.1946817430   42.9391860476
mock_SNLS3    0.6477000000   43.1099996074    0.1814953647   42.9408190668
mock_SNLS3    0.6634000000   43.0516094879    0.1964447679   43.0042898491
mock_SNLS3    0.6637000000   42.9187718263    0.2343702023   43.0054894976
mock_SNLS3    0.6700000000   43.4535373389    0.3362717730   43.0304754132
mock_SNLS3    0.6790000000   43.0208233753    0.2056357343   43.0659031814
mock_SNLS3    0.6800000000   42.9994840179    0.2332340113   43.0697946741
mock_SNLS3    0.6830000000   43.3030503895    0.2703936530   43.0814691521
mock_SNLS3    0.6870000000   43.0403551789    0.2779660565   43.0969900351
mock_SNLS3    0.6900000000   42.9536926379    0.3231299505   43.1085430921
mock_SNLS3    0.6900000000   43.1817953817    0.2004504602   43.1085430921
mock_SNLS3    0.6950000000   43.1868256598    0.3134215697   43.1277200056
mock_SNLS3    0.6980000000   42.9343381583    0.2324833700   43.1391557318
mock_SNLS3    0.6990000000   43.2367906248    0.2315853422   43.1429676405
mock_SNLS3    0.7000000000   43.1552347141    0.3002070565   43.1467795492
mock_SNLS3    0.7000000000   43.0539666276    0.2613950540   43.1467795492
mock_SNLS3    0.7002000000   42.9699581142    0.1816944753   43.1475414980
mock_SNLS3    0.7010000000   43.0495813049    0.3125115457   43.1505595346
mock_SNLS3    0.7010000000   43.0519719730    0.1985048734   43.1505595346
mock_SNLS3    0.7020000000   43.0015708246    0.1869600512   43.1543320804
mock_SNLS3    0.7027000000   42.7638885960    0.2660333126   43.1569728625
mock_SNLS3    0.7150000000   42.9939051016    0.2134079012   43.2030789318
mock_SNLS3    0.7180000000   43.0696472253    0.2193402721   43.2142065282
mock_SNLS3    0.7200000000   43.2279271683    0.2676281763   43.2216249258
mock_SNLS3    0.7210000000   43.0094259426    0.2241364003   43.2253341246
mock_SNLS3    0.7220000000   43.0419355530    0.2077119111   43.2290433234
mock_SNLS3    0.7255000000   43.4304665885    0.1957452726   43.2418558537
mock_SNLS3    0.7270000000   43.0196987722    0.3204871126   43.2473424376
mock_SNLS3    0.7320000000   42.9403953668    0.3317397266   43.2655746202
mock_SNLS3    0.7320000000   43.0990349140    0.2368078159   43.2655746202
mock_SNLS3    0.7330000000   43.1981173055    0.3163256432   43.2692078610
mock_SNLS3    0.7340000000   43.3248501665    0.2471129074   43.2728411019
mock_SNLS3    0.7350000000   43.3614721408    0.2466070229   43.2764743427
mock_SNLS3    0.7360000000   43.1331887499    0.2234804466   43.2801075836
mock_SNLS3    0.7370000000   42.7991824841    0.2094404877   43.2837408244
mock_SNLS3    0.7400000000   43.4036638753    0.4223366974   43.2945020921
mock_SNLS3    0.7420000000   43.3033682460    0.2146017865   43.3016673640
mock_SNLS3    0.7441000000   43.1029181469    0.1911644016   43.3091908996
mock_SNLS3    0.7450000000   43.2476121663    0.1942710990   43.3124131875
mock_SNLS3    0.7500000000   43.3619774067    0.2152261359   43.3302079332
mock_SNLS3    0.7510000000   43.4844167810    0.2434654067   43.3337668824
mock_SNLS3    0.7560000000   43.2426089246    0.4281592154   43.3514405714
mock_SNLS3    0.7570000000   43.6230634612    0.1915791691   43.3549635024
mock_SNLS3    0.7600000000   43.3941445193    0.1831366881   43.3655322957
mock_SNLS3    0.7600000000   43.0945421893    0.3043525282   43.3655322957
mock_SNLS3    0.7630000000   43.3863353257    0.2147493631   43.3760075177
mock_SNLS3    0.7630000000   43.2403182759    0.1823370765   43.3760075177
mock_SNLS3    0.7660000000   43.3584758218    0.2224901022   43.3864664427
mock_SNLS3    0.7670000000   42.7635155336    0.1878143209   43.3899527510
mock_SNLS3    0.7677000000   43.9024118802    0.2086099994   43.3923931668
mock_SNLS3    0.7690000000   43.4838937679    0.4107184651   43.3969098118
mock_SNLS3    0.7700000000   43.3503263676    0.2585345052   43.4003727980
mock_SNLS3    0.7750000000   43.5404015820    0.2443910484   43.4176877290
mock_SNLS3    0.7780000000   43.0941561992    0.3440267143   43.4279957650
mock_SNLS3    0.7900000000   43.6283749535    0.2866136162   43.4687803220
mock_SNLS3    0.7910000000   43.2704135187    0.2296226572   43.4721603614
mock_SNLS3    0.7980000000   43.5521303005    0.3115740293   43.4956951222
mock_SNLS3    0.8000000000   43.8320542016    0.3943277492   43.5024096339
mock_SNLS3    0.8000000000   43.3375398168    0.2355740626   43.5024096339
mock_SNLS3    0.8050000000   43.5028102765    0.2301235478   43.5189986755
mock_SNLS3    0.8050000000   43.6257439150    0.2617725617   43.5189986755
mock_SNLS3    0.8080000000   43.1731930275    0.2649754426   43.5289324503
mock_SNLS3    0.8100000000   43.2578071426    0.2554685052   43.5355329361
mock_SNLS3    0.8100000000   43.7238314934    0.2801500136   43.5355329361
mock_SNLS3    0.8110000000   43.4530583337    0.2308952695   43.5388217827
mock_SNLS3    0.8130000000   43.6480088129    0.2198633515   43.5453994757
mock_SNLS3    0.8170000000   43.5634113589    0.2228567234   43.5585548618
mock_SNLS3    0.8200000000   44.0576321487    0.2633473023   43.5683339663
mock_SNLS3    0.8218000000   43.3613160304    0.2243721282   43.5741931478
mock_SNLS3    0.8300000000   43.5891004525    0.2331053785   43.6007490311
mock_SNLS3    0.8300000000   43.6034421832    0.4018720805   43.6007490311
mock_SNLS3    0.8360000000   43.5476178185    0.2721723103   43.6200294824
mock_SNLS3    0.8390000000   43.4476961298    0.2116385638   43.6295951017
mock_SNLS3    0.8390000000   43.9412650672    0.2605007622   43.6295951017
mock_SNLS3    0.8400000000   43.7143786211    0.2720909754   43.6327836414
mock_SNLS3    0.8420000000   43.5536010398    0.2556434510   43.6391607209
mock_SNLS3    0.8420000000   43.4149386423    0.3219582886   43.6391607209
mock_SNLS3    0.8500000000   43.5520981354    0.2210552589   43.6644454545
mock_SNLS3    0.8500000000   43.7255624169    0.2606310683   43.6644454545
mock_SNLS3    0.8500000000   43.7376392166    0.2271651520   43.6644454545
mock_SNLS3    0.8550000000   43.7504021121    0.2397280941   43.6801236759
mock_SNLS3    0.8600000000   43.9388310085    0.2627361654   43.6957416025
mock_SNLS3    0.8600000000   43.7942718588    0.3356343655   43.6957416025
mock_SNLS3    0.8600000000   43.4296607505    0.3268296522   43.6957416025
mock_SNLS3    0.8650000000   43.9462016836    0.3758343239   43.7112208333
mock_SNLS3    0.8660000000   43.5038770737    0.2493112998   43.7143122312
mock_SNLS3    0.8660000000   43.9323693608    0.2395322971   43.7143122312
mock_SNLS3    0.8680000000   43.9457628125    0.2478843540   43.7204950269
mock_SNLS3    0.8700000000   43.8521667300    0.3674547827   43.7266658093
mock_SNLS3    0.8800000000   43.6987066838    0.2242482860   43.7572364604
mock_SNLS3    0.8900000000   43.7929894077    0.2525952506   43.7875351434
mock_SNLS3    0.8910000000   43.8741538603    0.2370316300   43.7905325369
mock_SNLS3    0.8990000000   43.6430804805    0.2483241180   43.8144705396
mock_SNLS3    0.9010000000   44.2094223258    0.2387199411   43.8204249678
mock_SNLS3    0.9100000000   43.8868597642    0.2714215781   43.8470654292
mock_SNLS3    0.9150000000   44.1954795607    0.2367148606   43.8617447186
mock_SNLS3    0.9200000000   43.9854756038    0.2688174247   43.8763396926
mock_SNLS3    0.9200000000   43.3649279236    0.3462320203   43.8763396926
mock_SNLS3    0.9240000000   43.9699565332    0.3487058382   43.8880053064
mock_SNLS3    0.9271000000   43.9921802118    0.2858672874   43.8969683201
mock_SNLS3    0.9300000000   44.5598742386    0.3636413132   43.9053092955
mock_SNLS3    0.9300000000   43.8937216062    0.3011196050   43.9053092955
mock_SNLS3    0.9340000000   43.9908653674    0.3128143786   43.9168140892
mock_SNLS3    0.9350000000   43.8312997188    0.3667271835   43.9196856436
mock_SNLS3    0.9360000000   43.6654040992    0.3644353956   43.9225424917
mock_SNLS3    0.9360000000   43.8628355297    0.2342010957   43.9225424917
mock_SNLS3    0.9490000000   43.7364994318    0.2799649655   43.9595476881
mock_SNLS3    0.9500000000   43.8278764410    0.3481601142   43.9623750842
mock_SNLS3    0.9500000000   44.0443540972    0.2701603486   43.9623750842
mock_SNLS3    0.9600000000   43.7968996730    0.2548931733   43.9904832390
mock_SNLS3    0.9600000000   43.7770930498    0.3312392700   43.9904832390
mock_SNLS3    0.9610000000   43.8402183180    0.3603967421   43.9932817842
mock_SNLS3    0.9700000000   43.4367949704    0.4828832390   44.0183001100
mock_SNLS3    0.9750000000   43.9308840609    0.2069859695   44.0321163895
mock_SNLS3    0.9810000000   44.2586422812    0.2480172049   44.0485059382
mock_SNLS3    0.9830000000   44.2172859044    0.3391505653   44.0539691211
mock_SNLS3    0.9850000000   44.0855101152    0.2499582165   44.0594184917
mock_SNLS3    0.9980000000   44.3257649482    0.2657917879   44.0945911576
mock_SNLS3    1.0000000000   44.2763145108    0.3002523700   44.0999624976
mock_SNLS3    1.0020000000   44.7420617729    0.7011565148   44.1053338375
mock_SNLS3    1.0100000000   43.2716330171    0.3940537726   44.1266765835
mock_SNLS3    1.0200000000   43.9802671547    0.2318225527   44.1531723647
mock_SNLS3    1.0200000000   44.5716575904    0.2942668510   44.1531723647
mock_SNLS3    1.0310000000   44.0699288973    0.3659100016   44.1820198308
mock_SNLS3    1.0600000000   44.0504544606    0.3391163133   44.2564959927
mock_SNLS3    1.1200000000   44.3070959112    0.2275498186   44.4043656277
mock_SNLS3    1.1400000000   44.9758265348    0.2563077795   44.4519844784
mock_SNLS3    1.2300000000   44.6300805376    0.3403776935   44.6561186120
mock_SNLS3    1.2650000000   44.6476728052    0.3207540815   44.7314674312
mock_SNLS3    1.3000000000   44.5853713484    0.2173689486   44.8048588015
mock_SNLS3    1.3400000000   45.0335172658    0.3095955456   44.8862038489
mock_SNLS3    1.3900000000   44.3971169288    0.3818482086   44.9845119164
