###################################################################
#	Summary of the parameters used to generate this mock sample:
#
#   data filename       = mock_temp/mock_snls3_A1.txt
#   sigma_mB_int_fac0   = 0.1
#   sigma_mB_int_fac1   = 0.033
#   sigma_mB_meas_fac   = 0.08
#   sigma_mB_lens_fac   = 0.07
#   sigma_mB_sys_fac    = 0
#	max redshift of sne = 1.39
###################################################################
#   z   mu   dmu    mu^th    flux    dflux     flux^th
          0.01029       33.59045564      0.1283298412       33.23787411   0.0003662838262   5.990370645e-05   0.0005068160475
          0.01006       32.91968298      0.1283238174       33.18840589   0.0006794019809   6.269322264e-05   0.0005304416826
          0.01055       33.21723888      0.1283366533       33.29249035   0.0005165405802   5.696790529e-05    0.000481952082
          0.01113       33.46130432      0.1283518597       33.40966433   0.0004125515971   5.114605163e-05   0.0004326475682
           0.0109       33.43165008       0.128345828       33.36394023   0.0004239747243    5.33434801e-05   0.0004512569559
          0.01231       33.64882762      0.1283828398       33.63043028   0.0003471114584   4.174558437e-05   0.0003530432293
          0.01334       33.75260131      0.1284099287       33.80661983   0.0003154710234   3.549983651e-05   0.0003001594827
          0.01426        33.9530764      0.1284341615       33.95295517   0.0002622825755   3.102945638e-05   0.0002623118632
          0.01457       33.84622317      0.1284423348       34.00016595   0.0002894081339   2.971101509e-05    0.000251150252
          0.01443       33.88721853      0.1284386432       33.97896926   0.0002786843555   3.029588784e-05   0.0002561016021
          0.01366       33.82411526      0.1284183535       33.85862201   0.0002953615073   3.384184029e-05   0.0002861219618
           0.0147       34.05998829      0.1284457635       34.01966894   0.0002376865927   2.918286236e-05    0.000246679138
          0.01354       33.86641549      0.1284151937       33.83926393   0.0002840755164   3.444978526e-05   0.0002912691094
          0.01557       34.19618027      0.1284687273       34.14595694   0.0002096659423   2.598306174e-05   0.0002195923587
           0.0138       33.95023324      0.1284220407        33.8809948   0.0002629703004   3.315257962e-05    0.000280286435
          0.01415        33.9010178      0.1284312623       33.93595849    0.000275164802   3.151831828e-05   0.0002664505407
          0.01515       34.23884066      0.1284576374       34.08588615   0.0002015875635   2.745877447e-05   0.0002320841811
          0.01446       33.95479568      0.1284394342       33.98352849    0.000261867577   3.016912183e-05   0.0002550284346
          0.01578       33.98342146      0.1284742749       34.17539416   0.0002550535754   2.528914764e-05   0.0002137186079
          0.01497        34.0014239      0.1284528869       34.05963576    0.000250859434   2.812970935e-05   0.0002377637795
          0.01471       33.79119815      0.1284460273        34.0211621   0.0003044533382   2.914281614e-05   0.0002463401264
          0.01555       34.20022258       0.128468199       34.14313296   0.0002088867862   2.605062419e-05    0.000220164259
          0.01549        34.1372646      0.1284666143        34.1346394   0.0002213574593   2.625488971e-05   0.0002218933258
           0.0155       34.08784812      0.1284668784       34.13605725   0.0002316651736   2.622068007e-05   0.0002216037473
          0.01548       34.34576305      0.1284663502       34.13322065   0.0001826815893   2.628916589e-05   0.0002221834679
          0.01564       34.31583942      0.1284705763       34.15581273   0.0001877864406   2.574863795e-05   0.0002176080255
           0.0155       34.01326517      0.1284668784       34.13605725   0.0002481383745   2.622068007e-05   0.0002216037473
          0.01601       34.14882488       0.128480353       34.20719387   0.0002190130771   2.456036702e-05   0.0002075498631
          0.01697       34.35252314      0.1285057459       34.33522298   0.0001815476974   2.183277973e-05   0.0001844636537
          0.01737       34.45959217      0.1285163374       34.38646911   0.0001644989511   2.082794283e-05   0.0001759593532
          0.01706       34.40554902      0.1285081284       34.34685659   0.0001728941875   2.160049187e-05    0.000182497686
           0.0175       34.35738115      0.1285197811       34.40287346   0.0001807371965   2.051616934e-05   0.0001733207732
          0.01745       34.26896662      0.1285184565       34.39657837   0.0001960709942   2.063525458e-05   0.0001743286031
          0.01768       34.34289989      0.1285245504       34.42538964   0.0001831639675   2.009582852e-05   0.0001697634306
          0.01858       34.38586689       0.128548417       34.53468135   0.0001760569781   1.817480964e-05   0.0001535067433
          0.01892       34.52108803      0.1285574419       34.57461498   0.0001554407159   1.751970986e-05   0.0001479632996
          0.01958       34.81233145      0.1285749744       34.65015226   0.0001188686743   1.634448436e-05   0.0001380190702
          0.02037       34.90488714      0.1285959838       34.73733472     0.00010915538   1.508582961e-05   0.0001273696962
          0.02098       34.86549074      0.1286122238       34.80240263   0.0001131888643   1.421009159e-05   0.0001199606884
           0.0208       34.53759157      0.1286074301       34.78339818    0.000153095833   1.446047196e-05   0.0001220789338
          0.02041       34.77783213      0.1285970483       34.74165991   0.0001227063813   1.502597686e-05   0.0001268633091
          0.02168       34.99767324      0.1286308787       34.87481303   0.0001002145326   1.329522539e-05   0.0001122211688
          0.02157       34.97464575      0.1286279459       34.86358808   0.0001023626927   1.343308565e-05   0.0001133873928
          0.02205       34.92433367      0.1286407473       34.91216247   0.0001072177108   1.284663094e-05   0.0001084263937
          0.02195       34.70755819      0.1286380796       34.90212922    0.000130911176   1.296562751e-05   0.0001094330019
          0.02248         35.123503      0.1286522232       34.95480124   8.924806338e-05   1.235300111e-05    0.000104250826
           0.0233       35.05635325      0.1286741286       35.03393336   9.494207113e-05   1.148665483e-05    9.69229569e-05
          0.02298       34.95656062      0.1286655769       35.00338346   0.0001040820294    1.18136654e-05   9.968885655e-05
          0.02242        34.8954239      0.1286506215       34.94890007   0.0001101109328   1.242017003e-05   0.0001048189905
          0.02303       35.04077733      0.1286669128       35.00818436   9.631392235e-05   1.176166528e-05   9.924902635e-05
          0.02458       35.16710769      0.1287083774       35.15214237   8.573475787e-05    1.03044673e-05   8.692466991e-05
          0.02345       35.02570054      0.1286781386       35.04811185   9.766068859e-05   1.133798058e-05   9.566548082e-05
          0.02493       35.35530787       0.128717754       35.18341223   7.209030336e-05   1.001265471e-05   8.445689414e-05
          0.02355       35.00749766      0.1286808125       35.05751472   9.931181927e-05   1.124044712e-05   9.484056054e-05
          0.02379       35.03712564      0.1286872315       35.07992238   9.663840292e-05   1.101139103e-05   9.290328005e-05
          0.02335       35.10000064      0.1286754652       35.03866947   9.120102979e-05   1.143677658e-05   9.650108806e-05
          0.02389       34.98348441      0.1286899068       35.08919338   0.0001015327703   1.091799304e-05   9.211336478e-05
          0.02418        34.9527053      0.1286976674       35.11586513   0.0001044522695   1.065369613e-05   8.987811383e-05
          0.02389       35.09730525      0.1286899068       35.08919338   9.142772214e-05   1.091799304e-05   9.211336478e-05
          0.02473       35.10733939      0.1287123953       35.16559697   9.058665929e-05   1.017787858e-05    8.58541342e-05
          0.02472       35.04113919      0.1287121274       35.16470249   9.628182747e-05    1.01862458e-05   8.592489358e-05
          0.02517       34.99669139      0.1287241866       35.20460614   0.0001003051987   9.819590564e-06   8.282425608e-05
          0.02655       35.41320719      0.1287612196       35.32274806   6.834663298e-05   8.809708471e-06   7.428493978e-05
          0.02761       35.38354749      0.1287897181       35.40947143   7.023943391e-05    8.13520125e-06   6.858220253e-05
          0.02549       35.22222681       0.128732767       35.23255799   8.149093015e-05   9.570653396e-06    8.07191917e-05
          0.02687       35.50709177       0.128769818       35.34928147   6.268495144e-05   8.597598788e-06   7.249155447e-05
          0.02741        35.1088925      0.1287843375       35.39336139   9.045717106e-05   8.256465549e-06   6.960740525e-05
           0.0267       35.35024052      0.1287652496       35.33522444   7.242754948e-05    8.70932659e-06   7.343620448e-05
          0.02707       35.10359755      0.1287751942       35.36570786   9.089939232e-05   8.468856053e-06   7.140306551e-05
          0.02767       35.55084999      0.1287913326       35.41428213   6.020880474e-05   8.099336921e-06   6.827899947e-05
          0.02774       35.46841618      0.1287932164        35.4198817   6.495813204e-05   8.057790826e-06   6.792776419e-05
          0.02856       35.48984407      0.1288152983       35.48446425   6.368869841e-05   7.593769704e-06   6.400505848e-05
           0.0291       35.60229638       0.128829855        35.5260091   5.742241421e-05   7.309514928e-06   6.160221942e-05
          0.03035       35.78770122      0.1288635969       35.61935102   4.840826459e-05   6.709119431e-06   5.652747591e-05
          0.03071       35.54132784      0.1288733264       35.64553579   6.073917175e-05   6.549745133e-06   5.518050649e-05
          0.02951       35.48547067      0.1288409153         35.557051    6.39457568e-05   7.104100259e-06   5.986591165e-05
          0.03041       35.43370543      0.1288652181       35.62373619   6.706838187e-05   6.682160723e-06   5.629962786e-05
          0.03032       35.79844921      0.1288627863       35.61715525   4.793142228e-05   6.722659259e-06   5.664191158e-05
          0.03052       35.85652081      0.1288681907       35.63175372    4.54351197e-05   6.633151591e-06     5.5885419e-05
          0.03147       35.75517245      0.1288938838       35.69984212   4.988052556e-05   6.231192097e-06   5.248837773e-05
          0.03251       35.83129468      0.1289220531       35.77211286     4.6503124e-05    5.83119747e-06   4.910829496e-05
          0.03162       35.78660362      0.1288979439        35.7104087   4.845722628e-05   6.171037548e-06   5.198002918e-05
          0.03176       35.94304697      0.1289017342        35.7202267   4.195475725e-05   6.115666044e-06   5.151210788e-05
          0.03323       35.85687177      0.1289415808       35.82083412   4.542043522e-05   5.576157396e-06   4.695332516e-05
          0.03147       35.60170798      0.1288938838       35.69984212   5.745354183e-05   6.231192097e-06   5.248837773e-05
          0.03315        35.9295838        0.12893941       35.81547187   4.247823647e-05   5.603670777e-06   4.718579248e-05
          0.03411       36.06858938      0.1289654766       35.87900029    3.73735411e-05   5.286266231e-06   4.450408579e-05
            0.035       35.92321401       0.128989676       35.93635537   4.272818002e-05   5.015202603e-06   4.221413068e-05
          0.03365       35.80863278      0.1289529817       35.84878059   4.748395521e-05   5.434940981e-06    4.57601842e-05
          0.03481       35.99683182      0.1289845072       35.92423154    3.99270546e-05     5.0713153e-06   4.268815494e-05
          0.03573       36.09431212      0.1290095491       35.98234641   3.649851128e-05   4.807939253e-06   4.046331263e-05
          0.03501       35.97127815      0.1289899481       35.93699169   4.087791547e-05   5.012274786e-06   4.218939756e-05
          0.03489       35.73351818      0.1289866834       35.92934417   5.088534561e-05   5.047576261e-06   4.248761306e-05
          0.03693       35.94992229      0.1290422642       36.05599219   4.168992203e-05   4.493769374e-06   3.780969077e-05
          0.03701        35.9247727      0.1290444473       36.06081858    4.26668832e-05   4.473913381e-06   3.764198954e-05
          0.03711       35.98712101      0.1290471765       36.06683728   4.028576325e-05   4.449275266e-06   3.743390109e-05
          0.03905        36.1175109      0.1291002039       36.18057464   3.572692503e-05   4.008415697e-06   3.371088437e-05
          0.03812       36.39065529      0.1290747645       36.12675517   2.778036088e-05   4.211288098e-06   3.542402712e-05
          0.03922       36.28071643      0.1291048579       36.19027748   3.074067704e-05   3.972896689e-06   3.341096411e-05
          0.04026       36.33348256       0.129133355       36.24875925   2.928242078e-05   3.765393906e-06   3.165893497e-05
          0.04072       36.12339274      0.1291459735       36.27415863   3.553390234e-05   3.678689193e-06   3.092691111e-05
          0.04243       36.38492641      0.1291929566       36.36619212   2.792733128e-05   3.380941616e-06   2.841339664e-05
          0.04186       36.15288548      0.1291772824       36.33592143   3.458165768e-05   3.476107911e-06   2.921671784e-05
          0.04674       36.52258433       0.129311901       36.58306409   2.460176516e-05     2.7713319e-06   2.326882024e-05
          0.04497       36.73955417      0.1292629628       36.49645018   2.014551304e-05   3.000334762e-06   2.520112494e-05
          0.04928       36.56946105      0.1293823496       36.70195786   2.356218593e-05   2.485235624e-06   2.085531992e-05
          0.04904       36.56110157      0.1293756819       36.69098087   2.374430015e-05   2.510359862e-06   2.106724037e-05
          0.04953        36.6728238      0.1293892976       36.71333732    2.14225163e-05   2.459456284e-06   2.063787949e-05
          0.05309       36.74931957      0.1294885102       36.86961632   1.996513132e-05   2.131377545e-06   1.787118998e-05
          0.05492       36.94210587      0.1295397084       36.94605079   1.671697348e-05   1.987276428e-06   1.665634416e-05
          0.05367       36.79006679      0.1295047224       36.89411332   1.922973431e-05   2.084087539e-06   1.747248481e-05
          0.05942       37.13989046      0.1296661775       37.12402651   1.393297362e-05   1.688463924e-06   1.413804624e-05
          0.05848       37.08051923      0.1296396924       37.08794888    1.47160857e-05   1.745155453e-06   1.461572782e-05
            0.063        37.5085274      0.1297673701       37.25657499   9.921767372e-06   1.495585293e-06   1.251324658e-05
          0.06337       37.16942357      0.1297778578       37.26985853   1.355909095e-05   1.477518303e-06   1.236108488e-05
          0.06513       37.54163612        0.12982782       37.33204189   9.623777018e-06   1.395811235e-06   1.167302042e-05
          0.06297       37.16989634        0.12976652       37.25549467    1.35531881e-05   1.497064361e-06   1.252570369e-05
            0.065       37.37440863      0.1298241254       37.32750434   1.122629757e-05   1.401616979e-06   1.172190681e-05
            0.067       37.35087702      0.1298810403       37.39636808   1.147226559e-05   1.316055504e-06   1.100152189e-05
          0.06905       37.36865576      0.1299395435       37.46493631   1.128593891e-05   1.236068365e-06   1.032821987e-05
          0.07009       37.66449404      0.1299692872       37.49897946   8.594139166e-06    1.19818708e-06   1.000940392e-05
          0.06793       37.54364558        0.12990756       37.42772043   9.605981975e-06   1.278856846e-06   1.068837856e-05
          0.07461       37.61817628      0.1300990572       37.64152946   8.968699798e-06   1.051811812e-06   8.777851198e-06
          0.07529       37.83724178      0.1301186503       37.66225672   7.329988413e-06   1.032078054e-06   8.611866989e-06
          0.07823       37.85549771      0.1302035724       37.74986122   7.207769929e-06   9.526954555e-07   7.944297754e-06
          0.07888       37.85275445      0.1302223939       37.76880474   7.226004341e-06   9.363526838e-07     7.8068908e-06
           0.0801       37.99090509      0.1302577655       37.80396161   6.362648991e-06   9.067648145e-07   7.558147372e-06
            0.087       38.13883135      0.1304589236       37.99367885   5.552230167e-06   7.625668661e-07    6.34641489e-06
            0.087       37.84679704      0.1304589236       37.99367885   7.265762265e-06   7.625668661e-07    6.34641489e-06
             0.09       38.14312192      0.1305469682       38.07173484   5.530332345e-06   7.101474563e-07   5.906171662e-06
            0.095       38.25170531      0.1306944939       38.19649791   5.004006624e-06   6.337731072e-07   5.265029824e-06
            0.104       38.32231778      0.1309625024       38.40615963   4.688920706e-06   5.235507574e-07   4.340463889e-06
            0.108       38.61124308      0.1310826293       38.49388643   3.593376855e-06   4.833550414e-07   4.003551585e-06
             0.11         38.409745      0.1311429255       38.53660625   4.326154256e-06   4.649198067e-07   3.849084994e-06
            0.116       38.65437265      0.1313247425       38.66050989   3.453432258e-06   4.153538891e-07   3.433966416e-06
            0.117       38.64676571      0.1313551804       38.68057176   3.477712826e-06   4.078440985e-07   3.371097373e-06
            0.118       38.80078492      0.1313856569       38.70047299   3.017769274e-06   4.005294364e-07    3.30986898e-06
            0.119       38.82310994      0.1314161719       38.72021628   2.956351193e-06   3.934032832e-07    3.25022546e-06
            0.121       38.91085359      0.1314773172        38.7592394    2.72683315e-06   3.796913946e-07   3.135481484e-06
            0.124       38.80393938      0.1315693234       38.81665274   3.009014277e-06   3.603870901e-07    2.97398589e-06
           0.1242       38.80959072      0.1315754694       38.82043378   2.993392811e-06   3.591510132e-07   2.963647097e-06
            0.125       39.18243669      0.1316000689       38.83550103   2.123368274e-06   3.542675602e-07   2.922803305e-06
            0.127       38.73656394      0.1316616747       38.87277696   3.201654196e-06    3.42471369e-07   2.824159463e-06
            0.128        38.9193296       0.131692535       38.89120897   2.705628475e-06   3.367853965e-07   2.776619785e-06
             0.13       38.82252685      0.1317543703       38.92767154   2.957939325e-06    3.25815766e-07   2.684920222e-06
             0.13       38.95683426      0.1317543703       38.92767154   2.613763544e-06    3.25815766e-07   2.684920222e-06
            0.143       39.19864634      0.1321600131        39.1526181   2.091902627e-06   2.656614334e-07   2.182492493e-06
            0.143       38.95595924      0.1321600131        39.1526181   2.615870883e-06   2.656614334e-07   2.182492493e-06
            0.145       39.13373447      0.1322229886       39.18551585   2.220783445e-06   2.578554477e-07   2.117354917e-06
            0.146        39.2448902      0.1322545331       39.20180623   2.004674743e-06   2.540760653e-07   2.085823271e-06
            0.147       39.22318002      0.1322861153       39.21799285   2.045163315e-06   2.503760619e-07   2.054957579e-06
            0.147       39.43417118      0.1322861153       39.21799285   1.683959063e-06   2.503760619e-07   2.054957579e-06
            0.148       39.20005685      0.1323177352       39.23407709   2.089186739e-06   2.467532629e-07   2.024739546e-06
            0.153       39.38866833      0.1324763998       39.31300915   1.756032978e-06   2.297262049e-07   1.882765974e-06
            0.156       39.38883523      0.1325720495       39.35922264   1.755763069e-06   2.203122235e-07   1.804309116e-06
            0.162       39.49253014      0.1327643601       39.44921999   1.595834843e-06   2.030809528e-07   1.660779616e-06
            0.165       39.30561559      0.1328610196       39.49306242   1.895630829e-06   1.951858326e-07   1.595052679e-06
           0.1692        39.4926533      0.1329969057        39.5532138   1.595653839e-06   1.848552109e-07   1.509087704e-06
            0.172       39.59600925      0.1330878604       39.59254933    1.45076243e-06   1.783998121e-07   1.455392959e-06
            0.174       39.66191517      0.1331530058       39.62028402    1.36531836e-06   1.739854968e-07   1.418686358e-06
            0.175       39.53434445      0.1331856341       39.63404067    1.53554384e-06   1.718370453e-07   1.400824516e-06
            0.179       39.80405243      0.1333165164       39.68834825   1.197785439e-06   1.636139527e-07   1.332480002e-06
            0.181       39.80302489      0.1333821788       39.71508161   1.198919553e-06   1.597132122e-07   1.300071857e-06
            0.181       39.49944671      0.1333821788       39.71508161   1.585701055e-06   1.597132122e-07   1.300071857e-06
            0.183        39.8037924      0.1334479884       39.74154272   1.198072335e-06   1.559447015e-07   1.268770031e-06
            0.184       39.79525317      0.1334809484         39.754673   1.207532227e-06   1.541082052e-07   1.253518647e-06
            0.184       39.87743208      0.1334809484         39.754673   1.119507919e-06   1.541082052e-07   1.253518647e-06
            0.185       39.97360169      0.1335139451       39.76773738   1.024611728e-06   1.523026137e-07   1.238525771e-06
            0.187       39.67805109      0.1335800484       39.79367119   1.345177407e-06   1.487814547e-07   1.209292958e-06
             0.19        39.7933693      0.1336794782       39.83209463    1.20962925e-06   1.437151554e-07   1.167245335e-06
            0.191       39.84913682      0.1337126946       39.84477779   1.149066789e-06   1.420813924e-07    1.15368935e-06
            0.193       39.83069012       0.133779237       39.86996093   1.168756262e-06   1.388928927e-07    1.12723802e-06
            0.198       40.03824757      0.1339462308       39.93187857   9.653859482e-07   1.313574619e-07   1.064752261e-06
            0.202       40.09640127      0.1340804801       39.98038106   9.150387609e-07   1.257444462e-07   1.018233956e-06
            0.204       39.82515165      0.1341478223       40.00430058   1.174733458e-06   1.230662803e-07   9.960468525e-07
            0.206       40.35730133      0.1342153091       40.02800457   7.195806356e-07   1.204691675e-07   9.745366426e-07
            0.211       40.05719881      0.1343846579       40.08634791      9.486816e-07   1.143105217e-07   9.235509023e-07
            0.212       39.98952906      0.1344186357       40.09786331   1.009690744e-06   1.131331392e-07   9.138074089e-07
            0.213       40.22809957      0.1344526494       40.10932872   8.105133506e-07   1.119730621e-07   9.042083441e-07
            0.214       40.18226535      0.1344866991        40.1207446   8.454615509e-07   1.108299598e-07   8.947509358e-07
            0.217       40.27919874      0.1345890635       40.15469945   7.732510242e-07    1.07499309e-07   8.672019014e-07
            0.218       40.05187493      0.1346232567        40.1659216    9.53344854e-07   1.064209505e-07   8.582846813e-07
            0.219        40.1874069      0.1346574856       40.17709639   8.414672897e-07   1.053580256e-07   8.494962037e-07
            0.219       40.16739252      0.1346574856       40.17709639   8.571226917e-07   1.053580256e-07   8.494962037e-07
             0.22       40.17392923      0.1346917503       40.18822426   8.519778611e-07    1.04310247e-07   8.408340629e-07
             0.23       40.46546596      0.1350363584       40.29700985   6.513487951e-07   9.460682264e-08   7.606695985e-07
            0.244       40.43029021       0.135524762       40.44221112   6.727967989e-07   8.306343446e-08   6.654501863e-07
            0.245       40.52196355      0.1355599119       40.45228695   6.183218301e-07    8.23175009e-08   6.593032537e-07
            0.246        40.3785322       0.135595097       40.46232502   7.056463843e-07   8.158111877e-08   6.532358194e-07
             0.25       40.56466513      0.1357361871       40.50210559   5.944754837e-07    7.87279767e-08   6.297349029e-07
           0.2501       40.66481696      0.1357397216       40.50309258    5.42092274e-07   7.865848926e-08   6.291626991e-07
            0.251       40.70141456      0.1357715471       40.51195924   5.241241551e-07   7.803703345e-08   6.240455704e-07
            0.252       40.61734014      0.1358069419       40.52177685   5.663226685e-07   7.735473599e-08   6.184281622e-07
            0.253        40.6494941      0.1358423715       40.53155871   5.497969926e-07   7.668094387e-08   6.128815041e-07
            0.254       40.53945497       0.135877836       40.54130509    6.08440356e-07   7.601551947e-08   6.074044452e-07
            0.257       40.84150555      0.1359844383       40.57033397   4.606783252e-07    7.40681169e-08   5.913796986e-07
            0.258       40.29351854      0.1360200419       40.57994107    7.63119555e-07   7.343484086e-08   5.861699813e-07
            0.259       40.53989851      0.1360556802       40.58951399   6.081918514e-07   7.280928421e-08   5.810244439e-07
            0.259       40.49844786      0.1360556802       40.58951399   6.318599901e-07   7.280928421e-08   5.810244439e-07
            0.259       40.71675726      0.1360556802       40.58951399   5.167697651e-07   7.280928421e-08   5.810244439e-07
            0.262        40.5920155       0.136162803       40.61803028   5.796873207e-07   7.097772122e-08   5.659628032e-07
            0.262       40.66676512       0.136162803       40.61803028   5.411204558e-07   7.097772122e-08   5.659628032e-07
            0.263       40.75649187      0.1361985798       40.62746904   4.981994589e-07   7.038184442e-08   5.610639755e-07
           0.2631       40.57560961      0.1362021594        40.6284111   5.885131306e-07   7.032265085e-08   5.605773681e-07
            0.265       40.76888835      0.1362702371       40.64624802   4.925435767e-07   6.921137612e-08   5.514432089e-07
            0.265       40.55703822      0.1362702371       40.64624802   5.986661607e-07   6.921137612e-08   5.514432089e-07
            0.267        40.5837677      0.1363420325        40.6648972   5.841076845e-07   6.806856031e-08   5.420522123e-07
            0.268       40.61310706      0.1363779819        40.6741737   5.685349603e-07   6.750725689e-08   5.374406623e-07
             0.27       40.71880513      0.1364499839       40.69263166   5.157959726e-07   6.640434607e-08    5.28381174e-07
            0.272        40.8113902      0.1365221234       40.71096442   4.736351462e-07   6.532703503e-08   5.195343093e-07
             0.28       40.61829559      0.1368120521       40.78307813   5.658245178e-07   6.125884248e-08   4.861482751e-07
           0.2821       40.99571324      0.1368885206       40.80169418   3.996821059e-07    6.02511078e-08   4.778838198e-07
           0.2847       40.82314671      0.1369834039       40.82456705   4.685342219e-07   5.903598504e-08   4.679216935e-07
            0.288       40.99924435      0.1371041634       40.85332324   3.983843405e-07   5.754359981e-08   4.556912651e-07
             0.29       40.89823065      0.1371775306       40.87060427   4.372277715e-07   5.666526859e-08   4.484957076e-07
           0.2912       40.98313549      0.1372216159       40.88092042   4.043391589e-07   5.614745072e-08   4.442544978e-07
            0.294       40.92804742      0.1373246708       40.90484037    4.25383885e-07   5.496523614e-08   4.345741122e-07
              0.3       40.69810092      0.1375463922       40.95540063   5.257262152e-07   5.254902116e-08   4.148009548e-07
           0.3027       40.84891344      0.1376465613       40.97785034   4.575458537e-07   5.151111024e-08   4.063122014e-07
            0.303       40.78048826      0.1376577063       40.98033339   4.873092943e-07   5.139760171e-08   4.053840393e-07
             0.31       40.96918975      0.1379186097       41.03763919   4.095661935e-07   4.884755991e-08   3.845424807e-07
            0.311       41.13475756       0.137956015       41.04572849   3.516389505e-07   4.849812214e-08   3.816880842e-07
            0.311       40.91765791       0.137956015       41.04572849   4.294739599e-07   4.849812214e-08   3.816880842e-07
            0.314       41.16299146      0.1380684303       41.06985382   3.426126677e-07   4.747101717e-08   3.733004128e-07
            0.322       41.06160852      0.1383696624        41.1331675   3.761461238e-07   4.487966032e-08   3.521543033e-07
            0.323       41.23427728       0.138407465       41.14097982   3.208404299e-07   4.457006476e-08   3.496295012e-07
            0.328       41.02211025      0.1385969717       41.17971111   3.900819903e-07   4.306703522e-08   3.373770638e-07
            0.332       41.18539643      0.1387491677       41.21030741   3.356150509e-07   4.191631587e-08   3.280024123e-07
           0.3373        41.1976552      0.1389516328       41.25032971   3.318470197e-07   4.045828335e-08   3.161317513e-07
             0.34       41.22624672      0.1390551272       41.27049664   3.232222973e-07   3.974330951e-08   3.103139805e-07
           0.3402       41.11401258      0.1390628029       41.27198463   3.584222547e-07   3.969107005e-08   3.098889917e-07
            0.347        41.1630961      0.1393245474       41.32210343   3.425796494e-07   3.797186684e-08   2.959093093e-07
            0.348       41.18991728      0.1393631653       41.32939753   3.342205031e-07   3.772807709e-08   2.939280198e-07
            0.348       41.54488588      0.1393631653       41.32939753   2.410158739e-07   3.772807709e-08   2.939280198e-07
             0.35       41.37894442      0.1394404981       41.34392807    2.80816248e-07   3.724717826e-08   2.900205501e-07
             0.35       41.05347292      0.1394404981       41.34392807   3.789752372e-07   3.724717826e-08   2.900205501e-07
           0.3537       41.48324693      0.1395839031       41.37060936   2.550945786e-07   3.638038359e-08   2.829803346e-07
           0.3553        41.5230968      0.1396460523       41.38206777   2.459015578e-07   3.601448731e-08   2.800095822e-07
            0.357       41.55615289      0.1397121758       41.39419042   2.385277132e-07   3.563147243e-08   2.769005595e-07
           0.3578       41.36034482      0.1397433247       41.39987682   2.856683131e-07   3.545324748e-08   2.754541187e-07
           0.3688       41.71648255       0.140173694       41.47690062   2.057818094e-07   3.312698797e-08   2.565900146e-07
            0.369       41.59037326      0.1401815545       41.47828138   2.311270078e-07   3.308674167e-08   2.562639104e-07
             0.37       41.40101817      0.1402208761       41.48517484   2.751647075e-07   3.288655795e-08   2.546420163e-07
           0.3709       41.25930768      0.1402562926        41.4913643   3.135284316e-07   3.270787391e-08   2.531945071e-07
            0.372       41.48795063      0.1402996143       41.49891044    2.53991831e-07   3.249136675e-08   2.514408425e-07
            0.373         41.558946      0.1403390309       41.50575276   2.379148764e-07   3.229632075e-08   2.498612432e-07
            0.375       41.30344708      0.1404179587       41.51938685   3.010378959e-07   3.191123369e-08   2.467432377e-07
            0.381       41.69497953      0.1406554984       41.55989089   2.098979452e-07   3.079470424e-08   2.377079154e-07
            0.393       41.63194058      0.1411339614       41.63916521   2.224455735e-07   2.872374942e-08   2.209703063e-07
            0.395        41.5324813      0.1412141414       41.65216009   2.437852799e-07   2.839813588e-08   2.183413358e-07
            0.402       41.80160566      0.1414957468        41.6971691   1.902644877e-07   2.729929474e-08   2.094750785e-07
            0.404       41.63908131      0.1415764833       41.70989597    2.20987381e-07   2.699655897e-08   2.070339705e-07
           0.4067       41.66039913      0.1416856728       41.72698531    2.16690738e-07   2.659545918e-08   2.038007961e-07
            0.411       41.84248287      0.1418600291        41.7539866   1.832343336e-07   2.597413456e-08   1.987949562e-07
            0.415         41.725769      0.1420227289       41.77887084   2.040292345e-07   2.541471231e-08   1.942905442e-07
            0.417       41.73051062      0.1421042618       41.79122997   2.031401413e-07   2.514147731e-08   1.920914392e-07
            0.419       41.68509069      0.1421859164       41.80353445   2.118184207e-07   2.487244505e-08   1.899267858e-07
            0.424       41.65009404      0.1423905842       41.83405974   2.187572136e-07   2.421770895e-08   1.846613914e-07
            0.427       41.87208596       0.142513748       41.85221554   1.783058605e-07   2.383670525e-08   1.815991387e-07
           0.4355       42.13719823      0.1428641846       41.90302344   1.396756528e-07   2.280287839e-08   1.732968323e-07
            0.437       41.93944827      0.1429262514       41.91189415   1.675794231e-07   2.262715873e-08   1.718867262e-07
            0.442       41.86788917      0.1431336264       41.94126094   1.789964147e-07   2.205530044e-08   1.672998778e-07
           0.4422       42.14755492      0.1431419369        41.9424292   1.383496402e-07   2.203286069e-08   1.671199584e-07
            0.449       41.96628411      0.1434252014       41.98186166   1.634881784e-07    2.12890599e-08   1.611592863e-07
             0.45       41.81077682      0.1434669736       41.98761382   1.886641016e-07   2.118273778e-08   1.603077332e-07
            0.451       41.88662649      0.1435087753       41.99335414   1.759338492e-07   2.107717899e-08   1.594624181e-07
           0.4607       41.86980447      0.1439157818       42.04843084   1.786809334e-07   2.009147232e-08   1.515750297e-07
            0.461       42.31025881      0.1439284137       42.05011704   1.190958085e-07   2.006205434e-08   1.513398097e-07
            0.468       42.34329727      0.1442239049       42.08917525   1.155263606e-07   1.939290329e-08   1.459922836e-07
             0.47        42.2854668      0.1443085933       42.10023511   1.218465622e-07   1.920763207e-08   1.445126799e-07
             0.47       42.32863945      0.1443085933       42.10023511   1.170965821e-07   1.920763207e-08   1.445126799e-07
             0.47       41.86739603      0.1443085933       42.10023511   1.790777328e-07   1.920763207e-08   1.445126799e-07
            0.472       41.78791831       0.144393398       42.11125135   1.926782419e-07   1.902490406e-08   1.430538198e-07
            0.474       42.15120249      0.1444783187       42.12222431   1.378856282e-07    1.88446742e-08   1.416153319e-07
            0.479       42.11707196      0.1446911267        42.1494696   1.422889637e-07   1.840474214e-08   1.381058765e-07
             0.48       41.91335308      0.1447337749       42.15488692   1.716559127e-07   1.831853764e-08   1.374185089e-07
             0.49       41.93618512      0.1451618369       42.20849016    1.68083837e-07   1.748767483e-08   1.307988525e-07
            0.496       42.20053524      0.1454200462       42.24016547   1.317607034e-07   1.701507122e-08   1.270380484e-07
            0.499       42.53079317      0.1455495345       42.25586953    9.72036854e-08   1.678567033e-08   1.252137979e-07
            0.499       42.34150185      0.1455495345       42.25586953   1.157175584e-07   1.678567033e-08   1.252137979e-07
           0.5043       42.47740087      0.1457789197        42.2833996   1.021032697e-07   1.639119313e-08   1.220787742e-07
            0.509       42.19725101      0.1459829994       42.30758833   1.321598675e-07   1.605249827e-08   1.193890975e-07
             0.51       42.23961033      0.1460265007       42.31270798     1.2710302e-07   1.598174389e-08   1.188274585e-07
            0.513       42.23816782      0.1461571727       42.32801093   1.272720004e-07   1.577216968e-08   1.171643877e-07
            0.515       42.29069397      0.1462444273       42.33816657   1.212613537e-07   1.563465767e-08   1.160735776e-07
            0.515        42.2723942      0.1462444273       42.33816657   1.233225002e-07   1.563465767e-08   1.160735776e-07
            0.516       42.10787331      0.1462880965        42.3432306    1.43499595e-07    1.55665521e-08   1.155334549e-07
            0.519       42.53454702      0.1464192714       42.35836788   9.686819188e-08   1.536479492e-08   1.139338693e-07
           0.5216       42.27898054      0.1465331588       42.37142091   1.225766601e-07    1.51929891e-08   1.125723246e-07
            0.531       42.36039209      0.1469464679       42.41811079   1.137216528e-07   1.459454354e-08   1.078339924e-07
            0.532       42.25405061      0.1469905804       42.42303223   1.254237421e-07   1.453290019e-08   1.073463065e-07
           0.5344       42.59426478      0.1470965626        42.4348085   9.168411293e-08    1.43864886e-08   1.061882838e-07
            0.536       42.21868166      0.1471673053       42.44263188   1.295768252e-07   1.429006702e-08   1.054258832e-07
            0.537       42.32817438      0.1472115551       42.44751041   1.171467506e-07   1.423027909e-08   1.049532369e-07
             0.55       42.49638534      0.1477892841       42.51016886   1.003334775e-07   1.348500405e-08   9.906778567e-08
           0.5516       42.60705934      0.1478607063       42.51778455   9.061002754e-08   1.339721835e-08   9.837532477e-08
            0.552       42.15378394      0.1478785727       42.51968524   1.375581806e-07   1.337540171e-08   9.820325982e-08
            0.552       42.45981342      0.1478785727       42.51968524   1.037706728e-07   1.337540171e-08   9.820325982e-08
            0.559        42.4927487       0.148191932       42.55273986    1.00670105e-07   1.300182434e-08   9.525856927e-08
             0.56       42.45803087      0.1482368051       42.55743022    1.03941182e-07   1.294969791e-08   9.484794175e-08
             0.56       42.74471739      0.1482368051       42.55743022   7.982024248e-08   1.294969791e-08   9.484794175e-08
           0.5635       42.60148012      0.1483940721       42.57378481   9.107683955e-08    1.27696299e-08   9.342994166e-08
            0.566       42.75869538      0.1485066062       42.58540837   7.879920686e-08   1.264323195e-08   9.243504395e-08
            0.571       42.69067252      0.1487321739       42.60851155   8.389401776e-08   1.239584066e-08   9.048891469e-08
            0.574        42.4910729      0.1488678332       42.62228239   1.008256059e-07   1.225077579e-08    8.93484544e-08
           0.5755       42.73159551      0.1489357522       42.62914246   8.079077903e-08   1.217916908e-08   8.878569865e-08
           0.5794       42.91395462      0.1491126199       42.64690027   6.829959853e-08   1.199582095e-08   8.734537101e-08
             0.58        42.9036337      0.1491398659       42.64962225     6.8951945e-08   1.196797098e-08   8.712666669e-08
             0.58       42.53460091      0.1491398659       42.64962225   9.686338357e-08   1.196797098e-08   8.712666669e-08
             0.58       42.79598185      0.1491398659       42.64962225   7.613901589e-08   1.196797098e-08   8.712666669e-08
           0.5817       42.67036788      0.1492171144       42.65732019   8.547770368e-08   1.188957256e-08   8.651111799e-08
           0.5842       42.83184858       0.149330853       42.66860232   7.366489369e-08   1.177563401e-08   8.561681609e-08
           0.5845       42.68579086      0.1493445126       42.66995312   8.427206917e-08   1.176206846e-08   8.551036357e-08
            0.585          42.73552       0.149367284         42.672203    8.04992805e-08   1.173950981e-08   8.533335069e-08
            0.585       42.79366324       0.149367284         42.672203   7.630178633e-08   1.173950981e-08   8.533335069e-08
            0.587       42.75789128      0.1494584348       42.68118448   7.885758794e-08   1.164990324e-08   8.463036392e-08
            0.589       42.66930814      0.1495496903       42.69013719   8.556117586e-08   1.156129071e-08   8.393539215e-08
             0.59       42.75953137      0.1495953572       42.69460282   7.873855742e-08   1.151735275e-08   8.359087542e-08
             0.59       42.83715969      0.1495953572       42.69460282   7.330542651e-08   1.151735275e-08   8.359087542e-08
            0.592       42.84398561      0.1496867693       42.70351272   7.284600771e-08   1.143020466e-08   8.290770843e-08
              0.6       42.74183758      0.1500534571       42.73887099   8.003223941e-08   1.109106602e-08   8.025121286e-08
            0.605       42.66630906      0.1502834779       42.76074485   8.579784412e-08   1.088651751e-08   7.865060334e-08
           0.6075       42.51334915      0.1503987297        42.7716179   9.877802512e-08   1.078630475e-08   7.786689164e-08
             0.61       42.88078654      0.1505141419        42.7824488   7.041827562e-08    1.06874345e-08   7.709398222e-08
             0.61         42.856536      0.1505141419        42.7824488   7.200880407e-08    1.06874345e-08   7.709398222e-08
            0.612       43.01322807      0.1506065869       42.79108339   6.233167148e-08   1.060928929e-08    7.64833048e-08
            0.613       42.82350198      0.1506528478       42.79539069   7.423337523e-08   1.057052966e-08   7.618048329e-08
           0.6165       43.15205618      0.1508149618       42.81041416   5.485011309e-08   1.043648955e-08   7.513362351e-08
             0.62       42.89907546      0.1509773877       42.82535726   6.924203372e-08    1.03049214e-08    7.41066356e-08
             0.62       42.77829308      0.1509773877       42.82535726   7.738962972e-08    1.03049214e-08    7.41066356e-08
           0.6268       42.93024058      0.1512938458       42.85416293   6.728275526e-08   1.005615064e-08   7.216636454e-08
            0.629        42.9019019      0.1513964793       42.86341914   6.906201435e-08   9.977547373e-09   7.155374066e-08
             0.63       42.90413134      0.1514431712       42.86761639   6.892034814e-08   9.942115851e-09   7.127766176e-08
            0.632       42.72467181      0.1515366303       42.87599199    8.13076251e-08   9.871803631e-09   7.072992573e-08
            0.634        42.8159864      0.1516301899       42.88434254   7.474900928e-08   9.802217643e-09   7.018801856e-08
            0.639       42.71021225      0.1518645267       42.90511026   8.239770187e-08   9.631366666e-09   6.885823647e-08
           0.6396       42.78755576      0.1518926891       42.90759203   7.673220842e-08   9.611158464e-09    6.87010203e-08
             0.64       42.86753161       0.151911469       42.90924532   7.128322735e-08   9.597720854e-09    6.85964864e-08
            0.643         43.154251      0.1520524451       42.92161387   5.473934556e-08   9.497811406e-09   6.781947967e-08
            0.643       42.69170738      0.1520524451       42.92161387   8.381409272e-08   9.497811406e-09   6.781947967e-08
           0.6473       42.79963391      0.1522549006       42.93924704   7.588333954e-08   9.357248128e-09   6.672693639e-08
           0.6477       42.75928201       0.152273757       42.94088168   7.875664291e-08   9.344327942e-09   6.662655046e-08
           0.6634       43.11368325      0.1530169803       43.00429613   5.682333234e-08   8.857208272e-09   6.284656562e-08
           0.6637       42.89591046      0.1530312408       43.00549393    6.94441737e-08   8.848266742e-09   6.277727018e-08
             0.67       43.16482828       0.153331217        43.0305297   5.420866206e-08   8.663520016e-09   6.134626417e-08
            0.679       42.98577209      0.1537614209       43.06590931   6.392800711e-08   8.409290173e-09   5.937946427e-08
             0.68       42.80000602      0.1538093417       43.06981279   7.585733684e-08   8.381722521e-09   5.916636465e-08
            0.683       43.28667652      0.1539532482       43.08149048   4.845397298e-08   8.299813673e-09   5.853340741e-08
            0.687        42.9380149      0.1541454584       43.09698496   6.680270362e-08   8.192424193e-09   5.770401311e-08
             0.69       43.28693672      0.1542898665       43.10854948   4.844236193e-08    8.11322073e-09   5.709265089e-08
             0.69       42.96107981      0.1542898665       43.10854948   6.539854354e-08    8.11322073e-09   5.709265089e-08
            0.695       43.24291624      0.1545310219       43.12771755   5.044678615e-08   7.983702357e-09   5.609355708e-08
            0.698       42.94967856      0.1546759993       43.13915533   6.608890791e-08   7.907450414e-09   5.550573613e-08
            0.699       43.18194168      0.1547243723        43.1429575   5.336092224e-08   7.882271833e-09   5.531169897e-08
              0.7       43.09995632      0.1547727689       43.14675448   5.754630889e-08   7.857211406e-09   5.511860356e-08
              0.7       43.10914862      0.1547727689       43.14675448   5.706115445e-08   7.857211406e-09   5.511860356e-08
           0.7002       42.90766822      0.1547824511       43.14751326   6.869619973e-08   7.852213436e-09   5.508009697e-08
            0.701       43.03132738      0.1548211891       43.15054629   6.130121012e-08   7.832268414e-09   5.492644407e-08
            0.701       42.78361784      0.1548211891       43.15054629   7.701101783e-08   7.832268414e-09   5.492644407e-08
            0.702         43.052985      0.1548696328       43.15433293   6.009052547e-08   7.807442144e-09   5.473521471e-08
           0.7027       43.34141114      0.1549035574       43.15698052    4.60718387e-08   7.790132824e-09   5.460190451e-08
            0.715       43.18377932      0.1555015322       43.20309578   5.327068409e-08   7.495006937e-09   5.233131963e-08
            0.718       43.23238997      0.1556479143       43.21422831   5.093824904e-08   7.425533482e-09   5.179748521e-08
             0.72       43.25948281      0.1557456182        43.2216253   4.968289313e-08   7.379745714e-09   5.144579472e-08
            0.721       43.10228705      0.1557945049       43.22531642   5.742290797e-08   7.357008316e-09   5.127119402e-08
            0.722       43.04153053      0.1558434146       43.22900265   6.072783337e-08   7.334374418e-09   5.109741637e-08
           0.7255         43.439263      0.1560147802       43.24186605   4.210123159e-08   7.255962059e-09   5.049560494e-08
            0.727        43.4295018      0.1560883089       43.24736076   4.248144508e-08   7.222736198e-09   5.024070183e-08
            0.732       43.35162809      0.1563337773       43.26559832   4.564032878e-08   7.113595632e-09   4.940383617e-08
            0.732       42.83570432      0.1563337773       43.26559832   7.340375438e-08   7.113595632e-09   4.940383617e-08
            0.733       43.21495232      0.1563829397        43.2692315   5.176295615e-08   7.092060843e-09   4.923879318e-08
            0.734       43.22169822      0.1564321248       43.27285993   5.144233974e-08   7.070622501e-09   4.907451616e-08
            0.735       43.51392302      0.1564813328       43.27648363   3.930346064e-08   7.049280045e-09   4.891100059e-08
            0.736        43.2032479      0.1565305636       43.28010261    5.23239883e-08   7.028032918e-09   4.874824195e-08
            0.737       43.12218999      0.1565798172       43.28371687   5.637986144e-08   7.006880569e-09   4.858623579e-08
             0.74       43.15596903      0.1567277142        43.2945315   5.465279661e-08    6.94398671e-09   4.810468789e-08
            0.742       43.27406978      0.1568264257       43.30171791   4.901986264e-08   6.902521393e-09    4.77873378e-08
           0.7441       43.26238224      0.1569301702       43.30924366   4.955039288e-08   6.859376823e-09   4.745724642e-08
            0.745       43.22182725      0.1569746627       43.31246274   5.143622635e-08   6.841008669e-09   4.731674948e-08
             0.75        43.4979573      0.1572221756       43.33027883    3.98856873e-08   6.740280156e-09   4.654665391e-08
            0.751       43.30471499      0.1572717457       43.33382836   4.765560684e-08    6.72039877e-09   4.639473049e-08
            0.756       43.41696109      0.1575199324       43.35150815    4.29749683e-08   6.622286075e-09   4.564537097e-08
            0.757       43.34087372      0.1575696369       43.35503062   4.609464903e-08   6.602918974e-09   4.549752306e-08
             0.76       43.63152722      0.1577188841       43.36557124   3.526867225e-08   6.545319931e-09   4.505795778e-08
             0.76        43.2655321      0.1577188841       43.36557124   4.940684925e-08   6.545319931e-09   4.505795778e-08
            0.763       43.31419404      0.1578683317       43.37607193   4.724135927e-08   6.488464435e-09   4.462428073e-08
            0.763       43.29175942      0.1578683317       43.37607193   4.822766465e-08   6.488464435e-09   4.462428073e-08
            0.766       43.32549062       0.158017979       43.38653297   4.675238315e-08   6.432340047e-09   4.419639154e-08
            0.767       43.46024276      0.1580679057       43.39001122   4.129551588e-08   6.413792273e-09   4.405503096e-08
           0.7677       43.25933245      0.1581028676        43.3924434   4.968977394e-08    6.40085612e-09   4.395645276e-08
            0.769       43.39189002      0.1581678255       43.39695466   4.397886253e-08   6.376934582e-09   4.377419193e-08
             0.77       43.63057617      0.1582178185       43.40041986   3.529957952e-08   6.358623784e-09   4.363470637e-08
            0.775       43.52984754      0.1584681139       43.41768111    3.87312029e-08   6.268232913e-09   4.294647829e-08
            0.778       43.44980216      0.1586185546       43.42798644   4.169453531e-08   6.214913556e-09    4.25407776e-08
             0.79       43.55558316      0.1592222814       43.46882823   3.782393735e-08   6.008253238e-09   4.097025874e-08
            0.791       43.39392966      0.1592727331       43.47220465   4.389632246e-08   5.991495692e-09   4.084304744e-08
            0.798       43.42384567      0.1596264989       43.49572484   4.270332889e-08   5.876121011e-09   3.996778335e-08
              0.8       43.29107188      0.1597277684        43.5024083   4.825821433e-08   5.843765533e-09   3.972250958e-08
              0.8       43.26751335      0.1597277684        43.5024083   4.931677382e-08   5.843765533e-09   3.972250958e-08
            0.805       43.55943199      0.1599813168       43.51904657   3.769009247e-08   5.764031129e-09   3.911842587e-08
            0.805       43.75641796      0.1599813168       43.51904657   3.143640058e-08   5.764031129e-09   3.911842587e-08
            0.808       43.60361323      0.1601337019       43.52898165   3.618717714e-08   5.716968035e-09   3.876210381e-08
             0.81       43.61513709      0.1602353984       43.53558523   3.580512261e-08   5.685910912e-09   3.852706328e-08
             0.81       43.23208477      0.1602353984       43.53558523   5.095256959e-08   5.685910912e-09   3.852706328e-08
            0.811       43.57605048      0.1602862785       43.53888111   3.711759331e-08   5.670476823e-09   3.841028716e-08
            0.813       43.29128423      0.1603881022        43.5454611   4.824877674e-08   5.639795931e-09   3.817820988e-08
            0.817       43.68195897      0.1605920036        43.5585742   3.366792982e-08   5.579174134e-09   3.771988153e-08
             0.82       43.80530885      0.1607451511       43.56836831   3.005221321e-08   5.534345134e-09   3.738115172e-08
           0.8218       43.51303051      0.1608371305       43.57422813   3.933578285e-08   5.507705949e-09   3.717994556e-08
             0.83       43.84411993      0.1612570064       43.60076648   2.899693048e-08   5.388745619e-09   3.628218301e-08
             0.83       43.61564045      0.1612570064       43.60076648   3.578852656e-08   5.388745619e-09   3.628218301e-08
            0.836        43.8450849      0.1615651204       43.62002424   2.897117025e-08   5.304123079e-09   3.564431757e-08
            0.839       43.77857634      0.1617194573        43.6296029   3.080132962e-08   5.262556789e-09   3.533123676e-08
            0.839       43.53282308      0.1617194573        43.6296029   3.862520234e-08   5.262556789e-09   3.533123676e-08
             0.84       43.59156794      0.1617709442        43.6327884   3.659087754e-08   5.248809849e-09   3.522772839e-08
            0.842       43.63496775        0.16187398       43.63914838   3.515708837e-08   5.221477048e-09    3.50219762e-08
            0.842       43.51189979        0.16187398       43.63914838   3.937676946e-08   5.221477048e-09    3.50219762e-08
             0.85       43.37596306      0.1622869449       43.66444245   4.462875558e-08   5.114253912e-09   3.421551027e-08
             0.85       43.58157089      0.1622869449       43.66444245   3.692934819e-08   5.114253912e-09   3.421551027e-08
             0.85       43.88323336      0.1622869449       43.66444245    2.79709138e-08   5.114253912e-09   3.421551027e-08
            0.855       44.02069433      0.1625457127       43.68013405   2.464462797e-08   5.048909412e-09   3.372456678e-08
             0.86       43.76817238      0.1628049889        43.6957367   3.109789894e-08   4.984811158e-09   3.324339128e-08
             0.86       43.37066006      0.1628049889        43.6957367   4.484726639e-08   4.984811158e-09   3.324339128e-08
             0.86       43.73581931      0.1628049889        43.6957367   3.203850739e-08   4.984811158e-09   3.324339128e-08
            0.865       43.85195526       0.163064771       43.71125135   2.878842431e-08   4.921928313e-09   3.277173687e-08
            0.866       43.78755892      0.1631167879       43.71434381   3.054755332e-08   4.909494946e-09   3.267852732e-08
            0.866       43.76885074      0.1631167879       43.71434381   3.107847516e-08   4.909494946e-09   3.267852732e-08
            0.868        43.6809501       0.163220882       43.72051831   3.369922863e-08   4.884769525e-09   3.249321446e-08
             0.87       43.80279672      0.1633250566       43.72667897   3.012182701e-08   4.860230974e-09   3.230936418e-08
             0.88       43.78559968      0.1638471288       43.75727684     3.0602727e-08   4.740277654e-09   3.141154263e-08
             0.89       43.76690927      0.1643711863       43.78753762   3.113409841e-08   4.624729359e-09   3.054815272e-08
            0.891       43.74405943      0.1644237006       43.79054543   3.179627369e-08   4.613408655e-09   3.046364233e-08
            0.899       43.94352446        0.16484452       43.81448998   2.646002302e-08   4.524329261e-09   2.979915911e-08
            0.901        43.9961513      0.1649499202        43.8204436   2.520806316e-08   4.502465049e-09   2.963620296e-08
             0.91       43.59559507      0.1654251822       43.84707607   3.645540871e-08   4.406024174e-09   2.891808793e-08
            0.915       43.99591455      0.1656898926       43.86176081   2.521356071e-08   4.353788941e-09   2.852959952e-08
             0.92       43.64689933      0.1659550831       43.87636726   3.477284835e-08   4.302484717e-09   2.814836003e-08
             0.92       44.06683533      0.1659550831       43.87636726   2.361923716e-08   4.302484717e-09   2.814836003e-08
            0.924       43.95654574      0.1661675795       43.88799657   2.614458205e-08   4.262097143e-09   2.784847195e-08
           0.9271       43.71491763      0.1663324737       43.89697544   3.266126114e-08   4.231190237e-09   2.761911927e-08
             0.93       43.61582017      0.1664868947       43.90534843   3.578260313e-08   4.202583592e-09   2.740694496e-08
             0.93       43.85734871      0.1664868947       43.90534843   2.864577096e-08   4.202583592e-09   2.740694496e-08
            0.934       43.86008562      0.1667001502        43.9168555   2.857365211e-08   4.163604506e-09   2.711800888e-08
            0.935       43.78822495      0.1667535113       43.91972472   3.052882022e-08   4.153945345e-09    2.70464401e-08
            0.936       44.00606915      0.1668068912       43.92259094   2.497884417e-08   4.144320113e-09   2.697513489e-08
            0.936       43.84857691      0.1668068912       43.92259094    2.88781412e-08   4.144320113e-09   2.697513489e-08
            0.949       43.77534188      0.1675025355       43.95958082   3.089322513e-08   4.022209974e-09   2.607159933e-08
             0.95       44.16124866      0.1675561771       43.96240556   2.165212554e-08   4.013043789e-09   2.600385738e-08
             0.95       43.93579607      0.1675561771       43.96240556   2.664904025e-08   4.013043789e-09   2.600385738e-08
             0.96       44.19722832       0.168093612       43.99049347   2.094636532e-08   3.923101097e-09    2.53397666e-08
             0.96       43.75603708       0.168093612       43.99049347   3.144743062e-08   3.923101097e-09    2.53397666e-08
            0.961        43.7712221      0.1681474569       43.99328644   3.101067085e-08   3.914275671e-09   2.527466599e-08
             0.97       44.18406857      0.1686328856        44.0182953   2.120179213e-08   3.836187566e-09   2.469914284e-08
            0.975       44.12216126      0.1689032064       44.03209066   2.244582095e-08   3.793825132e-09    2.43873008e-08
            0.981       43.76862066      0.1692281892       44.04855348    3.10850618e-08   3.743923747e-09   2.402030997e-08
            0.983       43.99629595      0.1693366612       44.05401906   2.520470506e-08   3.727511977e-09    2.38996959e-08
            0.985        43.8841964      0.1694452051        44.0594737   2.794611477e-08   3.711209604e-09   2.377992714e-08
            0.998       44.26591352      0.1701524844       44.09466501   1.966231246e-08   3.607845815e-09      2.302152e-08
                1        44.1370818      0.1702615635       44.10003891   2.213947305e-08   3.592334209e-09    2.29078556e-08
            1.002       44.21684104      0.1703707133       44.10540221   2.057138749e-08   3.576924208e-09   2.279497479e-08
             1.01       44.15410109      0.1708080177       44.12675029   2.179513513e-08   3.516282979e-09   2.235115066e-08
             1.02       44.07468005      0.1713562243       44.15320178   2.344919731e-08   3.442665705e-09   2.181319536e-08
             1.02       44.21521724      0.1713562243       44.15320178    2.06021766e-08   3.442665705e-09   2.181319536e-08
            1.031       44.16555436      0.1719612556       44.18200399   2.156642977e-08   3.364377289e-09   2.124214677e-08
             1.06       44.46654285      0.1735662421       44.25650312   1.634492236e-08   3.170587118e-09   1.983347212e-08
             1.12       44.12724081      0.1769310645       44.40441937   2.234105497e-08   2.820408552e-09   1.730741679e-08
             1.14       44.48426116      0.1780654498       44.45197621   1.608035141e-08   2.716844969e-09   1.656568947e-08
             1.23       44.75481403      0.1832450766       44.65614212   1.253355838e-08    2.31660051e-09   1.372597339e-08
            1.265       44.46457806      0.1852909807       44.73151721    1.63745274e-08   2.185360434e-09   1.280539902e-08
              1.3       44.99266668      0.1873537029       44.80482058   1.006777101e-08   2.065426417e-09   1.196938307e-08
             1.34       44.88881557      0.1897309896       44.88619497    1.10783166e-08   1.940599711e-09   1.110508816e-08
             1.39         45.231955      0.1927312816       44.98452392   8.076403351e-09   1.800604456e-09   1.014356067e-08
