  jla_mock 0.503084 42.00323223 0.14571158 42.35108100
  jla_mock 0.580724 42.72622160 0.16122778 42.72552632
  jla_mock 0.494795 42.31342652 0.12070859 42.30795504
  jla_mock 0.345928 41.34700275 0.13253081 41.39118194
  jla_mock 0.677662 43.30182856 0.22871689 43.13175210
  jla_mock 0.610712 42.76962615 0.22548733 42.85765176
  jla_mock 0.866494 43.82896285 0.25803499 43.78417385
  jla_mock 0.330932 41.32713496 0.12801230 41.27954507
  jla_mock 0.798566 43.50578560 0.25919990 43.56688646
  jla_mock 0.449562 41.81173734 0.16139765 42.06009851
  jla_mock 0.371443 41.75132039 0.14921889 41.57157260
  jla_mock 0.291718 40.87128095 0.14231442 40.96335873
  jla_mock 0.355820 41.50529298 0.14101044 41.46251312
  jla_mock 0.461274 42.13939588 0.15587207 42.12639800
  jla_mock 0.283610 41.26131191 0.13055630 40.89319599
  jla_mock 0.632234 42.55824035 0.22182909 42.94875922
  jla_mock 0.466414 42.09414534 0.17243727 42.15507604
  jla_mock 0.268624 40.78734989 0.12820280 40.75864558
  jla_mock 0.946890 44.07818527 0.29224985 44.02088236
  jla_mock 0.924917 44.28153931 0.31213110 43.95825216
  jla_mock 0.693165 43.90534469 0.29243158 43.19149304
  jla_mock 0.625233 42.58544768 0.19088816 42.91943219
  jla_mock 0.896944 43.77607284 0.26745476 43.87629010
  jla_mock 0.608261 42.86387884 0.15987482 42.84713700
  jla_mock 0.789054 43.57604270 0.26932700 43.53500333
  jla_mock 0.578292 42.77762118 0.14637659 42.71452713
  jla_mock 0.590280 42.83042842 0.18966931 42.76830634
  jla_mock 0.719626 43.20841939 0.25305179 43.29065226
  jla_mock 0.210032 40.08269782 0.13132256 40.15483080
  jla_mock 0.766590 43.66975586 0.22576765 43.45828289
  jla_mock 0.858513 43.74274330 0.22289539 43.75956030
  jla_mock 0.367904 41.46783651 0.09931133 41.54729890
  jla_mock 0.558746 42.71651072 0.15678156 42.62454440
  jla_mock 0.848509 43.70149317 0.21739327 43.72833562
  jla_mock 0.996390 44.38625047 0.24266005 44.15702957
  jla_mock 0.776594 43.68791781 0.26449227 43.49271322
  jla_mock 0.582932 42.75183264 0.13306958 42.73551243
  jla_mock 0.583743 42.62309506 0.16752875 42.73918034
  jla_mock 0.796552 43.28491133 0.22887969 43.56021387
  jla_mock 0.588721 42.58155011 0.15579306 42.76137980
  jla_mock 0.913473 43.66029839 0.24294053 43.92502563
  jla_mock 0.768587 43.67092044 0.23905376 43.46520986
  jla_mock 0.948455 44.15409754 0.26528102 44.02529941
  jla_mock 0.513793 42.41176431 0.15287930 42.40582273
  jla_mock 0.733609 43.61467799 0.19294483 43.34167511
  jla_mock 0.637701 42.70157003 0.27010736 42.97142091
  jla_mock 0.765588 43.54837715 0.21113574 43.45480726
  jla_mock 0.434861 41.97904715 0.15772880 41.97448442
  jla_mock 0.983407 44.33010453 0.25879722 44.12197372
  jla_mock 0.583743 42.47547022 0.16232669 42.73918034
  jla_mock 0.700631 43.33149246 0.21687358 43.21987569
  jla_mock 0.662058 43.16927609 0.21294856 43.07025770
  jla_mock 0.838126 44.15741861 0.28077453 43.69551364
  jla_mock 0.621874 43.01769637 0.17546981 42.90526861
  jla_mock 0.370586 41.46176899 0.14291643 41.56574760
  jla_mock 0.416632 41.98028421 0.13815441 41.86461950
  jla_mock 0.358570 41.49421102 0.10704088 41.48212572
  jla_mock 0.451681 42.05942706 0.15278703 42.07216742
  jla_mock 0.522762 42.39751583 0.16112888 42.45088093
  jla_mock 0.733996 43.18814779 0.30408870 43.34308204
  jla_mock 0.701965 44.04702205 0.31176741 43.22488288
  jla_mock 0.742008 43.72446326 0.29013165 43.37180407
  jla_mock 0.746118 43.50672351 0.21822021 43.38651198
  jla_mock 0.349560 41.48550650 0.13472825 41.41773364
  jla_mock 0.591835 42.73531720 0.15357327 42.77521512
  jla_mock 0.514746 42.32657263 0.15561143 42.41063888
  jla_mock 0.620632 42.63626945 0.18447364 42.90003158
  jla_mock 0.643646 43.04960622 0.24392132 42.99587363
  jla_mock 1.002795 44.45472876 0.33216844 44.17412957
  jla_mock 0.470586 42.31708606 0.14420733 42.17805785
  jla_mock 0.610643 42.93612135 0.15877872 42.85735575
  jla_mock 0.263487 40.94870012 0.12804977 40.71059074
  jla_mock 0.358336 41.31458029 0.12918713 41.48045687
  jla_mock 0.742697 43.44405374 0.25908753 43.37426971
  jla_mock 0.451556 42.17003016 0.11538935 42.07145547
  jla_mock 0.910752 43.76631708 0.26164869 43.91705349
  jla_mock 0.552605 42.54380590 0.15821060 42.59574777
  jla_mock 0.337534 41.44331045 0.12813367 41.32918083
  jla_mock 0.750681 43.31310930 0.24281434 43.40263657
  jla_mock 0.983777 44.29435233 0.34665096 44.12297525
  jla_mock 0.822697 44.24022178 0.22175759 43.64609281
  jla_mock 0.813696 43.68134768 0.24256727 43.61677497
  jla_mock 0.950763 43.95898483 0.26472927 44.03181349
  jla_mock 0.817732 43.25054654 0.24643394 43.62994659
  jla_mock 0.340520 41.41506339 0.12574260 41.35156774
  jla_mock 0.960751 43.32540262 0.28766046 44.05969252
  jla_mock 0.810720 43.90424086 0.27275574 43.60706270
  jla_mock 0.756687 43.78005972 0.24755189 43.42379562
  jla_mock 0.611252 43.13093575 0.18572910 42.85996836
  jla_mock 0.877971 43.27491642 0.22378685 43.81925155
  jla_mock 0.548325 42.47935705 0.14258079 42.57535592
  jla_mock 0.809032 43.34337216 0.23222084 43.60155386
  jla_mock 1.028800 44.28462839 0.28337345 44.24255906
  jla_mock 0.627239 42.76477537 0.17555461 42.92789070
  jla_mock 0.422452 41.53365333 0.15606690 41.90009559
  jla_mock 0.933900 43.61453289 0.34999950 43.98400344
  jla_mock 0.701158 43.19967977 0.22740618 43.22185379
  jla_mock 0.697164 42.99797084 0.20952266 43.20674812
  jla_mock 0.685179 42.98418235 0.27044472 43.16089914
  jla_mock 0.767075 43.23303810 0.25233801 43.45996521
  jla_mock 0.931901 43.66521000 0.25136810 43.97828133
  jla_mock 0.863978 43.93531540 0.24510246 43.77643514
  jla_mock 0.749100 43.58316222 0.22590126 43.39706674
  jla_mock 0.514353 42.65051158 0.15357466 42.40865279
  jla_mock 0.468406 42.02029846 0.11440416 42.16613949
  jla_mock 0.470398 42.19775020 0.15654577 42.17703003
  jla_mock 0.958871 44.12912210 0.27681249 44.05446029
  jla_mock 0.927909 43.87059945 0.29724149 43.96685429
  jla_mock 0.840522 43.86861730 0.21913135 43.70310328
  jla_mock 0.630699 42.74590776 0.17083127 42.94239637
  jla_mock 0.562751 42.44512713 0.14440652 42.64332481
  jla_mock 0.615698 43.03145573 0.16969222 42.87904165
  jla_mock 0.828528 43.52767377 0.22446355 43.66483979
  jla_mock 0.564741 42.62850761 0.16042692 42.65249802
  jla_mock 0.578745 42.81882225 0.14758356 42.71657591
  jla_mock 0.557743 42.68535234 0.15831963 42.61984109
  jla_mock 0.864497 43.87342518 0.22870035 43.77803148
  jla_mock 0.735608 43.43108333 0.23468503 43.34890124
  jla_mock 0.858507 43.87149215 0.28336591 43.75954157
  jla_mock 0.261984 40.61104419 0.10443414 40.69650477
  jla_mock 0.585743 42.69883873 0.18660838 42.74814872
  jla_mock 0.761580 43.41536628 0.21598834 43.44090475
  jla_mock 0.488800 42.52351636 0.11155101 42.27645931
  jla_mock 0.858516 43.61107651 0.27431051 43.75956966
  jla_mock 0.688656 42.85053376 0.18053033 43.17429244
  jla_mock 0.558743 42.79846980 0.15491557 42.62453033
  jla_mock 0.324532 41.23236704 0.12601850 41.23031081
  jla_mock 0.480704 42.33224183 0.10839252 42.23310364
  jla_mock 0.185371 39.74720731 0.13095679 39.85267084
  jla_mock 0.922221 44.09843486 0.33854809 43.95042459
  jla_mock 0.681942 43.22453814 0.19640351 43.14834773
  jla_mock 0.475707 42.20491056 0.10811298 42.20605508
  jla_mock 0.922210 44.10146259 0.27644363 43.95039265
  jla_mock 0.893183 43.53455232 0.25783329 43.86505298
  jla_mock 0.428646 41.98518557 0.14143599 41.93756341
  jla_mock 0.631882 43.14784546 0.23474045 42.94730012
  jla_mock 0.699960 43.36112459 0.25834877 43.21735709
  jla_mock 0.736007 43.38545756 0.26468680 43.35032909
  jla_mock 0.575823 42.58621499 0.15953941 42.70336060
  jla_mock 0.418633 41.97913473 0.10651651 41.87691426
  jla_mock 0.511746 42.33735951 0.12000546 42.39547784
  jla_mock 0.535771 42.61798862 0.12653138 42.51490290
  jla_mock 0.641893 43.00427353 0.21547239 42.98872907
  jla_mock 0.734996 42.93443810 0.22720400 43.34671116
  jla_mock 0.351560 41.66365114 0.13079492 41.43213142
  jla_mock 0.609860 42.77726340 0.17401244 42.85399669
  jla_mock 0.349557 41.41615129 0.13436921 41.41771171
  jla_mock 0.701969 43.68790403 0.18819535 43.22489789
  jla_mock 0.355261 41.53282363 0.10427939 41.45852641
  jla_mock 0.983280 44.11501700 0.25756994 44.12162996
  jla_mock 0.872152 44.14640969 0.26597542 43.80157672
  jla_mock 0.759030 43.15737891 0.20819082 43.43204997
  jla_mock 0.926220 43.79074032 0.24599386 43.96201956
  jla_mock 0.643642 42.88676414 0.22846121 42.99585733
  jla_mock 0.419569 41.85539469 0.13772753 41.88259578
  jla_mock 0.515587 42.15982515 0.20313602 42.41488903
  jla_mock 0.890729 43.78162426 0.21057911 43.85772092
  jla_mock 0.805696 43.34547283 0.22987004 43.59050885
  jla_mock 0.480568 42.37057041 0.10874993 42.23237487
  jla_mock 0.800697 43.94383394 0.24546005 43.57394667
  jla_mock 0.580604 42.70170044 0.18881444 42.72498360
  jla_mock 0.715652 43.53686601 0.24396561 43.27597318
  jla_mock 0.805695 43.48672329 0.23276535 43.59050554
  jla_mock 0.766684 43.40588397 0.25283777 43.45860895
  jla_mock 0.664638 42.64275787 0.19578546 43.08055024
  jla_mock 0.901736 43.90167123 0.25190507 43.89049989
  jla_mock 0.745665 43.43702148 0.21142864 43.38489089
  jla_mock 0.718680 43.46080633 0.20380008 43.28715794
  jla_mock 0.736690 43.48550111 0.19636251 43.35277325
  jla_mock 0.579600 42.68553995 0.12084594 42.72044282
  jla_mock 0.370531 41.48221995 0.10256736 41.56537377
  jla_mock 0.960740 44.30793154 0.23956115 44.05966190
  jla_mock 0.850729 43.43911699 0.21179952 43.73526472
  jla_mock 0.648640 42.86231735 0.19254569 43.01622729
  jla_mock 0.219462 40.22243944 0.13036783 40.26165884
  jla_mock 0.936755 44.19585953 0.24129989 43.99217583
  jla_mock 0.647639 42.67722346 0.17876349 43.01214759
  jla_mock 0.461564 42.20589706 0.13341110 42.12801602
  jla_mock 0.600603 42.72994448 0.17945434 42.81380214
  jla_mock 0.670654 43.03153939 0.23100742 43.10426437
  jla_mock 0.760698 43.19001819 0.20946016 43.43784537
  jla_mock 0.246492 40.52348693 0.13212126 40.54611375
  jla_mock 0.470573 42.22532133 0.14759396 42.17798678
  jla_mock 0.169455 39.78993591 0.11209573 39.63714984
  jla_mock 0.497379 42.36043222 0.12912927 42.32153052
  jla_mock 0.638234 42.93084352 0.19688575 42.97363029
  jla_mock 0.507371 42.41396351 0.14542671 42.37316793
  jla_mock 0.535327 42.70339734 0.14229510 42.51274244
  jla_mock 0.587285 42.54840788 0.16639385 42.75499974
  jla_mock 0.773081 43.25659279 0.25620999 43.48071408
  jla_mock 0.699166 42.93609772 0.22210270 43.21437680
  jla_mock 0.370511 41.34311783 0.12736057 41.56523783
  jla_mock 0.761089 43.47409042 0.22808946 43.43920163
  jla_mock 0.699169 43.41979888 0.21959570 43.21438806
  jla_mock 0.788060 43.41731820 0.19242158 43.53165972
  jla_mock 0.373513 41.69024784 0.13202741 41.58564233
  jla_mock 0.405478 41.71894714 0.13198879 41.79507834
  jla_mock 0.852994 43.69908880 0.25729076 43.74233429
  jla_mock 0.808048 43.41873545 0.24185374 43.59830126
  jla_mock 0.603272 42.44881570 0.18397635 42.82545340
  jla_mock 0.583290 42.82025990 0.17902789 42.73713156
  jla_mock 0.534335 42.45116732 0.14774220 42.50791545
  jla_mock 0.720140 43.10211711 0.24070231 43.29255086
  jla_mock 0.400485 41.84303347 0.21060605 41.76340376
  jla_mock 0.837004 43.67926484 0.21502566 43.69195956
  jla_mock 0.371508 41.62226112 0.10193219 41.57201440
  jla_mock 0.806041 43.37647107 0.25907683 43.59165187
  jla_mock 0.840005 43.98974857 0.23506835 43.70146561
  jla_mock 0.500728 42.32909676 0.12981336 42.33894272
  jla_mock 0.532765 42.91172622 0.17422186 42.50027598
  jla_mock 0.533766 42.57741394 0.18215335 42.50514675
  jla_mock 0.932229 43.84858584 0.34152943 43.97922023
  jla_mock 0.822103 43.65783249 0.25790730 43.64418307
  jla_mock 0.553797 42.54356937 0.13544877 42.60133735
  jla_mock 0.125298 38.90301951 0.13709229 38.92231622
  jla_mock 0.842123 44.33626455 0.28302626 43.70817465
  jla_mock 0.443668 42.08008326 0.15186631 42.02604866
  jla_mock 0.727675 42.96294291 0.24978201 43.32010216
  jla_mock 0.683659 42.91380214 0.41253064 43.15500537
  jla_mock 0.442548 41.99807463 0.13367762 42.01953486
  jla_mock 0.726679 43.29226872 0.20021505 43.31648122
  jla_mock 0.282510 40.89886551 0.12747632 40.88348566
  jla_mock 0.404549 41.77705373 0.12965359 41.78918496
  jla_mock 0.519611 42.68101737 0.13964385 42.43522504
  jla_mock 0.690652 43.05321017 0.23214813 43.18190663
  jla_mock 1.060801 44.25303160 0.27869308 44.32447227
  jla_mock 0.576612 42.48372705 0.15376326 42.70692901
  jla_mock 0.268489 40.80795310 0.12614174 40.75741813
  jla_mock 0.720680 43.18015358 0.25106936 43.29454550
  jla_mock 0.250498 40.81905019 0.13111277 40.58610363
  jla_mock 0.760691 43.85526258 0.27664014 43.43782109
  jla_mock 0.698167 43.20458165 0.26129048 43.21057429
  jla_mock 0.550315 42.63840494 0.16854352 42.58486067
  jla_mock 0.730128 43.23833581 0.23524622 43.32902000
  jla_mock 0.847985 43.52426609 0.24702775 43.72670010
  jla_mock 0.997826 43.89830194 0.24705649 44.16086339
  jla_mock 0.435446 42.15503384 0.13052406 41.97795969
  jla_mock 0.409470 41.76240741 0.12922369 41.82018436
  jla_mock 0.301590 41.04796950 0.12598595 41.04647939
  jla_mock 1.299106 44.69916808 0.19340708 44.86649555
  jla_mock 1.020807 44.66927332 0.23668119 44.22175183
  jla_mock 0.839734 43.58409474 0.19264717 43.70060719
  jla_mock 1.120850 44.29688778 0.20807086 44.47175959
  jla_mock 1.230892 44.68045438 0.23900250 44.72227987
  jla_mock 0.974230 44.40994556 0.18427047 44.09690728
  jla_mock 0.970782 44.50005938 0.33863365 44.08744397
  jla_mock 0.064229 37.41601425 0.15072784 37.38125426
  jla_mock 0.129030 39.05343245 0.16416611 38.99103288
  jla_mock 0.102890 38.64126539 0.14983539 38.46320916
  jla_mock 0.044130 36.85249961 0.17359564 36.53640119
  jla_mock 0.113040 38.47389983 0.15276523 38.68140463
  jla_mock 0.256110 40.34845527 0.20496122 40.64044730
  jla_mock 0.380260 41.80352603 0.28702753 41.63127303
  jla_mock 0.145470 39.36447463 0.16218924 39.27385898
  jla_mock 0.088890 38.02997623 0.14636771 38.12524312
  jla_mock 0.260590 40.62294752 0.18294429 40.68344034
  jla_mock 0.078910 37.68402990 0.15602647 37.85079369
  jla_mock 0.083040 38.16956246 0.15331705 37.96757382
  jla_mock 0.165650 39.77365315 0.13854363 39.58315350
  jla_mock 0.168170 39.76420174 0.16196037 39.61913704
  jla_mock 0.170630 39.79634124 0.16520984 39.65362070
  jla_mock 0.170280 39.47456119 0.17035518 39.64871449
  jla_mock 0.120440 39.01458055 0.15109792 38.82967597
  jla_mock 0.276530 40.75680590 0.21443501 40.83052825
  jla_mock 0.231600 40.40072558 0.18253328 40.39327881
  jla_mock 0.305690 41.08263216 0.26735001 41.08031431
  jla_mock 0.079970 37.82541387 0.16566195 37.88231469
  jla_mock 0.174150 39.73681471 0.15831009 39.70296318
  jla_mock 0.138680 39.29435733 0.16604939 39.16075605
  jla_mock 0.146070 39.18182996 0.16391832 39.28355706
  jla_mock 0.081330 37.67966678 0.14393418 37.92106160
  jla_mock 0.233800 40.39107440 0.17178002 40.41664409
  jla_mock 0.256550 40.60872318 0.17733386 40.64470129
  jla_mock 0.245620 40.19933589 0.20041043 40.53740902
  jla_mock 0.125930 38.71314967 0.19132506 38.93436823
  jla_mock 0.223510 40.70475745 0.21582750 40.30640047
  jla_mock 0.102640 38.39027927 0.14663754 38.45739969
  jla_mock 0.119670 38.90374258 0.14566661 38.81499236
  jla_mock 0.180550 39.42704692 0.16851019 39.78925613
  jla_mock 0.197090 39.76726554 0.17389574 40.00058301
  jla_mock 0.229160 40.41999682 0.19939442 40.36723751
  jla_mock 0.264510 40.67447047 0.19876199 40.72017820
  jla_mock 0.103370 38.62742878 0.12264053 38.47436335
  jla_mock 0.364410 41.79319964 0.23042794 41.52297770
  jla_mock 0.205600 39.95535689 0.15584351 40.10300055
  jla_mock 0.179810 39.70542714 0.19620482 39.77932421
  jla_mock 0.199590 40.05939111 0.18224440 40.03149756
  jla_mock 0.156530 39.45514639 0.15012954 39.44792878
  jla_mock 0.161800 39.60271983 0.14760764 39.52668171
  jla_mock 0.209530 40.51328196 0.20608020 40.14907809
  jla_mock 0.241790 40.72096028 0.19813238 40.49907425
  jla_mock 0.236460 40.23171338 0.16266354 40.44408642
  jla_mock 0.226680 40.40396303 0.21050732 40.34076930
  jla_mock 0.296780 41.05031127 0.19716042 41.00636879
  jla_mock 0.208520 39.93229549 0.16317028 40.13750389
  jla_mock 0.251040 40.95981384 0.22085837 40.59142971
  jla_mock 0.250120 40.49224935 0.17967388 40.58233025
  jla_mock 0.117710 38.62828966 0.14551100 38.77612598
  jla_mock 0.219710 40.15623199 0.16999397 40.26439993
  jla_mock 0.149010 39.22540787 0.14890457 39.33107762
  jla_mock 0.287420 41.10923641 0.18840122 40.92649529
  jla_mock 0.143600 39.46527090 0.16639625 39.24363332
  jla_mock 0.328370 41.24847373 0.19601268 41.25983598
  jla_mock 0.246250 40.52813598 0.16506508 40.54369799
  jla_mock 0.119660 38.84222733 0.15026680 38.81480166
  jla_mock 0.328380 40.80646907 0.27642285 41.25991291
  jla_mock 0.215130 40.33820311 0.18366862 40.21325182
  jla_mock 0.144780 39.37074607 0.13616902 39.26270620
  jla_mock 0.132430 39.21169591 0.12839376 39.05220730
  jla_mock 0.210820 40.02066102 0.16235031 40.16386096
  jla_mock 0.203990 39.86329577 0.15780808 40.08384780
  jla_mock 0.279520 40.88338693 0.16701092 40.85709122
  jla_mock 0.044280 36.47213369 0.15509722 36.54352732
  jla_mock 0.180370 39.66131209 0.15078404 39.78684026
  jla_mock 0.260700 40.63705268 0.18972170 40.68447125
  jla_mock 0.056540 37.14372250 0.18696980 37.09160151
  jla_mock 0.212600 40.40564861 0.19194689 40.18425904
  jla_mock 0.369410 41.50391965 0.23700047 41.55775436
  jla_mock 0.173860 39.46981035 0.13051969 39.69889803
  jla_mock 0.142650 39.65201350 0.16862649 39.22827803
  jla_mock 0.177890 39.82801442 0.17323466 39.75355491
  jla_mock 0.328370 41.68690835 0.20656404 41.25983598
  jla_mock 0.253510 40.39032845 0.19560920 40.61531008
  jla_mock 0.300010 41.10590054 0.19320267 41.03330377
  jla_mock 0.105890 38.54268035 0.14607715 38.52910106
  jla_mock 0.223280 40.42363629 0.16843887 40.30385834
  jla_mock 0.118450 38.75769014 0.12252294 38.79113535
  jla_mock 0.176530 39.96278928 0.17118858 39.73530166
  jla_mock 0.182800 40.18710407 0.18906536 39.81945453
  jla_mock 0.297620 41.28962451 0.22708191 41.01337355
  jla_mock 0.196990 39.82764203 0.16336648 39.99934643
  jla_mock 0.152950 39.29441235 0.14755004 39.39286806
  jla_mock 0.248500 40.58814053 0.17447627 40.56615860
  jla_mock 0.138180 39.18964920 0.12408786 39.15224127
  jla_mock 0.207040 40.18313286 0.17044837 40.12013097
  jla_mock 0.214680 40.02453002 0.18059604 40.20809500
  jla_mock 0.306320 40.77280533 0.21502986 41.08542547
  jla_mock 0.246950 40.60834611 0.17120148 40.55068574
  jla_mock 0.198010 40.24126397 0.14489973 40.01195956
  jla_mock 0.222560 40.23239088 0.15195110 40.29590034
  jla_mock 0.135080 38.91567024 0.15130600 39.09944962
  jla_mock 0.210540 40.12732485 0.18260591 40.16065228
  jla_mock 0.272580 40.67222069 0.16910743 40.79461419
  jla_mock 0.246600 40.59338817 0.16168519 40.54719186
  jla_mock 0.220680 40.31092182 0.19428942 40.27512112
  jla_mock 0.274470 40.68323762 0.19147108 40.81179838
  jla_mock 0.176560 39.94436366 0.15540451 39.73570430
  jla_mock 0.310880 40.67284733 0.22015615 41.12242051
  jla_mock 0.184350 39.91537669 0.17307932 39.83952780
  jla_mock 0.159350 39.23969692 0.14827050 39.49074512
  jla_mock 0.219760 39.99972459 0.16604587 40.26495257
  jla_mock 0.252050 40.72489067 0.18410044 40.60119456
  jla_mock 0.181220 39.82315250 0.14940352 39.79824854
  jla_mock 0.173730 39.77365487 0.13336424 39.69707572
  jla_mock 0.380470 41.61386965 0.24246083 41.63266739
  jla_mock 0.178650 39.87395001 0.17172186 39.76375526
  jla_mock 0.245680 40.50741898 0.18910008 40.53800797
  jla_mock 0.209100 40.47275226 0.16102286 40.14415046
  jla_mock 0.249470 40.59781473 0.20970726 40.57584163
  jla_mock 0.133920 38.89953762 0.16606211 39.07901608
  jla_mock 0.177060 39.66884344 0.16039966 39.74241506
  jla_mock 0.281110 41.30211235 0.18775324 40.87112706
  jla_mock 0.173830 39.66967264 0.15186906 39.69847750
  jla_mock 0.196540 40.28066199 0.16513423 39.99378181
  jla_mock 0.363970 41.87494600 0.22724835 41.51991492
  jla_mock 0.378350 41.74988346 0.26733097 41.61851927
  jla_mock 0.316460 41.26436802 0.21038880 41.16699585
  jla_mock 0.183220 39.90366890 0.13519430 39.82498164
  jla_mock 0.241020 40.64807343 0.16773658 40.49113042
  jla_mock 0.202030 40.21169574 0.19953174 40.06053140
  jla_mock 0.168690 39.84506606 0.16511959 39.62642627
  jla_mock 0.197940 39.95830573 0.17492454 40.01109396
  jla_mock 0.122760 38.95944200 0.14574653 38.87391751
  jla_mock 0.203180 40.19406703 0.16105255 40.07421194
  jla_mock 0.127390 39.22544270 0.14895509 38.96152523
  jla_mock 0.275490 40.90119398 0.19972760 40.82107239
  jla_mock 0.144680 39.24595280 0.14721731 39.26108985
  jla_mock 0.334360 41.30324664 0.24977783 41.30538443
  jla_mock 0.195800 39.97143899 0.15392559 39.98463111
  jla_mock 0.193920 39.87858448 0.16374737 39.96138337
  jla_mock 0.249730 40.66705026 0.18580683 40.57843707
  jla_mock 0.148600 39.27063702 0.14879989 39.32445060
  jla_mock 0.155960 39.47004879 0.14872192 39.43916213
  jla_mock 0.095820 38.07462699 0.15034816 38.29891732
  jla_mock 0.150650 39.20413732 0.15872946 39.35749386
  jla_mock 0.309330 41.31776466 0.24715745 41.10984544
  jla_mock 0.248570 40.82866828 0.17340396 40.56685738
  jla_mock 0.365540 41.53216121 0.24311996 41.53084345
  jla_mock 0.117710 38.66418208 0.12847626 38.77612598
  jla_mock 0.191760 39.73358709 0.14428474 39.93467320
  jla_mock 0.182550 39.84242428 0.16171197 39.81609915
  jla_mock 0.234720 40.39319304 0.18444964 40.42613542
  jla_mock 0.246470 40.38740342 0.19927669 40.54589414
  jla_mock 0.288450 40.90069561 0.18873457 40.93532948
  jla_mock 0.209600 40.51264039 0.19927022 40.14988026
  jla_mock 0.191980 40.03645571 0.17965405 39.93739368
  jla_mock 0.114020 38.80604955 0.12215388 38.70128192
  jla_mock 0.113890 38.46389292 0.18397194 38.69864513
  jla_mock 0.198800 39.97619446 0.20967258 40.02172856
  jla_mock 0.220580 40.52075240 0.22796022 40.27401584
  jla_mock 0.182570 39.73755195 0.16453718 39.81636758
  jla_mock 0.158950 39.34459030 0.16372575 39.48487792
  jla_mock 0.078490 37.80442169 0.14911597 37.83830424
  jla_mock 0.138640 39.25828773 0.13217046 39.16007487
  jla_mock 0.180790 39.69947786 0.15445548 39.79247729
  jla_mock 0.177570 39.59618464 0.18629282 39.74926003
  jla_mock 0.170660 39.44579994 0.16102003 39.65404123
  jla_mock 0.233810 40.78715637 0.20858516 40.41674726
  jla_mock 0.071530 37.43726804 0.17410666 37.62633113
  jla_mock 0.154630 39.66235467 0.18791656 39.41870661
  jla_mock 0.090100 38.34722811 0.15950858 38.15556956
  jla_mock 0.176580 40.01123671 0.20448697 39.73597273
  jla_mock 0.130450 39.15039116 0.16440638 39.01658220
  jla_mock 0.182040 40.04335115 0.17166998 39.80925418
  jla_mock 0.256170 40.33362303 0.17261330 40.64102739
  jla_mock 0.138110 39.04246654 0.14854031 39.15104920
  jla_mock 0.170700 39.70705227 0.16749506 39.65460194
  jla_mock 0.216740 40.01658982 0.14793120 40.23157319
  jla_mock 0.245550 40.80918356 0.17887642 40.53671024
  jla_mock 0.143820 39.12831144 0.16709807 39.24718928
  jla_mock 0.248620 40.76343865 0.18856198 40.56735650
  jla_mock 0.145330 39.08051561 0.17138622 39.27159610
  jla_mock 0.135880 39.19975505 0.12760365 39.11307327
  jla_mock 0.058740 37.28793226 0.12754402 37.18054381
  jla_mock 0.036520 35.78503989 0.15191506 36.11467233
  jla_mock 0.277490 40.96492040 0.22703402 40.83917126
  jla_mock 0.205150 39.99395235 0.29701418 40.09764730
  jla_mock 0.280510 41.01707018 0.20078942 40.86583052
  jla_mock 0.198670 39.80345625 0.16215673 40.02012100
  jla_mock 0.159990 39.62909414 0.15164286 39.50013264
  jla_mock 0.210750 40.02295245 0.18113105 40.16305879
  jla_mock 0.071950 37.63804568 0.17245857 37.64010622
  jla_mock 0.237820 40.35872693 0.19074175 40.45811709
  jla_mock 0.141390 38.96950374 0.17359013 39.20690618
  jla_mock 0.155060 39.18981524 0.15760876 39.42532005
  jla_mock 0.370130 41.49282002 0.22886799 41.56264818
  jla_mock 0.093910 38.22706200 0.17056414 38.25106025
  jla_mock 0.118630 38.90372556 0.17057943 38.79478628
  jla_mock 0.153630 39.38780397 0.15381057 39.40332652
  jla_mock 0.253560 40.70854607 0.16809525 40.61579348
  jla_mock 0.107250 38.88386923 0.14420228 38.55855910
  jla_mock 0.129610 39.17574433 0.15302154 39.00146852
  jla_mock 0.266650 41.05300652 0.19376454 40.74023408
  jla_mock 0.212260 40.53460985 0.16262819 40.18036278
  jla_mock 0.278220 41.10248436 0.18167466 40.84561538
  jla_mock 0.245400 40.58219596 0.16811689 40.53521287
  jla_mock 0.133620 38.97867666 0.15059378 39.07361834
  jla_mock 0.176560 39.73392593 0.16208219 39.73570430
  jla_mock 0.113680 38.82202045 0.14584429 38.69438572
  jla_mock 0.320380 41.21208476 0.26368273 41.19795536
  jla_mock 0.112710 38.42445224 0.12253270 38.67471126
  jla_mock 0.106020 38.69669031 0.14472955 38.53191691
  jla_mock 0.391350 41.35082229 0.26610488 41.70446868
  jla_mock 0.155750 39.38502488 0.14611530 39.43593231
  jla_mock 0.186670 39.59353908 0.16762102 39.86939250
  jla_mock 0.196710 39.85025197 0.16669908 39.99588400
  jla_mock 0.191910 40.08544711 0.17339098 39.93652807
  jla_mock 0.190840 39.77660131 0.15087610 39.92307171
  jla_mock 0.176250 39.57998267 0.15361286 39.73154363
  jla_mock 0.128370 38.80200767 0.15035584 38.97915785
  jla_mock 0.122620 38.98888198 0.14734428 38.87124776
  jla_mock 0.127150 38.89162802 0.14706216 38.95720703
  jla_mock 0.213230 40.21546908 0.17620944 40.19147859
  jla_mock 0.218610 40.10913699 0.18110338 40.25224188
  jla_mock 0.268560 40.74894861 0.19152223 40.75806368
  jla_mock 0.204660 39.88137752 0.16518790 40.09181820
  jla_mock 0.267100 40.39976343 0.17377576 40.74445143
  jla_mock 0.217570 40.37456309 0.17264916 40.24074699
  jla_mock 0.241850 40.45266959 0.17151433 40.49969325
  jla_mock 0.293500 41.07970890 0.20071643 40.97864273
  jla_mock 0.353460 41.31825188 0.23113786 41.44568194
  jla_mock 0.185630 39.78734085 0.15494760 39.85600487
  jla_mock 0.285430 40.76110615 0.19928385 40.90926217
  jla_mock 0.194940 40.35415598 0.16836015 39.97399650
  jla_mock 0.075920 37.87287243 0.14499851 37.76188071
  jla_mock 0.163570 39.59499420 0.15777754 39.55264407
  jla_mock 0.257210 40.94281115 0.20821329 40.65108228
  jla_mock 0.219550 40.36028849 0.18725136 40.26263149
  jla_mock 0.175580 39.69740844 0.15163366 39.72255122
  jla_mock 0.226670 40.03333080 0.18608202 40.34066257
  jla_mock 0.153220 39.18482518 0.15082218 39.39702068
  jla_mock 0.210250 40.03871667 0.19550076 40.15732899
  jla_mock 0.121640 38.88349071 0.12361443 38.85255952
  jla_mock 0.291350 40.79913715 0.19904915 40.96020244
  jla_mock 0.294480 41.06406144 0.27859702 40.98704807
  jla_mock 0.164550 39.69562105 0.12599124 39.56701870
  jla_mock 0.307020 41.10358912 0.20906564 41.09110453
  jla_mock 0.198630 39.94536619 0.16157737 40.01962637
  jla_mock 0.268210 40.50694134 0.21539519 40.75485425
  jla_mock 0.401280 41.71357938 0.24823001 41.76844708
  jla_mock 0.136680 39.10154437 0.15334431 39.12669692
  jla_mock 0.295420 40.62707793 0.24720467 40.99502774
  jla_mock 0.291920 40.91272120 0.19219946 40.96509126
  jla_mock 0.090070 38.19075891 0.12096556 38.15481767
  jla_mock 0.205570 40.12368524 0.18292629 40.10264367
  jla_mock 0.145820 39.45011426 0.14934529 39.27951619
  jla_mock 0.117670 38.95585915 0.14486540 38.77531466
  jla_mock 0.054990 37.00076903 0.14997934 37.02755570
  jla_mock 0.174200 39.37863561 0.15142908 39.70366406
  jla_mock 0.244950 40.46749614 0.18020903 40.53072075
  jla_mock 0.224520 40.20301982 0.18249954 40.31756378
  jla_mock 0.245580 40.43561365 0.16228277 40.53700972
  jla_mock 0.283510 40.92070643 0.21250233 40.89231323
  jla_mock 0.180560 39.78506275 0.17619167 39.78939034
  jla_mock 0.103910 38.52534806 0.12352191 38.48621362
  jla_mock 0.129610 39.03040394 0.15326847 39.00146852
  jla_mock 0.243520 40.78702001 0.16045597 40.51644578
  jla_mock 0.331360 41.96156855 0.26935111 41.28283761
  jla_mock 0.243480 40.90239861 0.19048000 40.51604648
  jla_mock 0.314680 41.13242745 0.17577640 41.15293771
  jla_mock 0.218650 40.09260886 0.18935500 40.25268399
  jla_mock 0.260140 40.94735132 0.21925656 40.67922298
  jla_mock 0.282430 40.89478485 0.19830733 40.88277946
  jla_mock 0.300410 41.43845424 0.20581539 41.03663937
  jla_mock 0.151860 39.38078804 0.14864409 39.37610376
  jla_mock 0.263570 40.50013118 0.18936772 40.71136861
  jla_mock 0.213820 40.19932400 0.20621233 40.19823975
  jla_mock 0.162840 39.36889961 0.16761662 39.54193643
  jla_mock 0.124400 38.57532523 0.17140549 38.90519170
  jla_mock 0.194650 40.04368819 0.13938689 39.97041042
  jla_mock 0.205540 40.35903012 0.18299408 40.10228679
  jla_mock 0.106670 38.57721886 0.14588621 38.54599612
  jla_mock 0.187720 40.06214976 0.18724598 39.88290884
  jla_mock 0.163870 39.76436149 0.15682059 39.55704447
  jla_mock 0.290210 41.02324176 0.19470283 40.95042479
  jla_mock 0.094010 38.41045910 0.12497638 38.25356657
  jla_mock 0.227860 40.38650722 0.18009820 40.35336304
  jla_mock 0.107510 38.65947124 0.14764565 38.56419079
  jla_mock 0.310650 40.95389632 0.22259423 41.12055454
  jla_mock 0.145640 39.32873141 0.15575872 39.27660677
  jla_mock 0.087840 38.07579239 0.12609586 38.09813443
  jla_mock 0.148390 39.32062847 0.15572534 39.32105628
  jla_mock 0.286620 41.20823722 0.19365541 40.91963379
  jla_mock 0.122810 38.97725203 0.13329108 38.87487099
  jla_mock 0.186550 39.77327371 0.20280242 39.86784777
  jla_mock 0.128930 39.14117892 0.15503539 38.98923364
  jla_mock 0.194220 39.90129859 0.16863568 39.96509311
  jla_mock 0.148000 39.31163815 0.14676099 39.31475253
  jla_mock 0.211790 40.54088998 0.22866165 40.17497677
  jla_mock 0.179620 39.77331351 0.17351314 39.77677412
  jla_mock 0.263490 40.70742730 0.18130204 40.71061886
  jla_mock 0.192150 39.62018409 0.15956887 39.93949587
  jla_mock 0.338800 41.10138116 0.22987627 41.33867240
  jla_mock 0.117410 38.81777813 0.14766783 38.77004109
  jla_mock 0.143100 39.18475382 0.16841647 39.23555159
  jla_mock 0.160350 39.61428625 0.13218212 39.50541312
  jla_mock 0.288720 41.19948451 0.21129560 40.93764524
  jla_mock 0.123030 39.09486146 0.15464992 38.87906631
  jla_mock 0.264050 40.34705156 0.18533646 40.71586713
  jla_mock 0.126080 38.89450368 0.17182656 38.93722867
  jla_mock 0.173740 39.51413199 0.14981160 39.69721590
  jla_mock 0.164400 39.47740109 0.14972618 39.56481851
  jla_mock 0.249610 40.48714023 0.16242204 40.57723917
  jla_mock 0.159990 39.40023505 0.15136580 39.50013264
  jla_mock 0.244480 40.35662001 0.15150476 40.52602897
  jla_mock 0.248510 40.55343524 0.17707716 40.56625843
  jla_mock 0.228930 40.38014762 0.16847625 40.36478279
  jla_mock 0.085280 38.01332261 0.14384543 38.02850211
  jla_mock 0.062818 37.62042330 0.14854713 37.32965972
  jla_mock 0.277450 40.79012988 0.23370164 40.83881815
  jla_mock 0.275440 40.73290785 0.21508178 40.82061778
  jla_mock 0.330510 41.23607947 0.21087893 41.27629868
  jla_mock 0.361930 41.50180610 0.24565378 41.50571480
  jla_mock 0.331030 41.28203328 0.21800830 41.28029897
  jla_mock 0.160500 39.66231136 0.12714994 39.50761332
  jla_mock 0.300210 41.18967333 0.20430208 41.03497157
  jla_mock 0.116350 38.77713510 0.12231010 38.74854117
  jla_mock 0.218290 39.68394019 0.16062208 40.24870499
  jla_mock 0.119670 38.78480580 0.12046332 38.81499236
  jla_mock 0.154730 39.53455094 0.12395445 39.42024462
  jla_mock 0.178100 39.60233373 0.16562813 39.75637343
  jla_mock 0.250370 40.75274565 0.16560962 40.58482587
  jla_mock 0.251740 40.41563184 0.14466362 40.59819743
  jla_mock 0.129530 39.14366434 0.14518911 39.00002912
  jla_mock 0.309290 41.24075177 0.18810950 41.10952092
  jla_mock 0.278520 40.92561142 0.17881943 40.84826365
  jla_mock 0.185810 39.67543731 0.13605911 39.85832196
  jla_mock 0.066510 37.53626580 0.17228058 37.46168597
  jla_mock 0.258000 40.78047591 0.18756945 40.65872012
  jla_mock 0.298880 41.13638933 0.21609463 41.02388070
  jla_mock 0.270440 40.65387942 0.22437165 40.77515695
  jla_mock 0.279160 41.02554270 0.17183675 40.85391330
  jla_mock 0.292870 41.12458122 0.21554431 40.97323930
  jla_mock 0.189650 39.91196131 0.15711153 39.90775318
  jla_mock 0.265760 40.40799935 0.19291042 40.73189308
  jla_mock 0.123760 38.74020675 0.14509081 38.89298713
  jla_mock 0.182550 39.87724842 0.14971699 39.81609915
  jla_mock 0.056340 37.17501967 0.14895035 37.08333754
  jla_mock 0.312880 41.06165022 0.18264477 41.13864641
  jla_mock 0.309150 41.12865531 0.22328713 41.10838511
  jla_mock 0.200610 40.05111490 0.15587566 40.04363891
  jla_mock 0.326400 40.90469727 0.20549386 41.24468106
  jla_mock 0.211630 40.14368755 0.13899445 40.17314324
  jla_mock 0.179690 39.54898548 0.15636245 39.77771363
  jla_mock 0.302400 40.59802631 0.19662226 41.05323399
  jla_mock 0.109240 38.54402821 0.14870399 38.60166315
  jla_mock 0.085220 37.84912764 0.15002378 38.02687010
  jla_mock 0.202310 39.96720882 0.16131988 40.06386231
  jla_mock 0.126490 39.28578166 0.15584855 38.94504722
  jla_mock 0.214570 40.21082112 0.16812914 40.20683444
  jla_mock 0.320450 41.11018562 0.19168742 41.19850820
  jla_mock 0.218350 40.12627448 0.17273249 40.24936815
  jla_mock 0.190100 39.86986199 0.15982384 39.91354590
  jla_mock 0.092430 38.35797697 0.15614025 38.21396675
  jla_mock 0.379860 41.55902448 0.18489314 41.62861712
  jla_mock 0.211340 40.13709045 0.16607978 40.16981995
  jla_mock 0.258330 40.64452452 0.18011571 40.66191062
  jla_mock 0.183270 39.74286109 0.16855779 39.82562527
  jla_mock 0.212950 40.09809937 0.17784935 40.18826990
  jla_mock 0.116510 38.68399222 0.15544019 38.75178644
  jla_mock 0.144010 39.39668371 0.17185674 39.25026033
  jla_mock 0.252490 40.66306419 0.18599877 40.60544855
  jla_mock 0.255390 40.53975460 0.21319916 40.63348622
  jla_mock 0.216980 39.96453191 0.18860575 40.23422585
  jla_mock 1.265901 44.36337034 0.22380442 44.79726150
  jla_mock 0.935774 43.94231485 0.22958872 43.98936774
  jla_mock 0.049519 36.59044215 0.20228994 36.79241934
  jla_mock 0.030325 35.51322196 0.18207848 35.69463564
  jla_mock 0.074579 37.91604620 0.21872943 37.72200368
  jla_mock 0.025198 35.08701000 0.22034080 35.27019548
  jla_mock 0.014411 34.02675632 0.20528439 34.03100129
  jla_mock 0.020792 34.73194207 0.19750056 34.84402582
  jla_mock 0.035218 35.65729215 0.20378488 36.02701442
  jla_mock 0.041657 36.35997141 0.21523275 36.40181746
  jla_mock 0.042400 35.98836214 0.20618664 36.44334925
  jla_mock 0.018902 34.54682681 0.18361956 34.61733569
  jla_mock 0.078840 38.39957084 0.21534076 37.84871212
  jla_mock 0.063345 37.25347804 0.20758765 37.34892997
  jla_mock 0.027637 35.68499453 0.23141589 35.48155629
  jla_mock 0.049325 36.65225564 0.21068097 36.78320287
  jla_mock 0.070153 37.21384964 0.22041411 37.58116850
  jla_mock 0.023909 35.33078616 0.18367797 35.15849228
  jla_mock 0.053126 37.21626794 0.22335947 36.95053545
  jla_mock 0.024951 35.31583395 0.18978288 35.24879075
  jla_mock 0.015664 34.38216617 0.20165316 34.22896394
  jla_mock 0.048984 36.95017204 0.15985830 36.76700280
  jla_mock 0.022399 34.88620658 0.18927946 35.02763749
  jla_mock 0.034854 36.08128640 0.23666209 36.00228810
  jla_mock 0.016966 33.94062931 0.20291443 34.38512824
  jla_mock 0.030721 35.83857504 0.18171781 35.72153570
  jla_mock 0.030482 35.57079067 0.18203752 35.70530056
  jla_mock 0.010550 33.27038439 0.21945028 33.27241718
  jla_mock 0.014256 34.06267818 0.17170736 34.00054790
  jla_mock 0.027688 35.07567452 0.18124529 35.48597589
  jla_mock 0.053860 36.79556200 0.15903793 36.98086424
  jla_mock 0.017672 34.71998646 0.19251135 34.46980720
  jla_mock 0.017450 34.46857517 0.17037052 34.44318011
  jla_mock 0.015573 33.97156601 0.20219934 34.21804923
  jla_mock 0.010060 33.60509674 0.23112569 33.17614517
  jla_mock 0.054931 37.27177123 0.18431298 37.02511783
  jla_mock 0.039083 36.51498287 0.16317419 36.25793746
  jla_mock 0.078317 37.86971359 0.18391968 37.83315978
  jla_mock 0.031764 35.69189734 0.15356487 35.79238611
  jla_mock 0.014440 34.21783643 0.22581465 34.03669902
  jla_mock 0.013533 33.92436246 0.22079334 33.85849757
  jla_mock 0.026677 35.30593843 0.19349962 35.39836385
  jla_mock 0.023360 35.16611032 0.17880596 35.11091660
  jla_mock 0.036934 36.02741692 0.19001518 36.13781387
  jla_mock 0.023552 35.22881878 0.17819828 35.12755509
  jla_mock 0.017483 34.57146043 0.19211831 34.44713819
  jla_mock 0.040259 36.74839724 0.17447686 36.32367284
  jla_mock 0.030381 35.63421246 0.20408145 35.69843968
  jla_mock 0.015504 34.35412049 0.20027602 34.20977324
  jla_mock 0.014151 33.78852381 0.18788306 33.97991818
  jla_mock 0.015487 34.31888451 0.18431337 34.20773422
  jla_mock 0.015554 34.22566993 0.19852180 34.21577033
  jla_mock 0.037075 35.77061675 0.15485493 36.14569541
  jla_mock 0.015482 33.99641376 0.20249750 34.20713452
  jla_mock 0.013324 33.74631061 0.18643777 33.81743462
  jla_mock 0.014575 34.11548368 0.20791179 34.06322294
  jla_mock 0.015791 34.34919891 0.19846605 34.24419655
  jla_mock 0.024746 35.31594885 0.17954713 35.23102570
  jla_mock 0.027748 35.43917955 0.17503344 35.49117542
  jla_mock 0.010888 33.15351082 0.25477943 33.33882522
  jla_mock 0.013652 33.88155817 0.18670962 33.88187792
  jla_mock 0.035755 36.14034341 0.16295663 36.06349253
  jla_mock 0.024725 34.94249478 0.17710562 35.22920587
  jla_mock 0.038086 36.41729285 0.17051564 36.20220772
  jla_mock 0.021541 34.83221089 0.17711857 34.93386228
  jla_mock 0.019581 34.33609796 0.17898631 34.69877622
  jla_mock 0.030416 35.56868106 0.17571774 35.70081721
  jla_mock 0.039219 36.34348018 0.17021381 36.26553951
  jla_mock 0.034971 35.74814508 0.15987848 36.01023585
  jla_mock 0.028561 35.43786793 0.17650121 35.56162903
  jla_mock 0.020997 34.93609513 0.18822756 34.86861390
  jla_mock 0.032538 36.06723095 0.18232286 35.84496350
  jla_mock 0.015469 34.18283720 0.19318910 34.20557527
  jla_mock 0.015678 34.14069952 0.20747940 34.23064312
  jla_mock 0.027499 35.60578412 0.15598630 35.46959738
  jla_mock 0.046856 36.40906097 0.17134850 36.66590675
  jla_mock 0.033173 35.66170310 0.18295753 35.88809870
  jla_mock 0.010291 33.65276655 0.23549671 33.22153055
  jla_mock 0.080103 37.79289131 0.17116407 37.88626968
  jla_mock 0.012317 33.71109404 0.20020781 33.61958582
  jla_mock 0.024586 35.36256178 0.20631378 35.21716029
  jla_mock 0.014467 33.95097142 0.20827809 34.04200380
  jla_mock 0.015154 34.14387552 0.18399751 34.16779358
  jla_mock 0.029086 35.62642251 0.17337203 35.60712490
  jla_mock 0.034781 36.27872081 0.17928903 35.99732925
  jla_mock 0.044920 36.96949397 0.14070569 36.57393215
  jla_mock 0.034074 35.61971714 0.16958177 35.94930313
  jla_mock 0.074870 37.79777606 0.14386215 37.73065708
  jla_mock 0.014960 34.47352985 0.19782876 34.13886523
  jla_mock 0.020396 34.68467088 0.17103812 34.79652884
  jla_mock 0.040689 36.66650493 0.17468105 36.34770874
  jla_mock 0.026567 35.59164850 0.18033141 35.38883138
  jla_mock 0.026881 35.44730249 0.15330990 35.41604224
  jla_mock 0.023471 35.12441333 0.17597781 35.12053573
  jla_mock 0.069122 37.78921372 0.19117659 37.54735393
  jla_mock 0.065193 37.40517595 0.15879632 37.41650383
  jla_mock 0.022980 35.19923975 0.17790505 35.07798626
  jla_mock 0.017387 34.52982454 0.19829162 34.43562377
  jla_mock 0.031485 35.83010058 0.15108749 35.77343379
  jla_mock 0.011184 33.35888628 0.19447979 33.39698137
  jla_mock 0.021956 35.01658210 0.17567209 34.98363815
  jla_mock 0.031484 35.76754958 0.15080691 35.77336586
  jla_mock 0.023321 34.87899747 0.20285194 35.10753691
  jla_mock 0.020390 34.70257490 0.18300723 34.79580919
  jla_mock 0.022466 34.75746831 0.18140785 35.03344363
  jla_mock 0.033614 35.89508231 0.18044129 35.91805559
  jla_mock 0.036969 36.21169455 0.17916902 36.13977028
  jla_mock 0.022629 34.99655570 0.18007478 35.04756902
  jla_mock 0.014700 34.08393711 0.18462322 34.08778212
  jla_mock 0.036950 35.94724310 0.14876338 36.13870823
  jla_mock 0.060959 37.50349504 0.12531329 37.26168363
  jla_mock 0.059289 37.18718340 0.12135718 37.20061851
  jla_mock 0.069751 37.46685438 0.15873536 37.56798377
  jla_mock 0.029526 35.47039218 0.17470465 35.64036001
  jla_mock 0.033255 35.72199069 0.17565362 35.89366892
  jla_mock 0.024159 35.13073141 0.18124182 35.18015698
  jla_mock 0.015999 33.81074337 0.19155982 34.26914446
  jla_mock 0.062961 37.42354883 0.16530929 37.33488865
  jla_mock 0.021706 35.14711867 0.19186355 34.95365268
  jla_mock 0.031638 35.52745072 0.18943844 35.78382700
  jla_mock 0.018599 34.43829458 0.17304818 34.58099331
  jla_mock 0.027064 35.53592118 0.17332763 35.43190080
  jla_mock 0.025468 35.21945708 0.18469991 35.29359335
  jla_mock 0.023810 35.13229698 0.19336693 35.14991306
  jla_mock 0.023867 35.14407332 0.18298494 35.15485261
  jla_mock 0.022068 35.13345241 0.16678206 34.99707164
