  jla_mock 0.503084 42.23686717 0.14571158 42.35108100
  jla_mock 0.580724 43.01679275 0.16122778 42.72552632
  jla_mock 0.494795 42.36367430 0.12070859 42.30795504
  jla_mock 0.345928 41.48063625 0.13253081 41.39118194
  jla_mock 0.677662 42.92257846 0.22871689 43.13175210
  jla_mock 0.610712 42.65167064 0.22548733 42.85765176
  jla_mock 0.866494 43.26802615 0.25803499 43.78417385
  jla_mock 0.330932 41.18803518 0.12801230 41.27954507
  jla_mock 0.798566 43.37667466 0.25919990 43.56688646
  jla_mock 0.449562 42.11447923 0.16139765 42.06009851
  jla_mock 0.371443 41.76056843 0.14921889 41.57157260
  jla_mock 0.291718 40.70257419 0.14231442 40.96335873
  jla_mock 0.355820 41.29418205 0.14101044 41.46251312
  jla_mock 0.461274 42.02675486 0.15587207 42.12639800
  jla_mock 0.283610 40.78874305 0.13055630 40.89319599
  jla_mock 0.632234 42.84688709 0.22182909 42.94875922
  jla_mock 0.466414 42.30217733 0.17243727 42.15507604
  jla_mock 0.268624 40.74049429 0.12820280 40.75864558
  jla_mock 0.946890 43.77672467 0.29224985 44.02088236
  jla_mock 0.924917 43.80322709 0.31213110 43.95825216
  jla_mock 0.693165 43.09220617 0.29243158 43.19149304
  jla_mock 0.625233 43.01234757 0.19088816 42.91943219
  jla_mock 0.896944 43.92307855 0.26745476 43.87629010
  jla_mock 0.608261 42.71417341 0.15987482 42.84713700
  jla_mock 0.789054 43.36469697 0.26932700 43.53500333
  jla_mock 0.578292 42.65280003 0.14637659 42.71452713
  jla_mock 0.590280 42.83074450 0.18966931 42.76830634
  jla_mock 0.719626 43.26397459 0.25305179 43.29065226
  jla_mock 0.210032 40.20839154 0.13132256 40.15483080
  jla_mock 0.766590 43.24589743 0.22576765 43.45828289
  jla_mock 0.858513 44.02171435 0.22289539 43.75956030
  jla_mock 0.367904 41.50136286 0.09931133 41.54729890
  jla_mock 0.558746 42.53938555 0.15678156 42.62454440
  jla_mock 0.848509 43.62223215 0.21739327 43.72833562
  jla_mock 0.996390 44.43850242 0.24266005 44.15702957
  jla_mock 0.776594 43.82590070 0.26449227 43.49271322
  jla_mock 0.582932 42.73573143 0.13306958 42.73551243
  jla_mock 0.583743 42.78328537 0.16752875 42.73918034
  jla_mock 0.796552 43.30184976 0.22887969 43.56021387
  jla_mock 0.588721 42.84769491 0.15579306 42.76137980
  jla_mock 0.913473 43.88863509 0.24294053 43.92502563
  jla_mock 0.768587 43.44786929 0.23905376 43.46520986
  jla_mock 0.948455 43.69282150 0.26528102 44.02529941
  jla_mock 0.513793 42.32028054 0.15287930 42.40582273
  jla_mock 0.733609 43.45319621 0.19294483 43.34167511
  jla_mock 0.637701 43.05209702 0.27010736 42.97142091
  jla_mock 0.765588 43.58369994 0.21113574 43.45480726
  jla_mock 0.434861 41.91140886 0.15772880 41.97448442
  jla_mock 0.983407 44.34576484 0.25879722 44.12197372
  jla_mock 0.583743 42.68305779 0.16232669 42.73918034
  jla_mock 0.700631 43.41905129 0.21687358 43.21987569
  jla_mock 0.662058 43.19645687 0.21294856 43.07025770
  jla_mock 0.838126 43.19880231 0.28077453 43.69551364
  jla_mock 0.621874 42.82627848 0.17546981 42.90526861
  jla_mock 0.370586 41.58016084 0.14291643 41.56574760
  jla_mock 0.416632 41.63342827 0.13815441 41.86461950
  jla_mock 0.358570 41.69578484 0.10704088 41.48212572
  jla_mock 0.451681 42.35131415 0.15278703 42.07216742
  jla_mock 0.522762 42.45935027 0.16112888 42.45088093
  jla_mock 0.733996 43.30950993 0.30408870 43.34308204
  jla_mock 0.701965 42.93446684 0.31176741 43.22488288
  jla_mock 0.742008 43.81360951 0.29013165 43.37180407
  jla_mock 0.746118 43.34676161 0.21822021 43.38651198
  jla_mock 0.349560 41.44870471 0.13472825 41.41773364
  jla_mock 0.591835 42.49954910 0.15357327 42.77521512
  jla_mock 0.514746 42.43676947 0.15561143 42.41063888
  jla_mock 0.620632 42.91884437 0.18447364 42.90003158
  jla_mock 0.643646 43.38619580 0.24392132 42.99587363
  jla_mock 1.002795 44.08398517 0.33216844 44.17412957
  jla_mock 0.470586 42.09941547 0.14420733 42.17805785
  jla_mock 0.610643 42.86262533 0.15877872 42.85735575
  jla_mock 0.263487 40.69120457 0.12804977 40.71059074
  jla_mock 0.358336 41.46396987 0.12918713 41.48045687
  jla_mock 0.742697 43.79913853 0.25908753 43.37426971
  jla_mock 0.451556 42.05425666 0.11538935 42.07145547
  jla_mock 0.910752 43.98399889 0.26164869 43.91705349
  jla_mock 0.552605 42.81720685 0.15821060 42.59574777
  jla_mock 0.337534 41.47863150 0.12813367 41.32918083
  jla_mock 0.750681 43.50450464 0.24281434 43.40263657
  jla_mock 0.983777 44.19238744 0.34665096 44.12297525
  jla_mock 0.822697 43.68615160 0.22175759 43.64609281
  jla_mock 0.813696 43.52427806 0.24256727 43.61677497
  jla_mock 0.950763 43.88641553 0.26472927 44.03181349
  jla_mock 0.817732 43.59818086 0.24643394 43.62994659
  jla_mock 0.340520 41.46854579 0.12574260 41.35156774
  jla_mock 0.960751 44.21085458 0.28766046 44.05969252
  jla_mock 0.810720 43.46574358 0.27275574 43.60706270
  jla_mock 0.756687 43.26980078 0.24755189 43.42379562
  jla_mock 0.611252 43.12543691 0.18572910 42.85996836
  jla_mock 0.877971 43.63616673 0.22378685 43.81925155
  jla_mock 0.548325 42.54565535 0.14258079 42.57535592
  jla_mock 0.809032 43.64500867 0.23222084 43.60155386
  jla_mock 1.028800 44.37192704 0.28337345 44.24255906
  jla_mock 0.627239 42.94882404 0.17555461 42.92789070
  jla_mock 0.422452 41.89641176 0.15606690 41.90009559
  jla_mock 0.933900 43.62382991 0.34999950 43.98400344
  jla_mock 0.701158 43.55969893 0.22740618 43.22185379
  jla_mock 0.697164 43.08269882 0.20952266 43.20674812
  jla_mock 0.685179 43.36258346 0.27044472 43.16089914
  jla_mock 0.767075 43.18450095 0.25233801 43.45996521
  jla_mock 0.931901 44.29061546 0.25136810 43.97828133
  jla_mock 0.863978 43.82274545 0.24510246 43.77643514
  jla_mock 0.749100 43.69274114 0.22590126 43.39706674
  jla_mock 0.514353 42.50113564 0.15357466 42.40865279
  jla_mock 0.468406 41.99274948 0.11440416 42.16613949
  jla_mock 0.470398 42.23675354 0.15654577 42.17703003
  jla_mock 0.958871 44.06727017 0.27681249 44.05446029
  jla_mock 0.927909 43.87087061 0.29724149 43.96685429
  jla_mock 0.840522 43.96299253 0.21913135 43.70310328
  jla_mock 0.630699 42.76510383 0.17083127 42.94239637
  jla_mock 0.562751 42.66414203 0.14440652 42.64332481
  jla_mock 0.615698 43.29506921 0.16969222 42.87904165
  jla_mock 0.828528 43.47511129 0.22446355 43.66483979
  jla_mock 0.564741 42.51672830 0.16042692 42.65249802
  jla_mock 0.578745 43.05053195 0.14758356 42.71657591
  jla_mock 0.557743 42.60822355 0.15831963 42.61984109
  jla_mock 0.864497 43.62721254 0.22870035 43.77803148
  jla_mock 0.735608 43.40141291 0.23468503 43.34890124
  jla_mock 0.858507 43.62311796 0.28336591 43.75954157
  jla_mock 0.261984 40.84907173 0.10443414 40.69650477
  jla_mock 0.585743 42.57132324 0.18660838 42.74814872
  jla_mock 0.761580 43.36688668 0.21598834 43.44090475
  jla_mock 0.488800 42.35557342 0.11155101 42.27645931
  jla_mock 0.858516 43.59736573 0.27431051 43.75956966
  jla_mock 0.688656 42.75720513 0.18053033 43.17429244
  jla_mock 0.558743 42.44155642 0.15491557 42.62453033
  jla_mock 0.324532 41.25731841 0.12601850 41.23031081
  jla_mock 0.480704 42.29234341 0.10839252 42.23310364
  jla_mock 0.185371 39.75190134 0.13095679 39.85267084
  jla_mock 0.922221 44.16353883 0.33854809 43.95042459
  jla_mock 0.681942 43.14587820 0.19640351 43.14834773
  jla_mock 0.475707 42.26168102 0.10811298 42.20605508
  jla_mock 0.922210 44.09183245 0.27644363 43.95039265
  jla_mock 0.893183 44.13437142 0.25783329 43.86505298
  jla_mock 0.428646 41.80439288 0.14143599 41.93756341
  jla_mock 0.631882 42.86073202 0.23474045 42.94730012
  jla_mock 0.699960 43.42581714 0.25834877 43.21735709
  jla_mock 0.736007 43.18778902 0.26468680 43.35032909
  jla_mock 0.575823 42.59836795 0.15953941 42.70336060
  jla_mock 0.418633 41.87698462 0.10651651 41.87691426
  jla_mock 0.511746 42.41126096 0.12000546 42.39547784
  jla_mock 0.535771 42.60766748 0.12653138 42.51490290
  jla_mock 0.641893 42.81133502 0.21547239 42.98872907
  jla_mock 0.734996 43.55802944 0.22720400 43.34671116
  jla_mock 0.351560 41.54327321 0.13079492 41.43213142
  jla_mock 0.609860 43.10812490 0.17401244 42.85399669
  jla_mock 0.349557 41.53962574 0.13436921 41.41771171
  jla_mock 0.701969 42.93473399 0.18819535 43.22489789
  jla_mock 0.355261 41.54689868 0.10427939 41.45852641
  jla_mock 0.983280 43.85694566 0.25756994 44.12162996
  jla_mock 0.872152 43.83966004 0.26597542 43.80157672
  jla_mock 0.759030 43.50815149 0.20819082 43.43204997
  jla_mock 0.926220 43.80807872 0.24599386 43.96201956
  jla_mock 0.643642 43.30024851 0.22846121 42.99585733
  jla_mock 0.419569 41.90414597 0.13772753 41.88259578
  jla_mock 0.515587 42.11203900 0.20313602 42.41488903
  jla_mock 0.890729 43.47587339 0.21057911 43.85772092
  jla_mock 0.805696 43.66739339 0.22987004 43.59050885
  jla_mock 0.480568 42.40938291 0.10874993 42.23237487
  jla_mock 0.800697 43.56724461 0.24546005 43.57394667
  jla_mock 0.580604 42.76980987 0.18881444 42.72498360
  jla_mock 0.715652 43.26617106 0.24396561 43.27597318
  jla_mock 0.805695 43.60109404 0.23276535 43.59050554
  jla_mock 0.766684 43.06015711 0.25283777 43.45860895
  jla_mock 0.664638 42.95972531 0.19578546 43.08055024
  jla_mock 0.901736 44.10383967 0.25190507 43.89049989
  jla_mock 0.745665 43.22555529 0.21142864 43.38489089
  jla_mock 0.718680 43.71990260 0.20380008 43.28715794
  jla_mock 0.736690 43.28020530 0.19636251 43.35277325
  jla_mock 0.579600 42.47549880 0.12084594 42.72044282
  jla_mock 0.370531 41.43796040 0.10256736 41.56537377
  jla_mock 0.960740 44.16838231 0.23956115 44.05966190
  jla_mock 0.850729 43.59347003 0.21179952 43.73526472
  jla_mock 0.648640 43.00697433 0.19254569 43.01622729
  jla_mock 0.219462 40.08571668 0.13036783 40.26165884
  jla_mock 0.936755 43.80084600 0.24129989 43.99217583
  jla_mock 0.647639 43.17461310 0.17876349 43.01214759
  jla_mock 0.461564 42.23568584 0.13341110 42.12801602
  jla_mock 0.600603 42.62916077 0.17945434 42.81380214
  jla_mock 0.670654 43.41586953 0.23100742 43.10426437
  jla_mock 0.760698 43.95349261 0.20946016 43.43784537
  jla_mock 0.246492 40.60217836 0.13212126 40.54611375
  jla_mock 0.470573 42.26257595 0.14759396 42.17798678
  jla_mock 0.169455 39.59333505 0.11209573 39.63714984
  jla_mock 0.497379 42.20818543 0.12912927 42.32153052
  jla_mock 0.638234 42.99978847 0.19688575 42.97363029
  jla_mock 0.507371 42.37675931 0.14542671 42.37316793
  jla_mock 0.535327 42.46440350 0.14229510 42.51274244
  jla_mock 0.587285 42.79163619 0.16639385 42.75499974
  jla_mock 0.773081 43.07898987 0.25620999 43.48071408
  jla_mock 0.699166 43.42369518 0.22210270 43.21437680
  jla_mock 0.370511 41.61235360 0.12736057 41.56523783
  jla_mock 0.761089 43.60304145 0.22808946 43.43920163
  jla_mock 0.699169 42.99248153 0.21959570 43.21438806
  jla_mock 0.788060 43.63359341 0.19242158 43.53165972
  jla_mock 0.373513 41.83608951 0.13202741 41.58564233
  jla_mock 0.405478 41.90259129 0.13198879 41.79507834
  jla_mock 0.852994 43.90330449 0.25729076 43.74233429
  jla_mock 0.808048 43.19877007 0.24185374 43.59830126
  jla_mock 0.603272 42.75409028 0.18397635 42.82545340
  jla_mock 0.583290 43.07364489 0.17902789 42.73713156
  jla_mock 0.534335 42.24392464 0.14774220 42.50791545
  jla_mock 0.720140 43.74296937 0.24070231 43.29255086
  jla_mock 0.400485 41.96583020 0.21060605 41.76340376
  jla_mock 0.837004 43.95673894 0.21502566 43.69195956
  jla_mock 0.371508 41.59278219 0.10193219 41.57201440
  jla_mock 0.806041 43.74014318 0.25907683 43.59165187
  jla_mock 0.840005 43.42659768 0.23506835 43.70146561
  jla_mock 0.500728 42.28525877 0.12981336 42.33894272
  jla_mock 0.532765 42.35697746 0.17422186 42.50027598
  jla_mock 0.533766 42.60358376 0.18215335 42.50514675
  jla_mock 0.932229 43.97587640 0.34152943 43.97922023
  jla_mock 0.822103 43.69084559 0.25790730 43.64418307
  jla_mock 0.553797 42.59487299 0.13544877 42.60133735
  jla_mock 0.125298 38.77666971 0.13709229 38.92231622
  jla_mock 0.842123 43.83520734 0.28302626 43.70817465
  jla_mock 0.443668 41.62536343 0.15186631 42.02604866
  jla_mock 0.727675 43.21099212 0.24978201 43.32010216
  jla_mock 0.683659 43.75676110 0.41253064 43.15500537
  jla_mock 0.442548 42.34740144 0.13367762 42.01953486
  jla_mock 0.726679 43.22404717 0.20021505 43.31648122
  jla_mock 0.282510 40.81252064 0.12747632 40.88348566
  jla_mock 0.404549 41.67824831 0.12965359 41.78918496
  jla_mock 0.519611 42.45899521 0.13964385 42.43522504
  jla_mock 0.690652 43.32056814 0.23214813 43.18190663
  jla_mock 1.060801 44.49776439 0.27869308 44.32447227
  jla_mock 0.576612 42.58571377 0.15376326 42.70692901
  jla_mock 0.268489 40.63653810 0.12614174 40.75741813
  jla_mock 0.720680 43.59013608 0.25106936 43.29454550
  jla_mock 0.250498 40.36716293 0.13111277 40.58610363
  jla_mock 0.760691 42.95127629 0.27664014 43.43782109
  jla_mock 0.698167 43.03295307 0.26129048 43.21057429
  jla_mock 0.550315 42.79393493 0.16854352 42.58486067
  jla_mock 0.730128 43.06525011 0.23524622 43.32902000
  jla_mock 0.847985 43.79083278 0.24702775 43.72670010
  jla_mock 0.997826 44.41392526 0.24705649 44.16086339
  jla_mock 0.435446 41.94106349 0.13052406 41.97795969
  jla_mock 0.409470 41.81125498 0.12922369 41.82018436
  jla_mock 0.301590 40.99149012 0.12598595 41.04647939
  jla_mock 1.299106 45.25351818 0.19340708 44.86649555
  jla_mock 1.020807 44.39360009 0.23668119 44.22175183
  jla_mock 0.839734 43.83752516 0.19264717 43.70060719
  jla_mock 1.120850 44.38640839 0.20807086 44.47175959
  jla_mock 1.230892 44.12054232 0.23900250 44.72227987
  jla_mock 0.974230 44.17187076 0.18427047 44.09690728
  jla_mock 0.970782 43.69951694 0.33863365 44.08744397
  jla_mock 0.064229 37.21450186 0.15072784 37.38125426
  jla_mock 0.129030 39.23920393 0.16416611 38.99103288
  jla_mock 0.102890 38.64610303 0.14983539 38.46320916
  jla_mock 0.044130 36.58184838 0.17359564 36.53640119
  jla_mock 0.113040 38.86659074 0.15276523 38.68140463
  jla_mock 0.256110 40.63376992 0.20496122 40.64044730
  jla_mock 0.380260 41.28484267 0.28702753 41.63127303
  jla_mock 0.145470 39.34686320 0.16218924 39.27385898
  jla_mock 0.088890 38.19393532 0.14636771 38.12524312
  jla_mock 0.260590 40.94415817 0.18294429 40.68344034
  jla_mock 0.078910 37.82313399 0.15602647 37.85079369
  jla_mock 0.083040 37.98739174 0.15331705 37.96757382
  jla_mock 0.165650 39.81469843 0.13854363 39.58315350
  jla_mock 0.168170 39.59055168 0.16196037 39.61913704
  jla_mock 0.170630 39.60395654 0.16520984 39.65362070
  jla_mock 0.170280 39.39876520 0.17035518 39.64871449
  jla_mock 0.120440 38.82891808 0.15109792 38.82967597
  jla_mock 0.276530 41.08747381 0.21443501 40.83052825
  jla_mock 0.231600 40.30460811 0.18253328 40.39327881
  jla_mock 0.305690 41.07766578 0.26735001 41.08031431
  jla_mock 0.079970 37.71855638 0.16566195 37.88231469
  jla_mock 0.174150 39.69720047 0.15831009 39.70296318
  jla_mock 0.138680 38.99324464 0.16604939 39.16075605
  jla_mock 0.146070 39.18538161 0.16391832 39.28355706
  jla_mock 0.081330 37.93126400 0.14393418 37.92106160
  jla_mock 0.233800 40.74126009 0.17178002 40.41664409
  jla_mock 0.256550 40.75052953 0.17733386 40.64470129
  jla_mock 0.245620 40.47965621 0.20041043 40.53740902
  jla_mock 0.125930 38.86298171 0.19132506 38.93436823
  jla_mock 0.223510 39.68685067 0.21582750 40.30640047
  jla_mock 0.102640 38.28174299 0.14663754 38.45739969
  jla_mock 0.119670 38.65346434 0.14566661 38.81499236
  jla_mock 0.180550 39.70499736 0.16851019 39.78925613
  jla_mock 0.197090 39.89166097 0.17389574 40.00058301
  jla_mock 0.229160 40.07674446 0.19939442 40.36723751
  jla_mock 0.264510 40.80189613 0.19876199 40.72017820
  jla_mock 0.103370 38.36624994 0.12264053 38.47436335
  jla_mock 0.364410 41.29162805 0.23042794 41.52297770
  jla_mock 0.205600 40.21889919 0.15584351 40.10300055
  jla_mock 0.179810 40.11497558 0.19620482 39.77932421
  jla_mock 0.199590 39.95115968 0.18224440 40.03149756
  jla_mock 0.156530 39.63102734 0.15012954 39.44792878
  jla_mock 0.161800 39.75525024 0.14760764 39.52668171
  jla_mock 0.209530 40.10723943 0.20608020 40.14907809
  jla_mock 0.241790 40.53128702 0.19813238 40.49907425
  jla_mock 0.236460 40.60013992 0.16266354 40.44408642
  jla_mock 0.226680 40.29802833 0.21050732 40.34076930
  jla_mock 0.296780 41.35015227 0.19716042 41.00636879
  jla_mock 0.208520 40.02565335 0.16317028 40.13750389
  jla_mock 0.251040 40.46273692 0.22085837 40.59142971
  jla_mock 0.250120 40.59833418 0.17967388 40.58233025
  jla_mock 0.117710 38.82520833 0.14551100 38.77612598
  jla_mock 0.219710 40.01295930 0.16999397 40.26439993
  jla_mock 0.149010 39.53553152 0.14890457 39.33107762
  jla_mock 0.287420 41.05107121 0.18840122 40.92649529
  jla_mock 0.143600 39.10963249 0.16639625 39.24363332
  jla_mock 0.328370 41.14053459 0.19601268 41.25983598
  jla_mock 0.246250 40.51443129 0.16506508 40.54369799
  jla_mock 0.119660 38.79699553 0.15026680 38.81480166
  jla_mock 0.328380 41.32987833 0.27642285 41.25991291
  jla_mock 0.215130 40.25478497 0.18366862 40.21325182
  jla_mock 0.144780 39.19707097 0.13616902 39.26270620
  jla_mock 0.132430 39.15234394 0.12839376 39.05220730
  jla_mock 0.210820 40.38433516 0.16235031 40.16386096
  jla_mock 0.203990 40.19699066 0.15780808 40.08384780
  jla_mock 0.279520 41.01500345 0.16701092 40.85709122
  jla_mock 0.044280 36.52555686 0.15509722 36.54352732
  jla_mock 0.180370 39.95536037 0.15078404 39.78684026
  jla_mock 0.260700 40.92599749 0.18972170 40.68447125
  jla_mock 0.056540 36.89268207 0.18696980 37.09160151
  jla_mock 0.212600 40.02000523 0.19194689 40.18425904
  jla_mock 0.369410 41.92255382 0.23700047 41.55775436
  jla_mock 0.173860 39.61949371 0.13051969 39.69889803
  jla_mock 0.142650 39.36876376 0.16862649 39.22827803
  jla_mock 0.177890 40.10473214 0.17323466 39.75355491
  jla_mock 0.328370 40.87189382 0.20656404 41.25983598
  jla_mock 0.253510 40.39325649 0.19560920 40.61531008
  jla_mock 0.300010 40.77167591 0.19320267 41.03330377
  jla_mock 0.105890 38.61385630 0.14607715 38.52910106
  jla_mock 0.223280 40.17157485 0.16843887 40.30385834
  jla_mock 0.118450 38.82682980 0.12252294 38.79113535
  jla_mock 0.176530 39.96934256 0.17118858 39.73530166
  jla_mock 0.182800 40.04936856 0.18906536 39.81945453
  jla_mock 0.297620 40.96827427 0.22708191 41.01337355
  jla_mock 0.196990 39.82937239 0.16336648 39.99934643
  jla_mock 0.152950 39.37592767 0.14755004 39.39286806
  jla_mock 0.248500 40.41322170 0.17447627 40.56615860
  jla_mock 0.138180 39.14626264 0.12408786 39.15224127
  jla_mock 0.207040 39.98939110 0.17044837 40.12013097
  jla_mock 0.214680 40.51321316 0.18059604 40.20809500
  jla_mock 0.306320 40.85880070 0.21502986 41.08542547
  jla_mock 0.246950 40.89529601 0.17120148 40.55068574
  jla_mock 0.198010 39.97236742 0.14489973 40.01195956
  jla_mock 0.222560 40.41109050 0.15195110 40.29590034
  jla_mock 0.135080 39.13419027 0.15130600 39.09944962
  jla_mock 0.210540 40.07953230 0.18260591 40.16065228
  jla_mock 0.272580 40.60623606 0.16910743 40.79461419
  jla_mock 0.246600 40.22307110 0.16168519 40.54719186
  jla_mock 0.220680 40.35720760 0.19428942 40.27512112
  jla_mock 0.274470 40.42933741 0.19147108 40.81179838
  jla_mock 0.176560 39.88527087 0.15540451 39.73570430
  jla_mock 0.310880 41.17966447 0.22015615 41.12242051
  jla_mock 0.184350 39.86506392 0.17307932 39.83952780
  jla_mock 0.159350 39.44416369 0.14827050 39.49074512
  jla_mock 0.219760 40.17307143 0.16604587 40.26495257
  jla_mock 0.252050 40.74447916 0.18410044 40.60119456
  jla_mock 0.181220 39.80391169 0.14940352 39.79824854
  jla_mock 0.173730 39.64952502 0.13336424 39.69707572
  jla_mock 0.380470 41.65597836 0.24246083 41.63266739
  jla_mock 0.178650 39.70754635 0.17172186 39.76375526
  jla_mock 0.245680 40.85051544 0.18910008 40.53800797
  jla_mock 0.209100 39.59636000 0.16102286 40.14415046
  jla_mock 0.249470 40.84373015 0.20970726 40.57584163
  jla_mock 0.133920 39.37466857 0.16606211 39.07901608
  jla_mock 0.177060 39.65824981 0.16039966 39.74241506
  jla_mock 0.281110 41.15988654 0.18775324 40.87112706
  jla_mock 0.173830 39.65804425 0.15186906 39.69847750
  jla_mock 0.196540 40.17164141 0.16513423 39.99378181
  jla_mock 0.363970 41.22406906 0.22724835 41.51991492
  jla_mock 0.378350 41.63625509 0.26733097 41.61851927
  jla_mock 0.316460 41.30693362 0.21038880 41.16699585
  jla_mock 0.183220 39.90298259 0.13519430 39.82498164
  jla_mock 0.241020 40.13725348 0.16773658 40.49113042
  jla_mock 0.202030 40.11076730 0.19953174 40.06053140
  jla_mock 0.168690 39.77305116 0.16511959 39.62642627
  jla_mock 0.197940 40.02669989 0.17492454 40.01109396
  jla_mock 0.122760 38.88826001 0.14574653 38.87391751
  jla_mock 0.203180 40.27689632 0.16105255 40.07421194
  jla_mock 0.127390 38.84871153 0.14895509 38.96152523
  jla_mock 0.275490 40.67901856 0.19972760 40.82107239
  jla_mock 0.144680 39.41832693 0.14721731 39.26108985
  jla_mock 0.334360 41.31665538 0.24977783 41.30538443
  jla_mock 0.195800 39.80629911 0.15392559 39.98463111
  jla_mock 0.193920 39.99268530 0.16374737 39.96138337
  jla_mock 0.249730 40.89476009 0.18580683 40.57843707
  jla_mock 0.148600 39.12553719 0.14879989 39.32445060
  jla_mock 0.155960 39.71344573 0.14872192 39.43916213
  jla_mock 0.095820 37.97675386 0.15034816 38.29891732
  jla_mock 0.150650 39.11729466 0.15872946 39.35749386
  jla_mock 0.309330 41.65055639 0.24715745 41.10984544
  jla_mock 0.248570 40.28023069 0.17340396 40.56685738
  jla_mock 0.365540 41.60332960 0.24311996 41.53084345
  jla_mock 0.117710 39.02471191 0.12847626 38.77612598
  jla_mock 0.191760 39.96581048 0.14428474 39.93467320
  jla_mock 0.182550 39.80748274 0.16171197 39.81609915
  jla_mock 0.234720 40.38132836 0.18444964 40.42613542
  jla_mock 0.246470 40.41101805 0.19927669 40.54589414
  jla_mock 0.288450 41.08100439 0.18873457 40.93532948
  jla_mock 0.209600 40.08822671 0.19927022 40.14988026
  jla_mock 0.191980 39.82741335 0.17965405 39.93739368
  jla_mock 0.114020 38.66303949 0.12215388 38.70128192
  jla_mock 0.113890 38.73263473 0.18397194 38.69864513
  jla_mock 0.198800 39.92057874 0.20967258 40.02172856
  jla_mock 0.220580 40.32133826 0.22796022 40.27401584
  jla_mock 0.182570 39.60274787 0.16453718 39.81636758
  jla_mock 0.158950 39.46668550 0.16372575 39.48487792
  jla_mock 0.078490 37.80005935 0.14911597 37.83830424
  jla_mock 0.138640 39.23820813 0.13217046 39.16007487
  jla_mock 0.180790 39.84553322 0.15445548 39.79247729
  jla_mock 0.177570 39.64706504 0.18629282 39.74926003
  jla_mock 0.170660 39.73860502 0.16102003 39.65404123
  jla_mock 0.233810 40.66173814 0.20858516 40.41674726
  jla_mock 0.071530 37.55518513 0.17410666 37.62633113
  jla_mock 0.154630 39.15244710 0.18791656 39.41870661
  jla_mock 0.090100 38.26833077 0.15950858 38.15556956
  jla_mock 0.176580 39.78506486 0.20448697 39.73597273
  jla_mock 0.130450 38.66775690 0.16440638 39.01658220
  jla_mock 0.182040 39.65515999 0.17166998 39.80925418
  jla_mock 0.256170 40.43096018 0.17261330 40.64102739
  jla_mock 0.138110 39.29083947 0.14854031 39.15104920
  jla_mock 0.170700 39.71314623 0.16749506 39.65460194
  jla_mock 0.216740 40.11207566 0.14793120 40.23157319
  jla_mock 0.245550 40.90219265 0.17887642 40.53671024
  jla_mock 0.143820 39.12450455 0.16709807 39.24718928
  jla_mock 0.248620 40.59280393 0.18856198 40.56735650
  jla_mock 0.145330 39.34332598 0.17138622 39.27159610
  jla_mock 0.135880 39.01158896 0.12760365 39.11307327
  jla_mock 0.058740 37.15808612 0.12754402 37.18054381
  jla_mock 0.036520 36.09206131 0.15191506 36.11467233
  jla_mock 0.277490 40.80795861 0.22703402 40.83917126
  jla_mock 0.205150 40.31043147 0.29701418 40.09764730
  jla_mock 0.280510 40.51312834 0.20078942 40.86583052
  jla_mock 0.198670 39.84888930 0.16215673 40.02012100
  jla_mock 0.159990 39.49488586 0.15164286 39.50013264
  jla_mock 0.210750 40.06660355 0.18113105 40.16305879
  jla_mock 0.071950 37.43989677 0.17245857 37.64010622
  jla_mock 0.237820 40.71606495 0.19074175 40.45811709
  jla_mock 0.141390 39.15667109 0.17359013 39.20690618
  jla_mock 0.155060 39.50097310 0.15760876 39.42532005
  jla_mock 0.370130 41.80173759 0.22886799 41.56264818
  jla_mock 0.093910 38.34523450 0.17056414 38.25106025
  jla_mock 0.118630 38.98576905 0.17057943 38.79478628
  jla_mock 0.153630 39.63303790 0.15381057 39.40332652
  jla_mock 0.253560 40.87264555 0.16809525 40.61579348
  jla_mock 0.107250 38.50897025 0.14420228 38.55855910
  jla_mock 0.129610 38.80429026 0.15302154 39.00146852
  jla_mock 0.266650 40.70990011 0.19376454 40.74023408
  jla_mock 0.212260 40.10956470 0.16262819 40.18036278
  jla_mock 0.278220 41.11690808 0.18167466 40.84561538
  jla_mock 0.245400 40.71279737 0.16811689 40.53521287
  jla_mock 0.133620 39.22838618 0.15059378 39.07361834
  jla_mock 0.176560 39.60238639 0.16208219 39.73570430
  jla_mock 0.113680 38.69452736 0.14584429 38.69438572
  jla_mock 0.320380 40.75304493 0.26368273 41.19795536
  jla_mock 0.112710 38.93529569 0.12253270 38.67471126
  jla_mock 0.106020 38.51561425 0.14472955 38.53191691
  jla_mock 0.391350 41.07794258 0.26610488 41.70446868
  jla_mock 0.155750 39.34941141 0.14611530 39.43593231
  jla_mock 0.186670 39.84922371 0.16762102 39.86939250
  jla_mock 0.196710 39.78999914 0.16669908 39.99588400
  jla_mock 0.191910 40.00281592 0.17339098 39.93652807
  jla_mock 0.190840 40.20965069 0.15087610 39.92307171
  jla_mock 0.176250 39.71866055 0.15361286 39.73154363
  jla_mock 0.128370 38.91786998 0.15035584 38.97915785
  jla_mock 0.122620 38.87606812 0.14734428 38.87124776
  jla_mock 0.127150 39.07038553 0.14706216 38.95720703
  jla_mock 0.213230 40.29815784 0.17620944 40.19147859
  jla_mock 0.218610 40.13409866 0.18110338 40.25224188
  jla_mock 0.268560 40.79156770 0.19152223 40.75806368
  jla_mock 0.204660 39.88999854 0.16518790 40.09181820
  jla_mock 0.267100 40.49668515 0.17377576 40.74445143
  jla_mock 0.217570 40.08389086 0.17264916 40.24074699
  jla_mock 0.241850 40.43452794 0.17151433 40.49969325
  jla_mock 0.293500 40.95313564 0.20071643 40.97864273
  jla_mock 0.353460 41.78868417 0.23113786 41.44568194
  jla_mock 0.185630 39.49232076 0.15494760 39.85600487
  jla_mock 0.285430 41.01085679 0.19928385 40.90926217
  jla_mock 0.194940 40.19083667 0.16836015 39.97399650
  jla_mock 0.075920 37.89209623 0.14499851 37.76188071
  jla_mock 0.163570 39.69114857 0.15777754 39.55264407
  jla_mock 0.257210 40.46231227 0.20821329 40.65108228
  jla_mock 0.219550 39.94719544 0.18725136 40.26263149
  jla_mock 0.175580 39.73685523 0.15163366 39.72255122
  jla_mock 0.226670 40.11643400 0.18608202 40.34066257
  jla_mock 0.153220 39.50091392 0.15082218 39.39702068
  jla_mock 0.210250 40.15072230 0.19550076 40.15732899
  jla_mock 0.121640 38.95334183 0.12361443 38.85255952
  jla_mock 0.291350 41.38365271 0.19904915 40.96020244
  jla_mock 0.294480 40.62278314 0.27859702 40.98704807
  jla_mock 0.164550 39.74146712 0.12599124 39.56701870
  jla_mock 0.307020 40.98271291 0.20906564 41.09110453
  jla_mock 0.198630 40.16245011 0.16157737 40.01962637
  jla_mock 0.268210 41.14632084 0.21539519 40.75485425
  jla_mock 0.401280 41.85346113 0.24823001 41.76844708
  jla_mock 0.136680 39.34365697 0.15334431 39.12669692
  jla_mock 0.295420 40.97463761 0.24720467 40.99502774
  jla_mock 0.291920 40.60541797 0.19219946 40.96509126
  jla_mock 0.090070 38.02416742 0.12096556 38.15481767
  jla_mock 0.205570 40.27733315 0.18292629 40.10264367
  jla_mock 0.145820 39.14683110 0.14934529 39.27951619
  jla_mock 0.117670 38.88145961 0.14486540 38.77531466
  jla_mock 0.054990 36.72762210 0.14997934 37.02755570
  jla_mock 0.174200 39.63784132 0.15142908 39.70366406
  jla_mock 0.244950 40.56622855 0.18020903 40.53072075
  jla_mock 0.224520 40.46850279 0.18249954 40.31756378
  jla_mock 0.245580 40.66053429 0.16228277 40.53700972
  jla_mock 0.283510 41.07265506 0.21250233 40.89231323
  jla_mock 0.180560 39.83337610 0.17619167 39.78939034
  jla_mock 0.103910 38.53580499 0.12352191 38.48621362
  jla_mock 0.129610 39.00261129 0.15326847 39.00146852
  jla_mock 0.243520 40.62018105 0.16045597 40.51644578
  jla_mock 0.331360 41.61525190 0.26935111 41.28283761
  jla_mock 0.243480 40.36737783 0.19048000 40.51604648
  jla_mock 0.314680 41.59854428 0.17577640 41.15293771
  jla_mock 0.218650 40.35432516 0.18935500 40.25268399
  jla_mock 0.260140 40.77721395 0.21925656 40.67922298
  jla_mock 0.282430 40.99827195 0.19830733 40.88277946
  jla_mock 0.300410 40.73284618 0.20581539 41.03663937
  jla_mock 0.151860 39.39282495 0.14864409 39.37610376
  jla_mock 0.263570 40.78087078 0.18936772 40.71136861
  jla_mock 0.213820 40.31794891 0.20621233 40.19823975
  jla_mock 0.162840 39.71891657 0.16761662 39.54193643
  jla_mock 0.124400 38.65555838 0.17140549 38.90519170
  jla_mock 0.194650 39.85429754 0.13938689 39.97041042
  jla_mock 0.205540 40.14826945 0.18299408 40.10228679
  jla_mock 0.106670 38.56571937 0.14588621 38.54599612
  jla_mock 0.187720 39.86494709 0.18724598 39.88290884
  jla_mock 0.163870 39.73655611 0.15682059 39.55704447
  jla_mock 0.290210 40.70520162 0.19470283 40.95042479
  jla_mock 0.094010 38.22289882 0.12497638 38.25356657
  jla_mock 0.227860 40.26498063 0.18009820 40.35336304
  jla_mock 0.107510 38.62905803 0.14764565 38.56419079
  jla_mock 0.310650 40.98971423 0.22259423 41.12055454
  jla_mock 0.145640 39.42672244 0.15575872 39.27660677
  jla_mock 0.087840 38.14776628 0.12609586 38.09813443
  jla_mock 0.148390 39.26147583 0.15572534 39.32105628
  jla_mock 0.286620 40.91125987 0.19365541 40.91963379
  jla_mock 0.122810 38.82083697 0.13329108 38.87487099
  jla_mock 0.186550 39.94897994 0.20280242 39.86784777
  jla_mock 0.128930 38.92041761 0.15503539 38.98923364
  jla_mock 0.194220 40.55893549 0.16863568 39.96509311
  jla_mock 0.148000 39.25947102 0.14676099 39.31475253
  jla_mock 0.211790 40.06586039 0.22866165 40.17497677
  jla_mock 0.179620 39.97904943 0.17351314 39.77677412
  jla_mock 0.263490 40.76943683 0.18130204 40.71061886
  jla_mock 0.192150 39.95725452 0.15956887 39.93949587
  jla_mock 0.338800 40.92292810 0.22987627 41.33867240
  jla_mock 0.117410 38.94146971 0.14766783 38.77004109
  jla_mock 0.143100 39.07865080 0.16841647 39.23555159
  jla_mock 0.160350 39.23234964 0.13218212 39.50541312
  jla_mock 0.288720 41.09310692 0.21129560 40.93764524
  jla_mock 0.123030 38.88121321 0.15464992 38.87906631
  jla_mock 0.264050 40.86835609 0.18533646 40.71586713
  jla_mock 0.126080 38.98594368 0.17182656 38.93722867
  jla_mock 0.173740 39.80347452 0.14981160 39.69721590
  jla_mock 0.164400 39.54347855 0.14972618 39.56481851
  jla_mock 0.249610 40.55200653 0.16242204 40.57723917
  jla_mock 0.159990 39.11518522 0.15136580 39.50013264
  jla_mock 0.244480 40.63851512 0.15150476 40.52602897
  jla_mock 0.248510 40.62454498 0.17707716 40.56625843
  jla_mock 0.228930 40.45015795 0.16847625 40.36478279
  jla_mock 0.085280 38.16743230 0.14384543 38.02850211
  jla_mock 0.062818 37.29323622 0.14854713 37.32965972
  jla_mock 0.277450 41.07374215 0.23370164 40.83881815
  jla_mock 0.275440 40.54834813 0.21508178 40.82061778
  jla_mock 0.330510 41.29155157 0.21087893 41.27629868
  jla_mock 0.361930 41.49144472 0.24565378 41.50571480
  jla_mock 0.331030 41.00754581 0.21800830 41.28029897
  jla_mock 0.160500 39.60388049 0.12714994 39.50761332
  jla_mock 0.300210 40.99667581 0.20430208 41.03497157
  jla_mock 0.116350 38.67811821 0.12231010 38.74854117
  jla_mock 0.218290 40.13747871 0.16062208 40.24870499
  jla_mock 0.119670 38.76034149 0.12046332 38.81499236
  jla_mock 0.154730 39.34324958 0.12395445 39.42024462
  jla_mock 0.178100 39.74450097 0.16562813 39.75637343
  jla_mock 0.250370 40.73760588 0.16560962 40.58482587
  jla_mock 0.251740 40.64845773 0.14466362 40.59819743
  jla_mock 0.129530 38.92419509 0.14518911 39.00002912
  jla_mock 0.309290 41.49399358 0.18810950 41.10952092
  jla_mock 0.278520 40.73486419 0.17881943 40.84826365
  jla_mock 0.185810 39.77473046 0.13605911 39.85832196
  jla_mock 0.066510 37.54221456 0.17228058 37.46168597
  jla_mock 0.258000 40.56152285 0.18756945 40.65872012
  jla_mock 0.298880 41.10686405 0.21609463 41.02388070
  jla_mock 0.270440 40.63966691 0.22437165 40.77515695
  jla_mock 0.279160 40.91518164 0.17183675 40.85391330
  jla_mock 0.292870 41.16166490 0.21554431 40.97323930
  jla_mock 0.189650 39.96061765 0.15711153 39.90775318
  jla_mock 0.265760 40.74508183 0.19291042 40.73189308
  jla_mock 0.123760 38.98834101 0.14509081 38.89298713
  jla_mock 0.182550 40.01607879 0.14971699 39.81609915
  jla_mock 0.056340 37.19219164 0.14895035 37.08333754
  jla_mock 0.312880 41.49051069 0.18264477 41.13864641
  jla_mock 0.309150 41.07966623 0.22328713 41.10838511
  jla_mock 0.200610 40.05345236 0.15587566 40.04363891
  jla_mock 0.326400 41.26631935 0.20549386 41.24468106
  jla_mock 0.211630 40.33129861 0.13899445 40.17314324
  jla_mock 0.179690 39.96152550 0.15636245 39.77771363
  jla_mock 0.302400 41.12943305 0.19662226 41.05323399
  jla_mock 0.109240 38.69858572 0.14870399 38.60166315
  jla_mock 0.085220 38.07222789 0.15002378 38.02687010
  jla_mock 0.202310 39.96480521 0.16131988 40.06386231
  jla_mock 0.126490 39.15362610 0.15584855 38.94504722
  jla_mock 0.214570 40.25553798 0.16812914 40.20683444
  jla_mock 0.320450 41.19730963 0.19168742 41.19850820
  jla_mock 0.218350 40.29236011 0.17273249 40.24936815
  jla_mock 0.190100 39.87018624 0.15982384 39.91354590
  jla_mock 0.092430 38.13338082 0.15614025 38.21396675
  jla_mock 0.379860 41.43782343 0.18489314 41.62861712
  jla_mock 0.211340 40.21305479 0.16607978 40.16981995
  jla_mock 0.258330 40.78372508 0.18011571 40.66191062
  jla_mock 0.183270 39.85636023 0.16855779 39.82562527
  jla_mock 0.212950 40.30525376 0.17784935 40.18826990
  jla_mock 0.116510 38.58969692 0.15544019 38.75178644
  jla_mock 0.144010 39.12132457 0.17185674 39.25026033
  jla_mock 0.252490 40.51166546 0.18599877 40.60544855
  jla_mock 0.255390 40.80047794 0.21319916 40.63348622
  jla_mock 0.216980 40.10745353 0.18860575 40.23422585
  jla_mock 1.265901 44.77782486 0.22380442 44.79726150
  jla_mock 0.935774 44.20118664 0.22958872 43.98936774
  jla_mock 0.049519 36.44778491 0.20228994 36.79241934
  jla_mock 0.030325 35.71646334 0.18207848 35.69463564
  jla_mock 0.074579 37.51719928 0.21872943 37.72200368
  jla_mock 0.025198 35.27111312 0.22034080 35.27019548
  jla_mock 0.014411 34.23222419 0.20528439 34.03100129
  jla_mock 0.020792 34.69884850 0.19750056 34.84402582
  jla_mock 0.035218 35.97895255 0.20378488 36.02701442
  jla_mock 0.041657 36.20733642 0.21523275 36.40181746
  jla_mock 0.042400 36.59304852 0.20618664 36.44334925
  jla_mock 0.018902 34.52857625 0.18361956 34.61733569
  jla_mock 0.078840 37.46186362 0.21534076 37.84871212
  jla_mock 0.063345 37.24451047 0.20758765 37.34892997
  jla_mock 0.027637 35.43075538 0.23141589 35.48155629
  jla_mock 0.049325 36.58205397 0.21068097 36.78320287
  jla_mock 0.070153 37.46591290 0.22041411 37.58116850
  jla_mock 0.023909 35.36453403 0.18367797 35.15849228
  jla_mock 0.053126 36.66016772 0.22335947 36.95053545
  jla_mock 0.024951 35.27675249 0.18978288 35.24879075
  jla_mock 0.015664 34.21989623 0.20165316 34.22896394
  jla_mock 0.048984 37.05887150 0.15985830 36.76700280
  jla_mock 0.022399 35.00324836 0.18927946 35.02763749
  jla_mock 0.034854 35.66958560 0.23666209 36.00228810
  jla_mock 0.016966 34.24162068 0.20291443 34.38512824
  jla_mock 0.030721 35.75201831 0.18171781 35.72153570
  jla_mock 0.030482 35.72118499 0.18203752 35.70530056
  jla_mock 0.010550 33.26526884 0.21945028 33.27241718
  jla_mock 0.014256 33.72620769 0.17170736 34.00054790
  jla_mock 0.027688 35.55869300 0.18124529 35.48597589
  jla_mock 0.053860 36.93515025 0.15903793 36.98086424
  jla_mock 0.017672 34.32014189 0.19251135 34.46980720
  jla_mock 0.017450 34.50131644 0.17037052 34.44318011
  jla_mock 0.015573 33.80080166 0.20219934 34.21804923
  jla_mock 0.010060 33.07179233 0.23112569 33.17614517
  jla_mock 0.054931 36.86155386 0.18431298 37.02511783
  jla_mock 0.039083 36.33273053 0.16317419 36.25793746
  jla_mock 0.078317 37.59233468 0.18391968 37.83315978
  jla_mock 0.031764 35.91173450 0.15356487 35.79238611
  jla_mock 0.014440 34.01131738 0.22581465 34.03669902
  jla_mock 0.013533 33.47855995 0.22079334 33.85849757
  jla_mock 0.026677 35.54650157 0.19349962 35.39836385
  jla_mock 0.023360 35.07619481 0.17880596 35.11091660
  jla_mock 0.036934 36.01702748 0.19001518 36.13781387
  jla_mock 0.023552 35.04660332 0.17819828 35.12755509
  jla_mock 0.017483 34.27985142 0.19211831 34.44713819
  jla_mock 0.040259 36.43475273 0.17447686 36.32367284
  jla_mock 0.030381 35.83833629 0.20408145 35.69843968
  jla_mock 0.015504 34.27745011 0.20027602 34.20977324
  jla_mock 0.014151 33.75215185 0.18788306 33.97991818
  jla_mock 0.015487 34.16220818 0.18431337 34.20773422
  jla_mock 0.015554 34.35761749 0.19852180 34.21577033
  jla_mock 0.037075 36.25975871 0.15485493 36.14569541
  jla_mock 0.015482 33.82651729 0.20249750 34.20713452
  jla_mock 0.013324 33.82432879 0.18643777 33.81743462
  jla_mock 0.014575 33.65709397 0.20791179 34.06322294
  jla_mock 0.015791 34.48380526 0.19846605 34.24419655
  jla_mock 0.024746 35.47086012 0.17954713 35.23102570
  jla_mock 0.027748 35.46761325 0.17503344 35.49117542
  jla_mock 0.010888 33.47354982 0.25477943 33.33882522
  jla_mock 0.013652 33.89933630 0.18670962 33.88187792
  jla_mock 0.035755 36.03812575 0.16295663 36.06349253
  jla_mock 0.024725 35.22051411 0.17710562 35.22920587
  jla_mock 0.038086 36.17008976 0.17051564 36.20220772
  jla_mock 0.021541 35.06295829 0.17711857 34.93386228
  jla_mock 0.019581 34.82217024 0.17898631 34.69877622
  jla_mock 0.030416 35.72424902 0.17571774 35.70081721
  jla_mock 0.039219 36.37566147 0.17021381 36.26553951
  jla_mock 0.034971 35.97712429 0.15987848 36.01023585
  jla_mock 0.028561 35.45775483 0.17650121 35.56162903
  jla_mock 0.020997 34.80914906 0.18822756 34.86861390
  jla_mock 0.032538 35.90817148 0.18232286 35.84496350
  jla_mock 0.015469 34.27788798 0.19318910 34.20557527
  jla_mock 0.015678 34.06082752 0.20747940 34.23064312
  jla_mock 0.027499 35.11855905 0.15598630 35.46959738
  jla_mock 0.046856 36.80370726 0.17134850 36.66590675
  jla_mock 0.033173 36.04285191 0.18295753 35.88809870
  jla_mock 0.010291 32.76977300 0.23549671 33.22153055
  jla_mock 0.080103 37.90408886 0.17116407 37.88626968
  jla_mock 0.012317 33.59714778 0.20020781 33.61958582
  jla_mock 0.024586 35.04757994 0.20631378 35.21716029
  jla_mock 0.014467 34.35213852 0.20827809 34.04200380
  jla_mock 0.015154 34.11245475 0.18399751 34.16779358
  jla_mock 0.029086 35.49401091 0.17337203 35.60712490
  jla_mock 0.034781 36.15428736 0.17928903 35.99732925
  jla_mock 0.044920 36.54304401 0.14070569 36.57393215
  jla_mock 0.034074 35.88967528 0.16958177 35.94930313
  jla_mock 0.074870 37.65100236 0.14386215 37.73065708
  jla_mock 0.014960 34.19303053 0.19782876 34.13886523
  jla_mock 0.020396 34.65119755 0.17103812 34.79652884
  jla_mock 0.040689 36.25840933 0.17468105 36.34770874
  jla_mock 0.026567 35.45972257 0.18033141 35.38883138
  jla_mock 0.026881 35.65413429 0.15330990 35.41604224
  jla_mock 0.023471 35.16100752 0.17597781 35.12053573
  jla_mock 0.069122 37.44000390 0.19117659 37.54735393
  jla_mock 0.065193 37.23206653 0.15879632 37.41650383
  jla_mock 0.022980 35.33837127 0.17790505 35.07798626
  jla_mock 0.017387 35.02646232 0.19829162 34.43562377
  jla_mock 0.031485 35.79081177 0.15108749 35.77343379
  jla_mock 0.011184 33.21984274 0.19447979 33.39698137
  jla_mock 0.021956 34.95887745 0.17567209 34.98363815
  jla_mock 0.031484 35.68461811 0.15080691 35.77336586
  jla_mock 0.023321 34.85734897 0.20285194 35.10753691
  jla_mock 0.020390 34.89462327 0.18300723 34.79580919
  jla_mock 0.022466 34.79482815 0.18140785 35.03344363
  jla_mock 0.033614 35.90217371 0.18044129 35.91805559
  jla_mock 0.036969 36.26788603 0.17916902 36.13977028
  jla_mock 0.022629 34.96522783 0.18007478 35.04756902
  jla_mock 0.014700 33.83064749 0.18462322 34.08778212
  jla_mock 0.036950 36.06745214 0.14876338 36.13870823
  jla_mock 0.060959 37.23483913 0.12531329 37.26168363
  jla_mock 0.059289 37.31127425 0.12135718 37.20061851
  jla_mock 0.069751 37.58862721 0.15873536 37.56798377
  jla_mock 0.029526 35.76540904 0.17470465 35.64036001
  jla_mock 0.033255 35.70602374 0.17565362 35.89366892
  jla_mock 0.024159 35.04621184 0.18124182 35.18015698
  jla_mock 0.015999 34.35018136 0.19155982 34.26914446
  jla_mock 0.062961 37.24216923 0.16530929 37.33488865
  jla_mock 0.021706 34.79594804 0.19186355 34.95365268
  jla_mock 0.031638 35.97078700 0.18943844 35.78382700
  jla_mock 0.018599 34.72290152 0.17304818 34.58099331
  jla_mock 0.027064 35.37245683 0.17332763 35.43190080
  jla_mock 0.025468 35.17294985 0.18469991 35.29359335
  jla_mock 0.023810 35.12092210 0.19336693 35.14991306
  jla_mock 0.023867 35.03352070 0.18298494 35.15485261
  jla_mock 0.022068 35.13060260 0.16678206 34.99707164
