  jla_mock 0.503084 42.26026626 0.14571158 42.35108100
  jla_mock 0.580724 43.00285429 0.16122778 42.72552632
  jla_mock 0.494795 42.34203338 0.12070859 42.30795504
  jla_mock 0.345928 41.35221479 0.13253081 41.39118194
  jla_mock 0.677662 43.29548921 0.22871689 43.13175210
  jla_mock 0.610712 42.78490086 0.22548733 42.85765176
  jla_mock 0.866494 43.86037923 0.25803499 43.78417385
  jla_mock 0.330932 41.02478606 0.12801230 41.27954507
  jla_mock 0.798566 44.21262945 0.25919990 43.56688646
  jla_mock 0.449562 42.12150089 0.16139765 42.06009851
  jla_mock 0.371443 41.50283778 0.14921889 41.57157260
  jla_mock 0.291718 40.89960861 0.14231442 40.96335873
  jla_mock 0.355820 41.81128378 0.14101044 41.46251312
  jla_mock 0.461274 42.24441632 0.15587207 42.12639800
  jla_mock 0.283610 40.91314221 0.13055630 40.89319599
  jla_mock 0.632234 43.07210247 0.22182909 42.94875922
  jla_mock 0.466414 42.05689750 0.17243727 42.15507604
  jla_mock 0.268624 40.72581888 0.12820280 40.75864558
  jla_mock 0.946890 43.72000103 0.29224985 44.02088236
  jla_mock 0.924917 44.16489585 0.31213110 43.95825216
  jla_mock 0.693165 43.33026652 0.29243158 43.19149304
  jla_mock 0.625233 42.60781515 0.19088816 42.91943219
  jla_mock 0.896944 43.90770133 0.26745476 43.87629010
  jla_mock 0.608261 43.08472933 0.15987482 42.84713700
  jla_mock 0.789054 43.93452172 0.26932700 43.53500333
  jla_mock 0.578292 42.73863089 0.14637659 42.71452713
  jla_mock 0.590280 42.68956775 0.18966931 42.76830634
  jla_mock 0.719626 42.94187483 0.25305179 43.29065226
  jla_mock 0.210032 40.32423326 0.13132256 40.15483080
  jla_mock 0.766590 43.49236038 0.22576765 43.45828289
  jla_mock 0.858513 43.94992956 0.22289539 43.75956030
  jla_mock 0.367904 41.56604601 0.09931133 41.54729890
  jla_mock 0.558746 42.64277878 0.15678156 42.62454440
  jla_mock 0.848509 44.04376991 0.21739327 43.72833562
  jla_mock 0.996390 44.12357621 0.24266005 44.15702957
  jla_mock 0.776594 43.53133345 0.26449227 43.49271322
  jla_mock 0.582932 42.68695330 0.13306958 42.73551243
  jla_mock 0.583743 42.95575922 0.16752875 42.73918034
  jla_mock 0.796552 43.69474034 0.22887969 43.56021387
  jla_mock 0.588721 42.61786393 0.15579306 42.76137980
  jla_mock 0.913473 43.76011261 0.24294053 43.92502563
  jla_mock 0.768587 43.78850961 0.23905376 43.46520986
  jla_mock 0.948455 44.03354114 0.26528102 44.02529941
  jla_mock 0.513793 42.37667970 0.15287930 42.40582273
  jla_mock 0.733609 43.08796068 0.19294483 43.34167511
  jla_mock 0.637701 42.62886481 0.27010736 42.97142091
  jla_mock 0.765588 43.24351957 0.21113574 43.45480726
  jla_mock 0.434861 42.01529979 0.15772880 41.97448442
  jla_mock 0.983407 44.05800170 0.25879722 44.12197372
  jla_mock 0.583743 42.59390980 0.16232669 42.73918034
  jla_mock 0.700631 43.32918835 0.21687358 43.21987569
  jla_mock 0.662058 43.07745376 0.21294856 43.07025770
  jla_mock 0.838126 44.06316947 0.28077453 43.69551364
  jla_mock 0.621874 42.92466721 0.17546981 42.90526861
  jla_mock 0.370586 41.67892901 0.14291643 41.56574760
  jla_mock 0.416632 41.90895187 0.13815441 41.86461950
  jla_mock 0.358570 41.30531012 0.10704088 41.48212572
  jla_mock 0.451681 42.13181285 0.15278703 42.07216742
  jla_mock 0.522762 42.14596626 0.16112888 42.45088093
  jla_mock 0.733996 43.37746224 0.30408870 43.34308204
  jla_mock 0.701965 43.42780742 0.31176741 43.22488288
  jla_mock 0.742008 43.86967305 0.29013165 43.37180407
  jla_mock 0.746118 43.43998249 0.21822021 43.38651198
  jla_mock 0.349560 41.32556636 0.13472825 41.41773364
  jla_mock 0.591835 42.84163205 0.15357327 42.77521512
  jla_mock 0.514746 42.34356313 0.15561143 42.41063888
  jla_mock 0.620632 42.82562583 0.18447364 42.90003158
  jla_mock 0.643646 42.90505549 0.24392132 42.99587363
  jla_mock 1.002795 44.05559798 0.33216844 44.17412957
  jla_mock 0.470586 42.15297887 0.14420733 42.17805785
  jla_mock 0.610643 42.74923337 0.15877872 42.85735575
  jla_mock 0.263487 41.10289631 0.12804977 40.71059074
  jla_mock 0.358336 41.38283139 0.12918713 41.48045687
  jla_mock 0.742697 43.22999545 0.25908753 43.37426971
  jla_mock 0.451556 42.19978970 0.11538935 42.07145547
  jla_mock 0.910752 43.92704338 0.26164869 43.91705349
  jla_mock 0.552605 42.79466262 0.15821060 42.59574777
  jla_mock 0.337534 41.55092418 0.12813367 41.32918083
  jla_mock 0.750681 43.80761100 0.24281434 43.40263657
  jla_mock 0.983777 43.72908231 0.34665096 44.12297525
  jla_mock 0.822697 43.71957147 0.22175759 43.64609281
  jla_mock 0.813696 43.52739201 0.24256727 43.61677497
  jla_mock 0.950763 44.55037836 0.26472927 44.03181349
  jla_mock 0.817732 43.71073086 0.24643394 43.62994659
  jla_mock 0.340520 41.34283446 0.12574260 41.35156774
  jla_mock 0.960751 44.36216865 0.28766046 44.05969252
  jla_mock 0.810720 43.19840414 0.27275574 43.60706270
  jla_mock 0.756687 43.27506327 0.24755189 43.42379562
  jla_mock 0.611252 43.20608230 0.18572910 42.85996836
  jla_mock 0.877971 43.69808799 0.22378685 43.81925155
  jla_mock 0.548325 42.74679496 0.14258079 42.57535592
  jla_mock 0.809032 43.57901874 0.23222084 43.60155386
  jla_mock 1.028800 44.37980764 0.28337345 44.24255906
  jla_mock 0.627239 42.61200600 0.17555461 42.92789070
  jla_mock 0.422452 41.80602096 0.15606690 41.90009559
  jla_mock 0.933900 43.34948254 0.34999950 43.98400344
  jla_mock 0.701158 43.27097236 0.22740618 43.22185379
  jla_mock 0.697164 43.29213874 0.20952266 43.20674812
  jla_mock 0.685179 42.85112885 0.27044472 43.16089914
  jla_mock 0.767075 43.52329052 0.25233801 43.45996521
  jla_mock 0.931901 44.19805406 0.25136810 43.97828133
  jla_mock 0.863978 43.69555727 0.24510246 43.77643514
  jla_mock 0.749100 43.25242206 0.22590126 43.39706674
  jla_mock 0.514353 42.04153404 0.15357466 42.40865279
  jla_mock 0.468406 42.24854780 0.11440416 42.16613949
  jla_mock 0.470398 42.04718168 0.15654577 42.17703003
  jla_mock 0.958871 44.17454837 0.27681249 44.05446029
  jla_mock 0.927909 43.86668521 0.29724149 43.96685429
  jla_mock 0.840522 43.64038818 0.21913135 43.70310328
  jla_mock 0.630699 42.72398527 0.17083127 42.94239637
  jla_mock 0.562751 42.55370585 0.14440652 42.64332481
  jla_mock 0.615698 42.75332416 0.16969222 42.87904165
  jla_mock 0.828528 43.77598980 0.22446355 43.66483979
  jla_mock 0.564741 42.81589381 0.16042692 42.65249802
  jla_mock 0.578745 42.64269131 0.14758356 42.71657591
  jla_mock 0.557743 42.78449092 0.15831963 42.61984109
  jla_mock 0.864497 43.57600778 0.22870035 43.77803148
  jla_mock 0.735608 43.41269259 0.23468503 43.34890124
  jla_mock 0.858507 43.37161368 0.28336591 43.75954157
  jla_mock 0.261984 40.60277627 0.10443414 40.69650477
  jla_mock 0.585743 42.52086153 0.18660838 42.74814872
  jla_mock 0.761580 43.51361512 0.21598834 43.44090475
  jla_mock 0.488800 42.23401114 0.11155101 42.27645931
  jla_mock 0.858516 43.53361052 0.27431051 43.75956966
  jla_mock 0.688656 43.09862383 0.18053033 43.17429244
  jla_mock 0.558743 42.56423700 0.15491557 42.62453033
  jla_mock 0.324532 41.17695389 0.12601850 41.23031081
  jla_mock 0.480704 42.22622731 0.10839252 42.23310364
  jla_mock 0.185371 39.98535537 0.13095679 39.85267084
  jla_mock 0.922221 44.20012940 0.33854809 43.95042459
  jla_mock 0.681942 43.21405521 0.19640351 43.14834773
  jla_mock 0.475707 42.13846129 0.10811298 42.20605508
  jla_mock 0.922210 43.34997846 0.27644363 43.95039265
  jla_mock 0.893183 44.26769153 0.25783329 43.86505298
  jla_mock 0.428646 42.06975690 0.14143599 41.93756341
  jla_mock 0.631882 42.83401338 0.23474045 42.94730012
  jla_mock 0.699960 43.18999128 0.25834877 43.21735709
  jla_mock 0.736007 43.36534051 0.26468680 43.35032909
  jla_mock 0.575823 42.77598314 0.15953941 42.70336060
  jla_mock 0.418633 41.90183440 0.10651651 41.87691426
  jla_mock 0.511746 42.37107741 0.12000546 42.39547784
  jla_mock 0.535771 42.35279612 0.12653138 42.51490290
  jla_mock 0.641893 43.20639324 0.21547239 42.98872907
  jla_mock 0.734996 43.61298421 0.22720400 43.34671116
  jla_mock 0.351560 41.51425084 0.13079492 41.43213142
  jla_mock 0.609860 42.97038697 0.17401244 42.85399669
  jla_mock 0.349557 41.36814607 0.13436921 41.41771171
  jla_mock 0.701969 43.42228447 0.18819535 43.22489789
  jla_mock 0.355261 41.52925422 0.10427939 41.45852641
  jla_mock 0.983280 44.06788169 0.25756994 44.12162996
  jla_mock 0.872152 43.54773570 0.26597542 43.80157672
  jla_mock 0.759030 43.14966864 0.20819082 43.43204997
  jla_mock 0.926220 43.85640209 0.24599386 43.96201956
  jla_mock 0.643642 43.01973165 0.22846121 42.99585733
  jla_mock 0.419569 41.76117912 0.13772753 41.88259578
  jla_mock 0.515587 42.13345957 0.20313602 42.41488903
  jla_mock 0.890729 43.54140579 0.21057911 43.85772092
  jla_mock 0.805696 43.40011575 0.22987004 43.59050885
  jla_mock 0.480568 42.22463400 0.10874993 42.23237487
  jla_mock 0.800697 43.36915154 0.24546005 43.57394667
  jla_mock 0.580604 42.36581538 0.18881444 42.72498360
  jla_mock 0.715652 43.03088916 0.24396561 43.27597318
  jla_mock 0.805695 43.64355463 0.23276535 43.59050554
  jla_mock 0.766684 43.28811362 0.25283777 43.45860895
  jla_mock 0.664638 43.28061685 0.19578546 43.08055024
  jla_mock 0.901736 43.41977939 0.25190507 43.89049989
  jla_mock 0.745665 43.18830381 0.21142864 43.38489089
  jla_mock 0.718680 43.28254324 0.20380008 43.28715794
  jla_mock 0.736690 43.33354687 0.19636251 43.35277325
  jla_mock 0.579600 42.56961128 0.12084594 42.72044282
  jla_mock 0.370531 41.63406846 0.10256736 41.56537377
  jla_mock 0.960740 44.13009595 0.23956115 44.05966190
  jla_mock 0.850729 43.53159787 0.21179952 43.73526472
  jla_mock 0.648640 42.70749396 0.19254569 43.01622729
  jla_mock 0.219462 40.49822729 0.13036783 40.26165884
  jla_mock 0.936755 43.70016294 0.24129989 43.99217583
  jla_mock 0.647639 43.02334889 0.17876349 43.01214759
  jla_mock 0.461564 42.27088604 0.13341110 42.12801602
  jla_mock 0.600603 42.76439505 0.17945434 42.81380214
  jla_mock 0.670654 43.15671168 0.23100742 43.10426437
  jla_mock 0.760698 43.26218700 0.20946016 43.43784537
  jla_mock 0.246492 40.53379815 0.13212126 40.54611375
  jla_mock 0.470573 42.20246670 0.14759396 42.17798678
  jla_mock 0.169455 39.78816160 0.11209573 39.63714984
  jla_mock 0.497379 42.41903525 0.12912927 42.32153052
  jla_mock 0.638234 42.92943259 0.19688575 42.97363029
  jla_mock 0.507371 42.32707827 0.14542671 42.37316793
  jla_mock 0.535327 42.33837356 0.14229510 42.51274244
  jla_mock 0.587285 42.34267115 0.16639385 42.75499974
  jla_mock 0.773081 43.70098443 0.25620999 43.48071408
  jla_mock 0.699166 43.12409194 0.22210270 43.21437680
  jla_mock 0.370511 41.60732440 0.12736057 41.56523783
  jla_mock 0.761089 43.60495937 0.22808946 43.43920163
  jla_mock 0.699169 43.32086992 0.21959570 43.21438806
  jla_mock 0.788060 43.35634477 0.19242158 43.53165972
  jla_mock 0.373513 41.79153238 0.13202741 41.58564233
  jla_mock 0.405478 41.91636146 0.13198879 41.79507834
  jla_mock 0.852994 43.97453337 0.25729076 43.74233429
  jla_mock 0.808048 43.22969611 0.24185374 43.59830126
  jla_mock 0.603272 43.15826361 0.18397635 42.82545340
  jla_mock 0.583290 42.75166405 0.17902789 42.73713156
  jla_mock 0.534335 42.69597705 0.14774220 42.50791545
  jla_mock 0.720140 43.42232145 0.24070231 43.29255086
  jla_mock 0.400485 42.08295293 0.21060605 41.76340376
  jla_mock 0.837004 43.50125460 0.21502566 43.69195956
  jla_mock 0.371508 41.54015273 0.10193219 41.57201440
  jla_mock 0.806041 43.18225012 0.25907683 43.59165187
  jla_mock 0.840005 43.94805192 0.23506835 43.70146561
  jla_mock 0.500728 42.28299994 0.12981336 42.33894272
  jla_mock 0.532765 42.75926154 0.17422186 42.50027598
  jla_mock 0.533766 42.32975054 0.18215335 42.50514675
  jla_mock 0.932229 43.72201762 0.34152943 43.97922023
  jla_mock 0.822103 43.58558887 0.25790730 43.64418307
  jla_mock 0.553797 42.55066876 0.13544877 42.60133735
  jla_mock 0.125298 38.98531980 0.13709229 38.92231622
  jla_mock 0.842123 43.46917034 0.28302626 43.70817465
  jla_mock 0.443668 42.20228032 0.15186631 42.02604866
  jla_mock 0.727675 43.20401254 0.24978201 43.32010216
  jla_mock 0.683659 42.43568950 0.41253064 43.15500537
  jla_mock 0.442548 42.15487611 0.13367762 42.01953486
  jla_mock 0.726679 43.12668821 0.20021505 43.31648122
  jla_mock 0.282510 41.01081241 0.12747632 40.88348566
  jla_mock 0.404549 41.96621932 0.12965359 41.78918496
  jla_mock 0.519611 42.49855988 0.13964385 42.43522504
  jla_mock 0.690652 43.17947956 0.23214813 43.18190663
  jla_mock 1.060801 44.31088981 0.27869308 44.32447227
  jla_mock 0.576612 42.57591436 0.15376326 42.70692901
  jla_mock 0.268489 40.99323955 0.12614174 40.75741813
  jla_mock 0.720680 43.18907954 0.25106936 43.29454550
  jla_mock 0.250498 40.63889228 0.13111277 40.58610363
  jla_mock 0.760691 43.04612946 0.27664014 43.43782109
  jla_mock 0.698167 42.74400369 0.26129048 43.21057429
  jla_mock 0.550315 42.49536049 0.16854352 42.58486067
  jla_mock 0.730128 42.97943856 0.23524622 43.32902000
  jla_mock 0.847985 43.58816790 0.24702775 43.72670010
  jla_mock 0.997826 44.11747637 0.24705649 44.16086339
  jla_mock 0.435446 42.11995713 0.13052406 41.97795969
  jla_mock 0.409470 41.76072658 0.12922369 41.82018436
  jla_mock 0.301590 41.04283887 0.12598595 41.04647939
  jla_mock 1.299106 44.72222208 0.19340708 44.86649555
  jla_mock 1.020807 44.10049275 0.23668119 44.22175183
  jla_mock 0.839734 43.62089692 0.19264717 43.70060719
  jla_mock 1.120850 44.43149656 0.20807086 44.47175959
  jla_mock 1.230892 44.85567017 0.23900250 44.72227987
  jla_mock 0.974230 44.08337571 0.18427047 44.09690728
  jla_mock 0.970782 44.55403631 0.33863365 44.08744397
  jla_mock 0.064229 37.26479778 0.15072784 37.38125426
  jla_mock 0.129030 38.70778858 0.16416611 38.99103288
  jla_mock 0.102890 38.58094265 0.14983539 38.46320916
  jla_mock 0.044130 36.62205889 0.17359564 36.53640119
  jla_mock 0.113040 38.81212328 0.15276523 38.68140463
  jla_mock 0.256110 40.91209391 0.20496122 40.64044730
  jla_mock 0.380260 41.48651170 0.28702753 41.63127303
  jla_mock 0.145470 39.51520169 0.16218924 39.27385898
  jla_mock 0.088890 38.01157563 0.14636771 38.12524312
  jla_mock 0.260590 40.81605695 0.18294429 40.68344034
  jla_mock 0.078910 38.28163726 0.15602647 37.85079369
  jla_mock 0.083040 38.09149676 0.15331705 37.96757382
  jla_mock 0.165650 39.49993281 0.13854363 39.58315350
  jla_mock 0.168170 39.54625591 0.16196037 39.61913704
  jla_mock 0.170630 39.56081287 0.16520984 39.65362070
  jla_mock 0.170280 39.65558727 0.17035518 39.64871449
  jla_mock 0.120440 38.92002706 0.15109792 38.82967597
  jla_mock 0.276530 41.16969446 0.21443501 40.83052825
  jla_mock 0.231600 40.33431619 0.18253328 40.39327881
  jla_mock 0.305690 40.95769370 0.26735001 41.08031431
  jla_mock 0.079970 37.90167897 0.16566195 37.88231469
  jla_mock 0.174150 39.84540130 0.15831009 39.70296318
  jla_mock 0.138680 39.17857851 0.16604939 39.16075605
  jla_mock 0.146070 39.30042649 0.16391832 39.28355706
  jla_mock 0.081330 37.95923612 0.14393418 37.92106160
  jla_mock 0.233800 40.51286783 0.17178002 40.41664409
  jla_mock 0.256550 40.80919498 0.17733386 40.64470129
  jla_mock 0.245620 40.43429707 0.20041043 40.53740902
  jla_mock 0.125930 38.87639408 0.19132506 38.93436823
  jla_mock 0.223510 40.42388451 0.21582750 40.30640047
  jla_mock 0.102640 38.58820705 0.14663754 38.45739969
  jla_mock 0.119670 38.67889910 0.14566661 38.81499236
  jla_mock 0.180550 39.98920246 0.16851019 39.78925613
  jla_mock 0.197090 39.80696127 0.17389574 40.00058301
  jla_mock 0.229160 40.16361329 0.19939442 40.36723751
  jla_mock 0.264510 40.66983943 0.19876199 40.72017820
  jla_mock 0.103370 38.57997377 0.12264053 38.47436335
  jla_mock 0.364410 41.68113646 0.23042794 41.52297770
  jla_mock 0.205600 40.13277215 0.15584351 40.10300055
  jla_mock 0.179810 39.92799651 0.19620482 39.77932421
  jla_mock 0.199590 40.13473079 0.18224440 40.03149756
  jla_mock 0.156530 39.71622844 0.15012954 39.44792878
  jla_mock 0.161800 39.21238546 0.14760764 39.52668171
  jla_mock 0.209530 39.93430062 0.20608020 40.14907809
  jla_mock 0.241790 40.16446112 0.19813238 40.49907425
  jla_mock 0.236460 40.55212346 0.16266354 40.44408642
  jla_mock 0.226680 40.14099084 0.21050732 40.34076930
  jla_mock 0.296780 41.21332985 0.19716042 41.00636879
  jla_mock 0.208520 40.08220093 0.16317028 40.13750389
  jla_mock 0.251040 40.73451513 0.22085837 40.59142971
  jla_mock 0.250120 40.58692334 0.17967388 40.58233025
  jla_mock 0.117710 38.48923492 0.14551100 38.77612598
  jla_mock 0.219710 39.63225394 0.16999397 40.26439993
  jla_mock 0.149010 39.13431014 0.14890457 39.33107762
  jla_mock 0.287420 41.22974436 0.18840122 40.92649529
  jla_mock 0.143600 38.91993137 0.16639625 39.24363332
  jla_mock 0.328370 40.70585300 0.19601268 41.25983598
  jla_mock 0.246250 40.45085124 0.16506508 40.54369799
  jla_mock 0.119660 38.63421945 0.15026680 38.81480166
  jla_mock 0.328380 40.65683360 0.27642285 41.25991291
  jla_mock 0.215130 40.10346958 0.18366862 40.21325182
  jla_mock 0.144780 39.15708917 0.13616902 39.26270620
  jla_mock 0.132430 38.97026147 0.12839376 39.05220730
  jla_mock 0.210820 40.10905052 0.16235031 40.16386096
  jla_mock 0.203990 39.95679781 0.15780808 40.08384780
  jla_mock 0.279520 41.07722952 0.16701092 40.85709122
  jla_mock 0.044280 36.46127660 0.15509722 36.54352732
  jla_mock 0.180370 39.70198417 0.15078404 39.78684026
  jla_mock 0.260700 40.91000017 0.18972170 40.68447125
  jla_mock 0.056540 36.69508940 0.18696980 37.09160151
  jla_mock 0.212600 40.34600569 0.19194689 40.18425904
  jla_mock 0.369410 41.65242259 0.23700047 41.55775436
  jla_mock 0.173860 39.92766777 0.13051969 39.69889803
  jla_mock 0.142650 39.36058632 0.16862649 39.22827803
  jla_mock 0.177890 39.58326556 0.17323466 39.75355491
  jla_mock 0.328370 41.21493722 0.20656404 41.25983598
  jla_mock 0.253510 40.61919598 0.19560920 40.61531008
  jla_mock 0.300010 41.12896211 0.19320267 41.03330377
  jla_mock 0.105890 38.59178723 0.14607715 38.52910106
  jla_mock 0.223280 40.26220393 0.16843887 40.30385834
  jla_mock 0.118450 38.53824613 0.12252294 38.79113535
  jla_mock 0.176530 39.46594594 0.17118858 39.73530166
  jla_mock 0.182800 39.65880044 0.18906536 39.81945453
  jla_mock 0.297620 40.80524914 0.22708191 41.01337355
  jla_mock 0.196990 39.94526569 0.16336648 39.99934643
  jla_mock 0.152950 39.61194796 0.14755004 39.39286806
  jla_mock 0.248500 40.89246721 0.17447627 40.56615860
  jla_mock 0.138180 39.26629666 0.12408786 39.15224127
  jla_mock 0.207040 40.19731283 0.17044837 40.12013097
  jla_mock 0.214680 40.09416733 0.18059604 40.20809500
  jla_mock 0.306320 41.04612662 0.21502986 41.08542547
  jla_mock 0.246950 40.73205710 0.17120148 40.55068574
  jla_mock 0.198010 40.33469447 0.14489973 40.01195956
  jla_mock 0.222560 40.26902590 0.15195110 40.29590034
  jla_mock 0.135080 39.24335415 0.15130600 39.09944962
  jla_mock 0.210540 39.89282171 0.18260591 40.16065228
  jla_mock 0.272580 40.92899239 0.16910743 40.79461419
  jla_mock 0.246600 40.68217851 0.16168519 40.54719186
  jla_mock 0.220680 40.28614891 0.19428942 40.27512112
  jla_mock 0.274470 40.72482419 0.19147108 40.81179838
  jla_mock 0.176560 39.90655703 0.15540451 39.73570430
  jla_mock 0.310880 41.16372299 0.22015615 41.12242051
  jla_mock 0.184350 40.08476133 0.17307932 39.83952780
  jla_mock 0.159350 39.35892380 0.14827050 39.49074512
  jla_mock 0.219760 40.28761359 0.16604587 40.26495257
  jla_mock 0.252050 40.61679725 0.18410044 40.60119456
  jla_mock 0.181220 39.92253431 0.14940352 39.79824854
  jla_mock 0.173730 39.59769031 0.13336424 39.69707572
  jla_mock 0.380470 41.50009362 0.24246083 41.63266739
  jla_mock 0.178650 39.54353561 0.17172186 39.76375526
  jla_mock 0.245680 40.47938163 0.18910008 40.53800797
  jla_mock 0.209100 40.06865647 0.16102286 40.14415046
  jla_mock 0.249470 40.58719185 0.20970726 40.57584163
  jla_mock 0.133920 39.25928742 0.16606211 39.07901608
  jla_mock 0.177060 39.61109183 0.16039966 39.74241506
  jla_mock 0.281110 40.40840033 0.18775324 40.87112706
  jla_mock 0.173830 39.65300442 0.15186906 39.69847750
  jla_mock 0.196540 40.04549525 0.16513423 39.99378181
  jla_mock 0.363970 41.12745104 0.22724835 41.51991492
  jla_mock 0.378350 41.46700701 0.26733097 41.61851927
  jla_mock 0.316460 41.05370944 0.21038880 41.16699585
  jla_mock 0.183220 40.02458241 0.13519430 39.82498164
  jla_mock 0.241020 40.15793258 0.16773658 40.49113042
  jla_mock 0.202030 40.03725793 0.19953174 40.06053140
  jla_mock 0.168690 39.63503093 0.16511959 39.62642627
  jla_mock 0.197940 40.01266249 0.17492454 40.01109396
  jla_mock 0.122760 38.88971849 0.14574653 38.87391751
  jla_mock 0.203180 40.19233379 0.16105255 40.07421194
  jla_mock 0.127390 39.00204706 0.14895509 38.96152523
  jla_mock 0.275490 41.17056392 0.19972760 40.82107239
  jla_mock 0.144680 39.27201802 0.14721731 39.26108985
  jla_mock 0.334360 40.84108900 0.24977783 41.30538443
  jla_mock 0.195800 40.12236434 0.15392559 39.98463111
  jla_mock 0.193920 39.92944043 0.16374737 39.96138337
  jla_mock 0.249730 40.56997133 0.18580683 40.57843707
  jla_mock 0.148600 39.50368522 0.14879989 39.32445060
  jla_mock 0.155960 39.41178434 0.14872192 39.43916213
  jla_mock 0.095820 38.35049530 0.15034816 38.29891732
  jla_mock 0.150650 39.27823867 0.15872946 39.35749386
  jla_mock 0.309330 41.58884347 0.24715745 41.10984544
  jla_mock 0.248570 40.52655766 0.17340396 40.56685738
  jla_mock 0.365540 41.36404469 0.24311996 41.53084345
  jla_mock 0.117710 38.61874064 0.12847626 38.77612598
  jla_mock 0.191760 40.06608216 0.14428474 39.93467320
  jla_mock 0.182550 39.99497395 0.16171197 39.81609915
  jla_mock 0.234720 40.17259039 0.18444964 40.42613542
  jla_mock 0.246470 40.50953850 0.19927669 40.54589414
  jla_mock 0.288450 40.85466322 0.18873457 40.93532948
  jla_mock 0.209600 39.89602285 0.19927022 40.14988026
  jla_mock 0.191980 39.91848938 0.17965405 39.93739368
  jla_mock 0.114020 38.68832820 0.12215388 38.70128192
  jla_mock 0.113890 38.61677257 0.18397194 38.69864513
  jla_mock 0.198800 39.92108288 0.20967258 40.02172856
  jla_mock 0.220580 40.03437981 0.22796022 40.27401584
  jla_mock 0.182570 39.55462188 0.16453718 39.81636758
  jla_mock 0.158950 39.55458195 0.16372575 39.48487792
  jla_mock 0.078490 37.61176408 0.14911597 37.83830424
  jla_mock 0.138640 39.48913488 0.13217046 39.16007487
  jla_mock 0.180790 39.88113049 0.15445548 39.79247729
  jla_mock 0.177570 39.56116993 0.18629282 39.74926003
  jla_mock 0.170660 39.63798647 0.16102003 39.65404123
  jla_mock 0.233810 40.19674351 0.20858516 40.41674726
  jla_mock 0.071530 37.69522606 0.17410666 37.62633113
  jla_mock 0.154630 39.34387286 0.18791656 39.41870661
  jla_mock 0.090100 38.16587150 0.15950858 38.15556956
  jla_mock 0.176580 39.30185603 0.20448697 39.73597273
  jla_mock 0.130450 39.05596028 0.16440638 39.01658220
  jla_mock 0.182040 39.83988114 0.17166998 39.80925418
  jla_mock 0.256170 40.43331707 0.17261330 40.64102739
  jla_mock 0.138110 39.31425724 0.14854031 39.15104920
  jla_mock 0.170700 39.82145140 0.16749506 39.65460194
  jla_mock 0.216740 40.17311864 0.14793120 40.23157319
  jla_mock 0.245550 40.38597590 0.17887642 40.53671024
  jla_mock 0.143820 39.48860069 0.16709807 39.24718928
  jla_mock 0.248620 40.36688273 0.18856198 40.56735650
  jla_mock 0.145330 39.36839071 0.17138622 39.27159610
  jla_mock 0.135880 39.15945915 0.12760365 39.11307327
  jla_mock 0.058740 37.41940137 0.12754402 37.18054381
  jla_mock 0.036520 36.34791205 0.15191506 36.11467233
  jla_mock 0.277490 41.14084265 0.22703402 40.83917126
  jla_mock 0.205150 39.48169363 0.29701418 40.09764730
  jla_mock 0.280510 40.92292830 0.20078942 40.86583052
  jla_mock 0.198670 40.07229872 0.16215673 40.02012100
  jla_mock 0.159990 39.62022181 0.15164286 39.50013264
  jla_mock 0.210750 40.31382824 0.18113105 40.16305879
  jla_mock 0.071950 37.60497307 0.17245857 37.64010622
  jla_mock 0.237820 40.48906204 0.19074175 40.45811709
  jla_mock 0.141390 39.36641895 0.17359013 39.20690618
  jla_mock 0.155060 39.42606630 0.15760876 39.42532005
  jla_mock 0.370130 41.81708827 0.22886799 41.56264818
  jla_mock 0.093910 38.03311167 0.17056414 38.25106025
  jla_mock 0.118630 38.79495825 0.17057943 38.79478628
  jla_mock 0.153630 39.48682617 0.15381057 39.40332652
  jla_mock 0.253560 40.78630799 0.16809525 40.61579348
  jla_mock 0.107250 38.41239505 0.14420228 38.55855910
  jla_mock 0.129610 39.17348564 0.15302154 39.00146852
  jla_mock 0.266650 40.71900138 0.19376454 40.74023408
  jla_mock 0.212260 40.42569463 0.16262819 40.18036278
  jla_mock 0.278220 40.88673535 0.18167466 40.84561538
  jla_mock 0.245400 40.36030520 0.16811689 40.53521287
  jla_mock 0.133620 39.20383983 0.15059378 39.07361834
  jla_mock 0.176560 39.71534315 0.16208219 39.73570430
  jla_mock 0.113680 38.49541111 0.14584429 38.69438572
  jla_mock 0.320380 41.40913226 0.26368273 41.19795536
  jla_mock 0.112710 38.85508973 0.12253270 38.67471126
  jla_mock 0.106020 38.50485383 0.14472955 38.53191691
  jla_mock 0.391350 42.05342880 0.26610488 41.70446868
  jla_mock 0.155750 39.49722223 0.14611530 39.43593231
  jla_mock 0.186670 39.93068266 0.16762102 39.86939250
  jla_mock 0.196710 40.11056206 0.16669908 39.99588400
  jla_mock 0.191910 40.03433271 0.17339098 39.93652807
  jla_mock 0.190840 40.03623985 0.15087610 39.92307171
  jla_mock 0.176250 39.98975254 0.15361286 39.73154363
  jla_mock 0.128370 38.97040439 0.15035584 38.97915785
  jla_mock 0.122620 38.94510794 0.14734428 38.87124776
  jla_mock 0.127150 38.83693918 0.14706216 38.95720703
  jla_mock 0.213230 40.41129868 0.17620944 40.19147859
  jla_mock 0.218610 40.08359795 0.18110338 40.25224188
  jla_mock 0.268560 40.55891257 0.19152223 40.75806368
  jla_mock 0.204660 40.19306045 0.16518790 40.09181820
  jla_mock 0.267100 40.64086705 0.17377576 40.74445143
  jla_mock 0.217570 40.35706078 0.17264916 40.24074699
  jla_mock 0.241850 40.29408902 0.17151433 40.49969325
  jla_mock 0.293500 41.05950934 0.20071643 40.97864273
  jla_mock 0.353460 41.03382351 0.23113786 41.44568194
  jla_mock 0.185630 39.73478596 0.15494760 39.85600487
  jla_mock 0.285430 40.62920614 0.19928385 40.90926217
  jla_mock 0.194940 40.11873057 0.16836015 39.97399650
  jla_mock 0.075920 37.76584287 0.14499851 37.76188071
  jla_mock 0.163570 39.59868341 0.15777754 39.55264407
  jla_mock 0.257210 40.64926686 0.20821329 40.65108228
  jla_mock 0.219550 40.54272818 0.18725136 40.26263149
  jla_mock 0.175580 39.67808174 0.15163366 39.72255122
  jla_mock 0.226670 40.21372721 0.18608202 40.34066257
  jla_mock 0.153220 39.56586046 0.15082218 39.39702068
  jla_mock 0.210250 40.19923678 0.19550076 40.15732899
  jla_mock 0.121640 38.85847601 0.12361443 38.85255952
  jla_mock 0.291350 40.70322103 0.19904915 40.96020244
  jla_mock 0.294480 41.47102013 0.27859702 40.98704807
  jla_mock 0.164550 39.42776014 0.12599124 39.56701870
  jla_mock 0.307020 40.70377491 0.20906564 41.09110453
  jla_mock 0.198630 39.97240536 0.16157737 40.01962637
  jla_mock 0.268210 40.77667952 0.21539519 40.75485425
  jla_mock 0.401280 42.09143461 0.24823001 41.76844708
  jla_mock 0.136680 38.97404650 0.15334431 39.12669692
  jla_mock 0.295420 40.70338725 0.24720467 40.99502774
  jla_mock 0.291920 41.10748189 0.19219946 40.96509126
  jla_mock 0.090070 38.22380278 0.12096556 38.15481767
  jla_mock 0.205570 40.17595602 0.18292629 40.10264367
  jla_mock 0.145820 38.99964156 0.14934529 39.27951619
  jla_mock 0.117670 38.75750821 0.14486540 38.77531466
  jla_mock 0.054990 37.09105300 0.14997934 37.02755570
  jla_mock 0.174200 39.62453869 0.15142908 39.70366406
  jla_mock 0.244950 40.48240977 0.18020903 40.53072075
  jla_mock 0.224520 40.38643139 0.18249954 40.31756378
  jla_mock 0.245580 40.52357806 0.16228277 40.53700972
  jla_mock 0.283510 41.14396185 0.21250233 40.89231323
  jla_mock 0.180560 39.90732709 0.17619167 39.78939034
  jla_mock 0.103910 38.43034335 0.12352191 38.48621362
  jla_mock 0.129610 39.02163638 0.15326847 39.00146852
  jla_mock 0.243520 40.30978237 0.16045597 40.51644578
  jla_mock 0.331360 41.40174940 0.26935111 41.28283761
  jla_mock 0.243480 40.63834301 0.19048000 40.51604648
  jla_mock 0.314680 41.47831204 0.17577640 41.15293771
  jla_mock 0.218650 40.08422805 0.18935500 40.25268399
  jla_mock 0.260140 40.92312590 0.21925656 40.67922298
  jla_mock 0.282430 41.06565180 0.19830733 40.88277946
  jla_mock 0.300410 41.37438546 0.20581539 41.03663937
  jla_mock 0.151860 39.39656397 0.14864409 39.37610376
  jla_mock 0.263570 40.68712531 0.18936772 40.71136861
  jla_mock 0.213820 40.13594575 0.20621233 40.19823975
  jla_mock 0.162840 39.22718178 0.16761662 39.54193643
  jla_mock 0.124400 38.85444127 0.17140549 38.90519170
  jla_mock 0.194650 39.89310242 0.13938689 39.97041042
  jla_mock 0.205540 39.82663166 0.18299408 40.10228679
  jla_mock 0.106670 38.60196818 0.14588621 38.54599612
  jla_mock 0.187720 39.46731933 0.18724598 39.88290884
  jla_mock 0.163870 39.56275959 0.15682059 39.55704447
  jla_mock 0.290210 41.04523436 0.19470283 40.95042479
  jla_mock 0.094010 38.30888405 0.12497638 38.25356657
  jla_mock 0.227860 40.23751148 0.18009820 40.35336304
  jla_mock 0.107510 38.37008028 0.14764565 38.56419079
  jla_mock 0.310650 41.21509405 0.22259423 41.12055454
  jla_mock 0.145640 39.04207660 0.15575872 39.27660677
  jla_mock 0.087840 38.23045119 0.12609586 38.09813443
  jla_mock 0.148390 39.21458567 0.15572534 39.32105628
  jla_mock 0.286620 40.82707943 0.19365541 40.91963379
  jla_mock 0.122810 38.79253422 0.13329108 38.87487099
  jla_mock 0.186550 39.84048444 0.20280242 39.86784777
  jla_mock 0.128930 39.01800077 0.15503539 38.98923364
  jla_mock 0.194220 39.96589369 0.16863568 39.96509311
  jla_mock 0.148000 39.09683301 0.14676099 39.31475253
  jla_mock 0.211790 39.83137523 0.22866165 40.17497677
  jla_mock 0.179620 39.43248781 0.17351314 39.77677412
  jla_mock 0.263490 40.79434343 0.18130204 40.71061886
  jla_mock 0.192150 40.15891175 0.15956887 39.93949587
  jla_mock 0.338800 41.33529309 0.22987627 41.33867240
  jla_mock 0.117410 38.67532783 0.14766783 38.77004109
  jla_mock 0.143100 39.58715552 0.16841647 39.23555159
  jla_mock 0.160350 39.62950255 0.13218212 39.50541312
  jla_mock 0.288720 40.95831040 0.21129560 40.93764524
  jla_mock 0.123030 38.88235211 0.15464992 38.87906631
  jla_mock 0.264050 40.67993942 0.18533646 40.71586713
  jla_mock 0.126080 38.60501444 0.17182656 38.93722867
  jla_mock 0.173740 39.78357658 0.14981160 39.69721590
  jla_mock 0.164400 39.52799791 0.14972618 39.56481851
  jla_mock 0.249610 40.60301390 0.16242204 40.57723917
  jla_mock 0.159990 39.76205750 0.15136580 39.50013264
  jla_mock 0.244480 40.63941093 0.15150476 40.52602897
  jla_mock 0.248510 40.49542338 0.17707716 40.56625843
  jla_mock 0.228930 40.60501410 0.16847625 40.36478279
  jla_mock 0.085280 37.98596714 0.14384543 38.02850211
  jla_mock 0.062818 37.45421130 0.14854713 37.32965972
  jla_mock 0.277450 40.28955623 0.23370164 40.83881815
  jla_mock 0.275440 40.96173664 0.21508178 40.82061778
  jla_mock 0.330510 41.26668679 0.21087893 41.27629868
  jla_mock 0.361930 41.89679922 0.24565378 41.50571480
  jla_mock 0.331030 41.13236678 0.21800830 41.28029897
  jla_mock 0.160500 39.57701530 0.12714994 39.50761332
  jla_mock 0.300210 41.18272852 0.20430208 41.03497157
  jla_mock 0.116350 38.80695957 0.12231010 38.74854117
  jla_mock 0.218290 40.39003142 0.16062208 40.24870499
  jla_mock 0.119670 38.95233216 0.12046332 38.81499236
  jla_mock 0.154730 39.47560302 0.12395445 39.42024462
  jla_mock 0.178100 39.64721780 0.16562813 39.75637343
  jla_mock 0.250370 40.76011899 0.16560962 40.58482587
  jla_mock 0.251740 40.93801960 0.14466362 40.59819743
  jla_mock 0.129530 38.89532343 0.14518911 39.00002912
  jla_mock 0.309290 40.98964141 0.18810950 41.10952092
  jla_mock 0.278520 40.76059231 0.17881943 40.84826365
  jla_mock 0.185810 39.83140370 0.13605911 39.85832196
  jla_mock 0.066510 37.57347557 0.17228058 37.46168597
  jla_mock 0.258000 40.25229105 0.18756945 40.65872012
  jla_mock 0.298880 40.88246604 0.21609463 41.02388070
  jla_mock 0.270440 40.40989167 0.22437165 40.77515695
  jla_mock 0.279160 40.51963976 0.17183675 40.85391330
  jla_mock 0.292870 40.81335008 0.21554431 40.97323930
  jla_mock 0.189650 39.95720444 0.15711153 39.90775318
  jla_mock 0.265760 40.39264203 0.19291042 40.73189308
  jla_mock 0.123760 38.87859447 0.14509081 38.89298713
  jla_mock 0.182550 39.70618991 0.14971699 39.81609915
  jla_mock 0.056340 37.13321133 0.14895035 37.08333754
  jla_mock 0.312880 41.00908076 0.18264477 41.13864641
  jla_mock 0.309150 40.86637879 0.22328713 41.10838511
  jla_mock 0.200610 39.98849517 0.15587566 40.04363891
  jla_mock 0.326400 41.16552363 0.20549386 41.24468106
  jla_mock 0.211630 40.31321054 0.13899445 40.17314324
  jla_mock 0.179690 39.80023726 0.15636245 39.77771363
  jla_mock 0.302400 41.27411811 0.19662226 41.05323399
  jla_mock 0.109240 38.69506134 0.14870399 38.60166315
  jla_mock 0.085220 38.17810391 0.15002378 38.02687010
  jla_mock 0.202310 40.17666430 0.16131988 40.06386231
  jla_mock 0.126490 39.11692452 0.15584855 38.94504722
  jla_mock 0.214570 40.53151733 0.16812914 40.20683444
  jla_mock 0.320450 41.11618567 0.19168742 41.19850820
  jla_mock 0.218350 40.42369531 0.17273249 40.24936815
  jla_mock 0.190100 39.95140315 0.15982384 39.91354590
  jla_mock 0.092430 38.42360714 0.15614025 38.21396675
  jla_mock 0.379860 41.55639072 0.18489314 41.62861712
  jla_mock 0.211340 40.28341659 0.16607978 40.16981995
  jla_mock 0.258330 40.92055958 0.18011571 40.66191062
  jla_mock 0.183270 39.84285706 0.16855779 39.82562527
  jla_mock 0.212950 40.00836064 0.17784935 40.18826990
  jla_mock 0.116510 38.24987648 0.15544019 38.75178644
  jla_mock 0.144010 39.18374800 0.17185674 39.25026033
  jla_mock 0.252490 40.37653683 0.18599877 40.60544855
  jla_mock 0.255390 40.65346996 0.21319916 40.63348622
  jla_mock 0.216980 40.54734298 0.18860575 40.23422585
  jla_mock 1.265901 44.84684004 0.22380442 44.79726150
  jla_mock 0.935774 44.01125498 0.22958872 43.98936774
  jla_mock 0.049519 36.93614766 0.20228994 36.79241934
  jla_mock 0.030325 35.79543065 0.18207848 35.69463564
  jla_mock 0.074579 37.60242620 0.21872943 37.72200368
  jla_mock 0.025198 35.33362552 0.22034080 35.27019548
  jla_mock 0.014411 34.04862613 0.20528439 34.03100129
  jla_mock 0.020792 34.85539971 0.19750056 34.84402582
  jla_mock 0.035218 35.95863043 0.20378488 36.02701442
  jla_mock 0.041657 35.98232261 0.21523275 36.40181746
  jla_mock 0.042400 36.61704760 0.20618664 36.44334925
  jla_mock 0.018902 34.83980201 0.18361956 34.61733569
  jla_mock 0.078840 37.38659061 0.21534076 37.84871212
  jla_mock 0.063345 36.79128812 0.20758765 37.34892997
  jla_mock 0.027637 35.42829765 0.23141589 35.48155629
  jla_mock 0.049325 36.86291317 0.21068097 36.78320287
  jla_mock 0.070153 37.96551677 0.22041411 37.58116850
  jla_mock 0.023909 35.23907238 0.18367797 35.15849228
  jla_mock 0.053126 37.06278628 0.22335947 36.95053545
  jla_mock 0.024951 35.05480107 0.18978288 35.24879075
  jla_mock 0.015664 34.32086574 0.20165316 34.22896394
  jla_mock 0.048984 36.85904958 0.15985830 36.76700280
  jla_mock 0.022399 34.94064230 0.18927946 35.02763749
  jla_mock 0.034854 36.30038444 0.23666209 36.00228810
  jla_mock 0.016966 34.70574243 0.20291443 34.38512824
  jla_mock 0.030721 35.78621312 0.18171781 35.72153570
  jla_mock 0.030482 35.87298754 0.18203752 35.70530056
  jla_mock 0.010550 32.95209550 0.21945028 33.27241718
  jla_mock 0.014256 33.71956707 0.17170736 34.00054790
  jla_mock 0.027688 35.21671367 0.18124529 35.48597589
  jla_mock 0.053860 37.06137378 0.15903793 36.98086424
  jla_mock 0.017672 34.49027207 0.19251135 34.46980720
  jla_mock 0.017450 34.34341156 0.17037052 34.44318011
  jla_mock 0.015573 34.04960919 0.20219934 34.21804923
  jla_mock 0.010060 33.46789278 0.23112569 33.17614517
  jla_mock 0.054931 36.84025563 0.18431298 37.02511783
  jla_mock 0.039083 36.65219661 0.16317419 36.25793746
  jla_mock 0.078317 37.81422808 0.18391968 37.83315978
  jla_mock 0.031764 35.84948599 0.15356487 35.79238611
  jla_mock 0.014440 34.16814932 0.22581465 34.03669902
  jla_mock 0.013533 33.46114714 0.22079334 33.85849757
  jla_mock 0.026677 35.35403733 0.19349962 35.39836385
  jla_mock 0.023360 34.80685306 0.17880596 35.11091660
  jla_mock 0.036934 36.13639704 0.19001518 36.13781387
  jla_mock 0.023552 35.02157483 0.17819828 35.12755509
  jla_mock 0.017483 34.60760479 0.19211831 34.44713819
  jla_mock 0.040259 36.27030237 0.17447686 36.32367284
  jla_mock 0.030381 35.68798508 0.20408145 35.69843968
  jla_mock 0.015504 34.42403419 0.20027602 34.20977324
  jla_mock 0.014151 33.93684870 0.18788306 33.97991818
  jla_mock 0.015487 34.21201825 0.18431337 34.20773422
  jla_mock 0.015554 34.16541440 0.19852180 34.21577033
  jla_mock 0.037075 36.17291824 0.15485493 36.14569541
  jla_mock 0.015482 34.11474101 0.20249750 34.20713452
  jla_mock 0.013324 33.27342837 0.18643777 33.81743462
  jla_mock 0.014575 33.87889820 0.20791179 34.06322294
  jla_mock 0.015791 34.41780524 0.19846605 34.24419655
  jla_mock 0.024746 35.21836403 0.17954713 35.23102570
  jla_mock 0.027748 35.25215835 0.17503344 35.49117542
  jla_mock 0.010888 33.62060038 0.25477943 33.33882522
  jla_mock 0.013652 33.59314416 0.18670962 33.88187792
  jla_mock 0.035755 36.05602826 0.16295663 36.06349253
  jla_mock 0.024725 35.09455646 0.17710562 35.22920587
  jla_mock 0.038086 36.29836906 0.17051564 36.20220772
  jla_mock 0.021541 34.96547538 0.17711857 34.93386228
  jla_mock 0.019581 34.55923892 0.17898631 34.69877622
  jla_mock 0.030416 35.30056082 0.17571774 35.70081721
  jla_mock 0.039219 36.40246899 0.17021381 36.26553951
  jla_mock 0.034971 35.79975595 0.15987848 36.01023585
  jla_mock 0.028561 35.46618666 0.17650121 35.56162903
  jla_mock 0.020997 34.80428892 0.18822756 34.86861390
  jla_mock 0.032538 35.81527845 0.18232286 35.84496350
  jla_mock 0.015469 34.13267159 0.19318910 34.20557527
  jla_mock 0.015678 34.21299137 0.20747940 34.23064312
  jla_mock 0.027499 35.43374137 0.15598630 35.46959738
  jla_mock 0.046856 36.48198954 0.17134850 36.66590675
  jla_mock 0.033173 35.98075822 0.18295753 35.88809870
  jla_mock 0.010291 33.45728079 0.23549671 33.22153055
  jla_mock 0.080103 37.65123273 0.17116407 37.88626968
  jla_mock 0.012317 33.64674020 0.20020781 33.61958582
  jla_mock 0.024586 35.20753534 0.20631378 35.21716029
  jla_mock 0.014467 33.96692798 0.20827809 34.04200380
  jla_mock 0.015154 34.26220479 0.18399751 34.16779358
  jla_mock 0.029086 35.51837035 0.17337203 35.60712490
  jla_mock 0.034781 35.62886237 0.17928903 35.99732925
  jla_mock 0.044920 36.35844289 0.14070569 36.57393215
  jla_mock 0.034074 36.12471152 0.16958177 35.94930313
  jla_mock 0.074870 37.51305215 0.14386215 37.73065708
  jla_mock 0.014960 34.30420388 0.19782876 34.13886523
  jla_mock 0.020396 35.12896346 0.17103812 34.79652884
  jla_mock 0.040689 36.28093501 0.17468105 36.34770874
  jla_mock 0.026567 35.33367601 0.18033141 35.38883138
  jla_mock 0.026881 35.49854697 0.15330990 35.41604224
  jla_mock 0.023471 35.47454924 0.17597781 35.12053573
  jla_mock 0.069122 37.49110912 0.19117659 37.54735393
  jla_mock 0.065193 37.27863858 0.15879632 37.41650383
  jla_mock 0.022980 35.10663158 0.17790505 35.07798626
  jla_mock 0.017387 34.71679955 0.19829162 34.43562377
  jla_mock 0.031485 35.85851668 0.15108749 35.77343379
  jla_mock 0.011184 33.85409179 0.19447979 33.39698137
  jla_mock 0.021956 35.03727664 0.17567209 34.98363815
  jla_mock 0.031484 35.83583333 0.15080691 35.77336586
  jla_mock 0.023321 35.37593707 0.20285194 35.10753691
  jla_mock 0.020390 34.83940409 0.18300723 34.79580919
  jla_mock 0.022466 35.04942994 0.18140785 35.03344363
  jla_mock 0.033614 36.05586729 0.18044129 35.91805559
  jla_mock 0.036969 36.21660091 0.17916902 36.13977028
  jla_mock 0.022629 34.99745433 0.18007478 35.04756902
  jla_mock 0.014700 34.04601178 0.18462322 34.08778212
  jla_mock 0.036950 36.29963207 0.14876338 36.13870823
  jla_mock 0.060959 37.27272964 0.12531329 37.26168363
  jla_mock 0.059289 37.20639025 0.12135718 37.20061851
  jla_mock 0.069751 37.61130443 0.15873536 37.56798377
  jla_mock 0.029526 35.33817743 0.17470465 35.64036001
  jla_mock 0.033255 35.92574767 0.17565362 35.89366892
  jla_mock 0.024159 35.10770806 0.18124182 35.18015698
  jla_mock 0.015999 34.15189008 0.19155982 34.26914446
  jla_mock 0.062961 37.16698577 0.16530929 37.33488865
  jla_mock 0.021706 34.81184772 0.19186355 34.95365268
  jla_mock 0.031638 35.98331426 0.18943844 35.78382700
  jla_mock 0.018599 34.55268152 0.17304818 34.58099331
  jla_mock 0.027064 35.40145678 0.17332763 35.43190080
  jla_mock 0.025468 35.26721170 0.18469991 35.29359335
  jla_mock 0.023810 34.81052292 0.19336693 35.14991306
  jla_mock 0.023867 35.27440494 0.18298494 35.15485261
  jla_mock 0.022068 35.29009467 0.16678206 34.99707164
