  jla_mock 0.503084 42.35942327 0.14571158 42.35108100
  jla_mock 0.580724 42.57416448 0.16122778 42.72552632
  jla_mock 0.494795 42.14696925 0.12070859 42.30795504
  jla_mock 0.345928 41.17450215 0.13253081 41.39118194
  jla_mock 0.677662 43.02196314 0.22871689 43.13175210
  jla_mock 0.610712 43.01920708 0.22548733 42.85765176
  jla_mock 0.866494 44.35944047 0.25803499 43.78417385
  jla_mock 0.330932 41.14796943 0.12801230 41.27954507
  jla_mock 0.798566 43.28799200 0.25919990 43.56688646
  jla_mock 0.449562 42.12016407 0.16139765 42.06009851
  jla_mock 0.371443 41.53439968 0.14921889 41.57157260
  jla_mock 0.291718 41.05479200 0.14231442 40.96335873
  jla_mock 0.355820 41.36195879 0.14101044 41.46251312
  jla_mock 0.461274 41.97824329 0.15587207 42.12639800
  jla_mock 0.283610 41.02851706 0.13055630 40.89319599
  jla_mock 0.632234 42.72965093 0.22182909 42.94875922
  jla_mock 0.466414 41.99671659 0.17243727 42.15507604
  jla_mock 0.268624 40.38353294 0.12820280 40.75864558
  jla_mock 0.946890 43.55210966 0.29224985 44.02088236
  jla_mock 0.924917 43.76997955 0.31213110 43.95825216
  jla_mock 0.693165 43.27704699 0.29243158 43.19149304
  jla_mock 0.625233 42.99552319 0.19088816 42.91943219
  jla_mock 0.896944 44.40148744 0.26745476 43.87629010
  jla_mock 0.608261 42.80953039 0.15987482 42.84713700
  jla_mock 0.789054 43.38020761 0.26932700 43.53500333
  jla_mock 0.578292 42.65680509 0.14637659 42.71452713
  jla_mock 0.590280 42.86563364 0.18966931 42.76830634
  jla_mock 0.719626 42.91618230 0.25305179 43.29065226
  jla_mock 0.210032 40.38079098 0.13132256 40.15483080
  jla_mock 0.766590 43.52299515 0.22576765 43.45828289
  jla_mock 0.858513 43.51856521 0.22289539 43.75956030
  jla_mock 0.367904 41.46790922 0.09931133 41.54729890
  jla_mock 0.558746 43.01381410 0.15678156 42.62454440
  jla_mock 0.848509 43.44379784 0.21739327 43.72833562
  jla_mock 0.996390 44.46845856 0.24266005 44.15702957
  jla_mock 0.776594 43.52557980 0.26449227 43.49271322
  jla_mock 0.582932 42.85680729 0.13306958 42.73551243
  jla_mock 0.583743 42.62649139 0.16752875 42.73918034
  jla_mock 0.796552 43.47392149 0.22887969 43.56021387
  jla_mock 0.588721 42.94516851 0.15579306 42.76137980
  jla_mock 0.913473 43.69418749 0.24294053 43.92502563
  jla_mock 0.768587 43.30722032 0.23905376 43.46520986
  jla_mock 0.948455 44.25467186 0.26528102 44.02529941
  jla_mock 0.513793 42.17269058 0.15287930 42.40582273
  jla_mock 0.733609 43.17488386 0.19294483 43.34167511
  jla_mock 0.637701 43.08917575 0.27010736 42.97142091
  jla_mock 0.765588 43.60226106 0.21113574 43.45480726
  jla_mock 0.434861 41.67367220 0.15772880 41.97448442
  jla_mock 0.983407 43.97008152 0.25879722 44.12197372
  jla_mock 0.583743 42.84809865 0.16232669 42.73918034
  jla_mock 0.700631 43.06958419 0.21687358 43.21987569
  jla_mock 0.662058 43.06757165 0.21294856 43.07025770
  jla_mock 0.838126 43.56462200 0.28077453 43.69551364
  jla_mock 0.621874 42.93116770 0.17546981 42.90526861
  jla_mock 0.370586 41.47218506 0.14291643 41.56574760
  jla_mock 0.416632 42.09894134 0.13815441 41.86461950
  jla_mock 0.358570 41.34387684 0.10704088 41.48212572
  jla_mock 0.451681 42.20914315 0.15278703 42.07216742
  jla_mock 0.522762 42.42285995 0.16112888 42.45088093
  jla_mock 0.733996 43.68754311 0.30408870 43.34308204
  jla_mock 0.701965 43.69222486 0.31176741 43.22488288
  jla_mock 0.742008 43.74057677 0.29013165 43.37180407
  jla_mock 0.746118 43.33109748 0.21822021 43.38651198
  jla_mock 0.349560 41.41829803 0.13472825 41.41773364
  jla_mock 0.591835 42.92915922 0.15357327 42.77521512
  jla_mock 0.514746 42.49712913 0.15561143 42.41063888
  jla_mock 0.620632 42.98665124 0.18447364 42.90003158
  jla_mock 0.643646 43.04569303 0.24392132 42.99587363
  jla_mock 1.002795 44.32845283 0.33216844 44.17412957
  jla_mock 0.470586 42.18381096 0.14420733 42.17805785
  jla_mock 0.610643 42.76796954 0.15877872 42.85735575
  jla_mock 0.263487 40.57055503 0.12804977 40.71059074
  jla_mock 0.358336 41.42225509 0.12918713 41.48045687
  jla_mock 0.742697 43.38242837 0.25908753 43.37426971
  jla_mock 0.451556 42.02987176 0.11538935 42.07145547
  jla_mock 0.910752 43.90771070 0.26164869 43.91705349
  jla_mock 0.552605 42.55369872 0.15821060 42.59574777
  jla_mock 0.337534 41.47845903 0.12813367 41.32918083
  jla_mock 0.750681 43.30702314 0.24281434 43.40263657
  jla_mock 0.983777 44.18269094 0.34665096 44.12297525
  jla_mock 0.822697 43.49448153 0.22175759 43.64609281
  jla_mock 0.813696 43.41411704 0.24256727 43.61677497
  jla_mock 0.950763 44.28742969 0.26472927 44.03181349
  jla_mock 0.817732 43.69040871 0.24643394 43.62994659
  jla_mock 0.340520 41.36260601 0.12574260 41.35156774
  jla_mock 0.960751 44.26201279 0.28766046 44.05969252
  jla_mock 0.810720 43.76383672 0.27275574 43.60706270
  jla_mock 0.756687 43.45679253 0.24755189 43.42379562
  jla_mock 0.611252 42.72764491 0.18572910 42.85996836
  jla_mock 0.877971 43.85473388 0.22378685 43.81925155
  jla_mock 0.548325 42.54254787 0.14258079 42.57535592
  jla_mock 0.809032 43.44541860 0.23222084 43.60155386
  jla_mock 1.028800 44.59200125 0.28337345 44.24255906
  jla_mock 0.627239 43.18350451 0.17555461 42.92789070
  jla_mock 0.422452 41.71406521 0.15606690 41.90009559
  jla_mock 0.933900 43.74975704 0.34999950 43.98400344
  jla_mock 0.701158 43.43268972 0.22740618 43.22185379
  jla_mock 0.697164 42.95947720 0.20952266 43.20674812
  jla_mock 0.685179 43.36031278 0.27044472 43.16089914
  jla_mock 0.767075 43.48598144 0.25233801 43.45996521
  jla_mock 0.931901 43.62273678 0.25136810 43.97828133
  jla_mock 0.863978 43.61279440 0.24510246 43.77643514
  jla_mock 0.749100 43.25484521 0.22590126 43.39706674
  jla_mock 0.514353 42.87048475 0.15357466 42.40865279
  jla_mock 0.468406 42.20502848 0.11440416 42.16613949
  jla_mock 0.470398 41.87685129 0.15654577 42.17703003
  jla_mock 0.958871 44.12058018 0.27681249 44.05446029
  jla_mock 0.927909 43.95137723 0.29724149 43.96685429
  jla_mock 0.840522 43.23853896 0.21913135 43.70310328
  jla_mock 0.630699 42.84181650 0.17083127 42.94239637
  jla_mock 0.562751 42.66454841 0.14440652 42.64332481
  jla_mock 0.615698 42.92649293 0.16969222 42.87904165
  jla_mock 0.828528 43.53038434 0.22446355 43.66483979
  jla_mock 0.564741 42.83187997 0.16042692 42.65249802
  jla_mock 0.578745 42.69862587 0.14758356 42.71657591
  jla_mock 0.557743 42.31354559 0.15831963 42.61984109
  jla_mock 0.864497 43.44722565 0.22870035 43.77803148
  jla_mock 0.735608 43.38843427 0.23468503 43.34890124
  jla_mock 0.858507 44.06219116 0.28336591 43.75954157
  jla_mock 0.261984 40.77908108 0.10443414 40.69650477
  jla_mock 0.585743 42.71761681 0.18660838 42.74814872
  jla_mock 0.761580 43.29638154 0.21598834 43.44090475
  jla_mock 0.488800 42.24016333 0.11155101 42.27645931
  jla_mock 0.858516 43.65823630 0.27431051 43.75956966
  jla_mock 0.688656 43.28582436 0.18053033 43.17429244
  jla_mock 0.558743 42.92253448 0.15491557 42.62453033
  jla_mock 0.324532 41.32475004 0.12601850 41.23031081
  jla_mock 0.480704 42.23552173 0.10839252 42.23310364
  jla_mock 0.185371 40.06325754 0.13095679 39.85267084
  jla_mock 0.922221 43.55652672 0.33854809 43.95042459
  jla_mock 0.681942 42.80539310 0.19640351 43.14834773
  jla_mock 0.475707 42.03122067 0.10811298 42.20605508
  jla_mock 0.922210 43.96213896 0.27644363 43.95039265
  jla_mock 0.893183 43.83441693 0.25783329 43.86505298
  jla_mock 0.428646 41.99209207 0.14143599 41.93756341
  jla_mock 0.631882 42.95963327 0.23474045 42.94730012
  jla_mock 0.699960 43.07351633 0.25834877 43.21735709
  jla_mock 0.736007 43.08844433 0.26468680 43.35032909
  jla_mock 0.575823 42.53191913 0.15953941 42.70336060
  jla_mock 0.418633 41.98742209 0.10651651 41.87691426
  jla_mock 0.511746 42.31477001 0.12000546 42.39547784
  jla_mock 0.535771 42.49730588 0.12653138 42.51490290
  jla_mock 0.641893 42.98835951 0.21547239 42.98872907
  jla_mock 0.734996 43.17514357 0.22720400 43.34671116
  jla_mock 0.351560 41.40652639 0.13079492 41.43213142
  jla_mock 0.609860 42.90031237 0.17401244 42.85399669
  jla_mock 0.349557 41.51298496 0.13436921 41.41771171
  jla_mock 0.701969 43.09725416 0.18819535 43.22489789
  jla_mock 0.355261 41.29078834 0.10427939 41.45852641
  jla_mock 0.983280 44.22089690 0.25756994 44.12162996
  jla_mock 0.872152 43.88710726 0.26597542 43.80157672
  jla_mock 0.759030 43.25355552 0.20819082 43.43204997
  jla_mock 0.926220 43.78633037 0.24599386 43.96201956
  jla_mock 0.643642 43.34253905 0.22846121 42.99585733
  jla_mock 0.419569 41.89666109 0.13772753 41.88259578
  jla_mock 0.515587 42.24522790 0.20313602 42.41488903
  jla_mock 0.890729 43.76259511 0.21057911 43.85772092
  jla_mock 0.805696 43.57939387 0.22987004 43.59050885
  jla_mock 0.480568 42.32251033 0.10874993 42.23237487
  jla_mock 0.800697 43.59751336 0.24546005 43.57394667
  jla_mock 0.580604 42.51796718 0.18881444 42.72498360
  jla_mock 0.715652 43.65893475 0.24396561 43.27597318
  jla_mock 0.805695 43.56715961 0.23276535 43.59050554
  jla_mock 0.766684 43.77963671 0.25283777 43.45860895
  jla_mock 0.664638 43.17912199 0.19578546 43.08055024
  jla_mock 0.901736 44.03982373 0.25190507 43.89049989
  jla_mock 0.745665 43.51979388 0.21142864 43.38489089
  jla_mock 0.718680 43.80138294 0.20380008 43.28715794
  jla_mock 0.736690 43.25659601 0.19636251 43.35277325
  jla_mock 0.579600 42.71292768 0.12084594 42.72044282
  jla_mock 0.370531 41.53158575 0.10256736 41.56537377
  jla_mock 0.960740 43.86435912 0.23956115 44.05966190
  jla_mock 0.850729 43.69123421 0.21179952 43.73526472
  jla_mock 0.648640 43.13081873 0.19254569 43.01622729
  jla_mock 0.219462 40.17839572 0.13036783 40.26165884
  jla_mock 0.936755 44.18540615 0.24129989 43.99217583
  jla_mock 0.647639 43.11079169 0.17876349 43.01214759
  jla_mock 0.461564 42.18845514 0.13341110 42.12801602
  jla_mock 0.600603 42.70005029 0.17945434 42.81380214
  jla_mock 0.670654 43.22341508 0.23100742 43.10426437
  jla_mock 0.760698 43.24080812 0.20946016 43.43784537
  jla_mock 0.246492 40.40922302 0.13212126 40.54611375
  jla_mock 0.470573 42.25161808 0.14759396 42.17798678
  jla_mock 0.169455 39.69171648 0.11209573 39.63714984
  jla_mock 0.497379 42.15249241 0.12912927 42.32153052
  jla_mock 0.638234 43.17332306 0.19688575 42.97363029
  jla_mock 0.507371 42.37098114 0.14542671 42.37316793
  jla_mock 0.535327 42.65613429 0.14229510 42.51274244
  jla_mock 0.587285 43.03523949 0.16639385 42.75499974
  jla_mock 0.773081 44.26703137 0.25620999 43.48071408
  jla_mock 0.699166 43.13146601 0.22210270 43.21437680
  jla_mock 0.370511 41.58054913 0.12736057 41.56523783
  jla_mock 0.761089 43.74698565 0.22808946 43.43920163
  jla_mock 0.699169 43.41524873 0.21959570 43.21438806
  jla_mock 0.788060 43.32295996 0.19242158 43.53165972
  jla_mock 0.373513 41.62735848 0.13202741 41.58564233
  jla_mock 0.405478 41.80026483 0.13198879 41.79507834
  jla_mock 0.852994 43.83714918 0.25729076 43.74233429
  jla_mock 0.808048 43.27625587 0.24185374 43.59830126
  jla_mock 0.603272 43.04852352 0.18397635 42.82545340
  jla_mock 0.583290 43.27168693 0.17902789 42.73713156
  jla_mock 0.534335 42.62931400 0.14774220 42.50791545
  jla_mock 0.720140 42.87837704 0.24070231 43.29255086
  jla_mock 0.400485 41.38189675 0.21060605 41.76340376
  jla_mock 0.837004 43.86169308 0.21502566 43.69195956
  jla_mock 0.371508 41.48134150 0.10193219 41.57201440
  jla_mock 0.806041 43.52646794 0.25907683 43.59165187
  jla_mock 0.840005 43.93346089 0.23506835 43.70146561
  jla_mock 0.500728 42.32313219 0.12981336 42.33894272
  jla_mock 0.532765 42.71467312 0.17422186 42.50027598
  jla_mock 0.533766 42.75803028 0.18215335 42.50514675
  jla_mock 0.932229 43.62284862 0.34152943 43.97922023
  jla_mock 0.822103 43.59186085 0.25790730 43.64418307
  jla_mock 0.553797 42.44100854 0.13544877 42.60133735
  jla_mock 0.125298 38.89759776 0.13709229 38.92231622
  jla_mock 0.842123 44.30276791 0.28302626 43.70817465
  jla_mock 0.443668 42.02941969 0.15186631 42.02604866
  jla_mock 0.727675 43.27094776 0.24978201 43.32010216
  jla_mock 0.683659 42.92583009 0.41253064 43.15500537
  jla_mock 0.442548 42.01335187 0.13367762 42.01953486
  jla_mock 0.726679 43.27775896 0.20021505 43.31648122
  jla_mock 0.282510 40.68262589 0.12747632 40.88348566
  jla_mock 0.404549 41.86990801 0.12965359 41.78918496
  jla_mock 0.519611 42.50765693 0.13964385 42.43522504
  jla_mock 0.690652 43.22911269 0.23214813 43.18190663
  jla_mock 1.060801 43.93750105 0.27869308 44.32447227
  jla_mock 0.576612 42.82185953 0.15376326 42.70692901
  jla_mock 0.268489 40.64975214 0.12614174 40.75741813
  jla_mock 0.720680 43.41643066 0.25106936 43.29454550
  jla_mock 0.250498 40.62112775 0.13111277 40.58610363
  jla_mock 0.760691 43.62308046 0.27664014 43.43782109
  jla_mock 0.698167 43.28686181 0.26129048 43.21057429
  jla_mock 0.550315 42.44308711 0.16854352 42.58486067
  jla_mock 0.730128 43.25013213 0.23524622 43.32902000
  jla_mock 0.847985 44.25208619 0.24702775 43.72670010
  jla_mock 0.997826 44.09211240 0.24705649 44.16086339
  jla_mock 0.435446 41.84009488 0.13052406 41.97795969
  jla_mock 0.409470 41.77849931 0.12922369 41.82018436
  jla_mock 0.301590 40.98960808 0.12598595 41.04647939
  jla_mock 1.299106 44.76326183 0.19340708 44.86649555
  jla_mock 1.020807 43.87733238 0.23668119 44.22175183
  jla_mock 0.839734 43.90332597 0.19264717 43.70060719
  jla_mock 1.120850 44.59541509 0.20807086 44.47175959
  jla_mock 1.230892 44.94622382 0.23900250 44.72227987
  jla_mock 0.974230 43.95474190 0.18427047 44.09690728
  jla_mock 0.970782 43.76895493 0.33863365 44.08744397
  jla_mock 0.064229 37.38771077 0.15072784 37.38125426
  jla_mock 0.129030 38.91910859 0.16416611 38.99103288
  jla_mock 0.102890 38.21890824 0.14983539 38.46320916
  jla_mock 0.044130 36.52637155 0.17359564 36.53640119
  jla_mock 0.113040 38.73189973 0.15276523 38.68140463
  jla_mock 0.256110 40.37403551 0.20496122 40.64044730
  jla_mock 0.380260 41.46096787 0.28702753 41.63127303
  jla_mock 0.145470 38.96884370 0.16218924 39.27385898
  jla_mock 0.088890 38.35286929 0.14636771 38.12524312
  jla_mock 0.260590 40.79526848 0.18294429 40.68344034
  jla_mock 0.078910 37.85894369 0.15602647 37.85079369
  jla_mock 0.083040 37.92021178 0.15331705 37.96757382
  jla_mock 0.165650 39.74674474 0.13854363 39.58315350
  jla_mock 0.168170 39.67854083 0.16196037 39.61913704
  jla_mock 0.170630 39.66337101 0.16520984 39.65362070
  jla_mock 0.170280 39.52612389 0.17035518 39.64871449
  jla_mock 0.120440 39.05820893 0.15109792 38.82967597
  jla_mock 0.276530 40.86663481 0.21443501 40.83052825
  jla_mock 0.231600 40.26867008 0.18253328 40.39327881
  jla_mock 0.305690 41.18020113 0.26735001 41.08031431
  jla_mock 0.079970 38.14997661 0.16566195 37.88231469
  jla_mock 0.174150 39.58978532 0.15831009 39.70296318
  jla_mock 0.138680 39.30754036 0.16604939 39.16075605
  jla_mock 0.146070 39.33162354 0.16391832 39.28355706
  jla_mock 0.081330 38.31038006 0.14393418 37.92106160
  jla_mock 0.233800 40.12851176 0.17178002 40.41664409
  jla_mock 0.256550 40.77878545 0.17733386 40.64470129
  jla_mock 0.245620 40.29400465 0.20041043 40.53740902
  jla_mock 0.125930 39.02282405 0.19132506 38.93436823
  jla_mock 0.223510 40.34435992 0.21582750 40.30640047
  jla_mock 0.102640 38.61165537 0.14663754 38.45739969
  jla_mock 0.119670 38.69159364 0.14566661 38.81499236
  jla_mock 0.180550 39.71560003 0.16851019 39.78925613
  jla_mock 0.197090 39.96941740 0.17389574 40.00058301
  jla_mock 0.229160 40.49408686 0.19939442 40.36723751
  jla_mock 0.264510 40.88056558 0.19876199 40.72017820
  jla_mock 0.103370 38.39564413 0.12264053 38.47436335
  jla_mock 0.364410 41.36713127 0.23042794 41.52297770
  jla_mock 0.205600 39.99634247 0.15584351 40.10300055
  jla_mock 0.179810 39.69022041 0.19620482 39.77932421
  jla_mock 0.199590 40.08869622 0.18224440 40.03149756
  jla_mock 0.156530 39.44926846 0.15012954 39.44792878
  jla_mock 0.161800 39.42853822 0.14760764 39.52668171
  jla_mock 0.209530 39.98754594 0.20608020 40.14907809
  jla_mock 0.241790 40.23501843 0.19813238 40.49907425
  jla_mock 0.236460 40.32248302 0.16266354 40.44408642
  jla_mock 0.226680 40.20782366 0.21050732 40.34076930
  jla_mock 0.296780 41.04806072 0.19716042 41.00636879
  jla_mock 0.208520 40.13537836 0.16317028 40.13750389
  jla_mock 0.251040 40.37160122 0.22085837 40.59142971
  jla_mock 0.250120 40.54230321 0.17967388 40.58233025
  jla_mock 0.117710 38.44883422 0.14551100 38.77612598
  jla_mock 0.219710 40.51239994 0.16999397 40.26439993
  jla_mock 0.149010 39.53545812 0.14890457 39.33107762
  jla_mock 0.287420 41.08528594 0.18840122 40.92649529
  jla_mock 0.143600 39.82082821 0.16639625 39.24363332
  jla_mock 0.328370 41.20358854 0.19601268 41.25983598
  jla_mock 0.246250 40.53211953 0.16506508 40.54369799
  jla_mock 0.119660 38.73844777 0.15026680 38.81480166
  jla_mock 0.328380 41.76473230 0.27642285 41.25991291
  jla_mock 0.215130 40.20950621 0.18366862 40.21325182
  jla_mock 0.144780 39.24665070 0.13616902 39.26270620
  jla_mock 0.132430 38.94921549 0.12839376 39.05220730
  jla_mock 0.210820 40.08802791 0.16235031 40.16386096
  jla_mock 0.203990 40.07824426 0.15780808 40.08384780
  jla_mock 0.279520 41.13161982 0.16701092 40.85709122
  jla_mock 0.044280 36.54386589 0.15509722 36.54352732
  jla_mock 0.180370 39.79003645 0.15078404 39.78684026
  jla_mock 0.260700 40.93851622 0.18972170 40.68447125
  jla_mock 0.056540 37.27585092 0.18696980 37.09160151
  jla_mock 0.212600 40.10513581 0.19194689 40.18425904
  jla_mock 0.369410 41.60464032 0.23700047 41.55775436
  jla_mock 0.173860 39.59671938 0.13051969 39.69889803
  jla_mock 0.142650 39.39473698 0.16862649 39.22827803
  jla_mock 0.177890 39.58777323 0.17323466 39.75355491
  jla_mock 0.328370 41.14293666 0.20656404 41.25983598
  jla_mock 0.253510 40.66856516 0.19560920 40.61531008
  jla_mock 0.300010 41.03765019 0.19320267 41.03330377
  jla_mock 0.105890 38.71428360 0.14607715 38.52910106
  jla_mock 0.223280 40.57724188 0.16843887 40.30385834
  jla_mock 0.118450 38.62855311 0.12252294 38.79113535
  jla_mock 0.176530 39.87132124 0.17118858 39.73530166
  jla_mock 0.182800 39.83362485 0.18906536 39.81945453
  jla_mock 0.297620 40.91979158 0.22708191 41.01337355
  jla_mock 0.196990 39.82145320 0.16336648 39.99934643
  jla_mock 0.152950 39.39895016 0.14755004 39.39286806
  jla_mock 0.248500 40.48396725 0.17447627 40.56615860
  jla_mock 0.138180 39.19346768 0.12408786 39.15224127
  jla_mock 0.207040 39.82246957 0.17044837 40.12013097
  jla_mock 0.214680 40.38812932 0.18059604 40.20809500
  jla_mock 0.306320 40.82924715 0.21502986 41.08542547
  jla_mock 0.246950 40.73410298 0.17120148 40.55068574
  jla_mock 0.198010 40.00078975 0.14489973 40.01195956
  jla_mock 0.222560 40.25315925 0.15195110 40.29590034
  jla_mock 0.135080 39.08404052 0.15130600 39.09944962
  jla_mock 0.210540 39.95427834 0.18260591 40.16065228
  jla_mock 0.272580 40.98291367 0.16910743 40.79461419
  jla_mock 0.246600 40.71722571 0.16168519 40.54719186
  jla_mock 0.220680 40.02448515 0.19428942 40.27512112
  jla_mock 0.274470 40.73288710 0.19147108 40.81179838
  jla_mock 0.176560 39.81050912 0.15540451 39.73570430
  jla_mock 0.310880 41.04091828 0.22015615 41.12242051
  jla_mock 0.184350 39.57090006 0.17307932 39.83952780
  jla_mock 0.159350 39.57698729 0.14827050 39.49074512
  jla_mock 0.219760 40.23427663 0.16604587 40.26495257
  jla_mock 0.252050 40.54526486 0.18410044 40.60119456
  jla_mock 0.181220 39.94634356 0.14940352 39.79824854
  jla_mock 0.173730 39.55285847 0.13336424 39.69707572
  jla_mock 0.380470 41.21045992 0.24246083 41.63266739
  jla_mock 0.178650 39.54313111 0.17172186 39.76375526
  jla_mock 0.245680 40.13354162 0.18910008 40.53800797
  jla_mock 0.209100 40.05962477 0.16102286 40.14415046
  jla_mock 0.249470 40.31365455 0.20970726 40.57584163
  jla_mock 0.133920 38.89443418 0.16606211 39.07901608
  jla_mock 0.177060 39.42757634 0.16039966 39.74241506
  jla_mock 0.281110 40.71143427 0.18775324 40.87112706
  jla_mock 0.173830 39.56847666 0.15186906 39.69847750
  jla_mock 0.196540 39.91559946 0.16513423 39.99378181
  jla_mock 0.363970 41.36894022 0.22724835 41.51991492
  jla_mock 0.378350 42.07889753 0.26733097 41.61851927
  jla_mock 0.316460 40.73422863 0.21038880 41.16699585
  jla_mock 0.183220 39.75165694 0.13519430 39.82498164
  jla_mock 0.241020 40.49327871 0.16773658 40.49113042
  jla_mock 0.202030 39.77889115 0.19953174 40.06053140
  jla_mock 0.168690 39.53542554 0.16511959 39.62642627
  jla_mock 0.197940 40.11626416 0.17492454 40.01109396
  jla_mock 0.122760 38.99666426 0.14574653 38.87391751
  jla_mock 0.203180 40.23078162 0.16105255 40.07421194
  jla_mock 0.127390 39.16126381 0.14895509 38.96152523
  jla_mock 0.275490 40.61511886 0.19972760 40.82107239
  jla_mock 0.144680 39.18925396 0.14721731 39.26108985
  jla_mock 0.334360 41.64017373 0.24977783 41.30538443
  jla_mock 0.195800 39.93491177 0.15392559 39.98463111
  jla_mock 0.193920 40.24503529 0.16374737 39.96138337
  jla_mock 0.249730 40.51926307 0.18580683 40.57843707
  jla_mock 0.148600 39.35382571 0.14879989 39.32445060
  jla_mock 0.155960 39.41443626 0.14872192 39.43916213
  jla_mock 0.095820 38.13063584 0.15034816 38.29891732
  jla_mock 0.150650 39.06482813 0.15872946 39.35749386
  jla_mock 0.309330 40.74206091 0.24715745 41.10984544
  jla_mock 0.248570 40.55805900 0.17340396 40.56685738
  jla_mock 0.365540 41.61932437 0.24311996 41.53084345
  jla_mock 0.117710 38.78546170 0.12847626 38.77612598
  jla_mock 0.191760 39.71800709 0.14428474 39.93467320
  jla_mock 0.182550 39.70549845 0.16171197 39.81609915
  jla_mock 0.234720 40.40850942 0.18444964 40.42613542
  jla_mock 0.246470 40.26534094 0.19927669 40.54589414
  jla_mock 0.288450 41.06637042 0.18873457 40.93532948
  jla_mock 0.209600 40.22342830 0.19927022 40.14988026
  jla_mock 0.191980 39.76119970 0.17965405 39.93739368
  jla_mock 0.114020 38.49281770 0.12215388 38.70128192
  jla_mock 0.113890 38.83685308 0.18397194 38.69864513
  jla_mock 0.198800 40.00819329 0.20967258 40.02172856
  jla_mock 0.220580 40.02482675 0.22796022 40.27401584
  jla_mock 0.182570 39.67200723 0.16453718 39.81636758
  jla_mock 0.158950 39.71541906 0.16372575 39.48487792
  jla_mock 0.078490 37.92658298 0.14911597 37.83830424
  jla_mock 0.138640 39.20632773 0.13217046 39.16007487
  jla_mock 0.180790 39.99064107 0.15445548 39.79247729
  jla_mock 0.177570 39.51917291 0.18629282 39.74926003
  jla_mock 0.170660 39.78099885 0.16102003 39.65404123
  jla_mock 0.233810 40.05799323 0.20858516 40.41674726
  jla_mock 0.071530 37.79644487 0.17410666 37.62633113
  jla_mock 0.154630 39.28916241 0.18791656 39.41870661
  jla_mock 0.090100 38.37410655 0.15950858 38.15556956
  jla_mock 0.176580 39.91912020 0.20448697 39.73597273
  jla_mock 0.130450 39.15034169 0.16440638 39.01658220
  jla_mock 0.182040 39.78521831 0.17166998 39.80925418
  jla_mock 0.256170 40.82716625 0.17261330 40.64102739
  jla_mock 0.138110 39.02412560 0.14854031 39.15104920
  jla_mock 0.170700 39.67754598 0.16749506 39.65460194
  jla_mock 0.216740 40.31072391 0.14793120 40.23157319
  jla_mock 0.245550 40.58325934 0.17887642 40.53671024
  jla_mock 0.143820 39.31562505 0.16709807 39.24718928
  jla_mock 0.248620 40.63509507 0.18856198 40.56735650
  jla_mock 0.145330 39.36996534 0.17138622 39.27159610
  jla_mock 0.135880 39.21337745 0.12760365 39.11307327
  jla_mock 0.058740 37.21964631 0.12754402 37.18054381
  jla_mock 0.036520 36.24372755 0.15191506 36.11467233
  jla_mock 0.277490 40.90214093 0.22703402 40.83917126
  jla_mock 0.205150 39.94401050 0.29701418 40.09764730
  jla_mock 0.280510 40.70037560 0.20078942 40.86583052
  jla_mock 0.198670 40.03967929 0.16215673 40.02012100
  jla_mock 0.159990 39.30001289 0.15164286 39.50013264
  jla_mock 0.210750 40.16143677 0.18113105 40.16305879
  jla_mock 0.071950 37.56337878 0.17245857 37.64010622
  jla_mock 0.237820 40.52558636 0.19074175 40.45811709
  jla_mock 0.141390 39.18506103 0.17359013 39.20690618
  jla_mock 0.155060 39.14882534 0.15760876 39.42532005
  jla_mock 0.370130 41.54809414 0.22886799 41.56264818
  jla_mock 0.093910 38.32608721 0.17056414 38.25106025
  jla_mock 0.118630 38.74151660 0.17057943 38.79478628
  jla_mock 0.153630 39.36221976 0.15381057 39.40332652
  jla_mock 0.253560 40.89333583 0.16809525 40.61579348
  jla_mock 0.107250 38.37024719 0.14420228 38.55855910
  jla_mock 0.129610 38.90619116 0.15302154 39.00146852
  jla_mock 0.266650 41.14853699 0.19376454 40.74023408
  jla_mock 0.212260 40.31398470 0.16262819 40.18036278
  jla_mock 0.278220 40.80655172 0.18167466 40.84561538
  jla_mock 0.245400 40.48723484 0.16811689 40.53521287
  jla_mock 0.133620 38.99682104 0.15059378 39.07361834
  jla_mock 0.176560 40.02123272 0.16208219 39.73570430
  jla_mock 0.113680 38.85690784 0.14584429 38.69438572
  jla_mock 0.320380 41.50657170 0.26368273 41.19795536
  jla_mock 0.112710 38.36365997 0.12253270 38.67471126
  jla_mock 0.106020 38.73612699 0.14472955 38.53191691
  jla_mock 0.391350 41.68996102 0.26610488 41.70446868
  jla_mock 0.155750 39.30656822 0.14611530 39.43593231
  jla_mock 0.186670 40.09546256 0.16762102 39.86939250
  jla_mock 0.196710 40.39107385 0.16669908 39.99588400
  jla_mock 0.191910 39.89013423 0.17339098 39.93652807
  jla_mock 0.190840 39.66448738 0.15087610 39.92307171
  jla_mock 0.176250 39.86765623 0.15361286 39.73154363
  jla_mock 0.128370 39.08813727 0.15035584 38.97915785
  jla_mock 0.122620 38.67504638 0.14734428 38.87124776
  jla_mock 0.127150 38.78551126 0.14706216 38.95720703
  jla_mock 0.213230 40.39598132 0.17620944 40.19147859
  jla_mock 0.218610 40.11153557 0.18110338 40.25224188
  jla_mock 0.268560 40.79707067 0.19152223 40.75806368
  jla_mock 0.204660 40.19180295 0.16518790 40.09181820
  jla_mock 0.267100 40.51758267 0.17377576 40.74445143
  jla_mock 0.217570 40.31011356 0.17264916 40.24074699
  jla_mock 0.241850 40.47702498 0.17151433 40.49969325
  jla_mock 0.293500 41.08367252 0.20071643 40.97864273
  jla_mock 0.353460 41.44040832 0.23113786 41.44568194
  jla_mock 0.185630 39.88272174 0.15494760 39.85600487
  jla_mock 0.285430 40.83627127 0.19928385 40.90926217
  jla_mock 0.194940 40.01750570 0.16836015 39.97399650
  jla_mock 0.075920 37.76770896 0.14499851 37.76188071
  jla_mock 0.163570 39.90027934 0.15777754 39.55264407
  jla_mock 0.257210 40.39038221 0.20821329 40.65108228
  jla_mock 0.219550 40.27266148 0.18725136 40.26263149
  jla_mock 0.175580 40.15303939 0.15163366 39.72255122
  jla_mock 0.226670 40.16272295 0.18608202 40.34066257
  jla_mock 0.153220 39.73288997 0.15082218 39.39702068
  jla_mock 0.210250 40.01476462 0.19550076 40.15732899
  jla_mock 0.121640 38.91605972 0.12361443 38.85255952
  jla_mock 0.291350 40.97794676 0.19904915 40.96020244
  jla_mock 0.294480 41.65587390 0.27859702 40.98704807
  jla_mock 0.164550 39.72047777 0.12599124 39.56701870
  jla_mock 0.307020 40.59302165 0.20906564 41.09110453
  jla_mock 0.198630 40.16965071 0.16157737 40.01962637
  jla_mock 0.268210 40.58523959 0.21539519 40.75485425
  jla_mock 0.401280 41.96525656 0.24823001 41.76844708
  jla_mock 0.136680 39.01421616 0.15334431 39.12669692
  jla_mock 0.295420 41.20773692 0.24720467 40.99502774
  jla_mock 0.291920 40.62662399 0.19219946 40.96509126
  jla_mock 0.090070 38.32679628 0.12096556 38.15481767
  jla_mock 0.205570 40.08669630 0.18292629 40.10264367
  jla_mock 0.145820 39.19591980 0.14934529 39.27951619
  jla_mock 0.117670 38.81921938 0.14486540 38.77531466
  jla_mock 0.054990 37.04415762 0.14997934 37.02755570
  jla_mock 0.174200 39.76389306 0.15142908 39.70366406
  jla_mock 0.244950 40.31549305 0.18020903 40.53072075
  jla_mock 0.224520 40.22438557 0.18249954 40.31756378
  jla_mock 0.245580 40.68511797 0.16228277 40.53700972
  jla_mock 0.283510 41.03072804 0.21250233 40.89231323
  jla_mock 0.180560 39.88369208 0.17619167 39.78939034
  jla_mock 0.103910 38.53857871 0.12352191 38.48621362
  jla_mock 0.129610 39.18409125 0.15326847 39.00146852
  jla_mock 0.243520 40.66865887 0.16045597 40.51644578
  jla_mock 0.331360 41.52445954 0.26935111 41.28283761
  jla_mock 0.243480 41.05522040 0.19048000 40.51604648
  jla_mock 0.314680 41.45302088 0.17577640 41.15293771
  jla_mock 0.218650 40.40684672 0.18935500 40.25268399
  jla_mock 0.260140 41.08025438 0.21925656 40.67922298
  jla_mock 0.282430 40.74074493 0.19830733 40.88277946
  jla_mock 0.300410 41.02701313 0.20581539 41.03663937
  jla_mock 0.151860 39.25753093 0.14864409 39.37610376
  jla_mock 0.263570 40.72493822 0.18936772 40.71136861
  jla_mock 0.213820 40.41292215 0.20621233 40.19823975
  jla_mock 0.162840 39.51323680 0.16761662 39.54193643
  jla_mock 0.124400 38.77333305 0.17140549 38.90519170
  jla_mock 0.194650 39.91491950 0.13938689 39.97041042
  jla_mock 0.205540 40.41915215 0.18299408 40.10228679
  jla_mock 0.106670 38.35351617 0.14588621 38.54599612
  jla_mock 0.187720 39.74288563 0.18724598 39.88290884
  jla_mock 0.163870 39.74680458 0.15682059 39.55704447
  jla_mock 0.290210 41.30456674 0.19470283 40.95042479
  jla_mock 0.094010 38.29991783 0.12497638 38.25356657
  jla_mock 0.227860 40.37583708 0.18009820 40.35336304
  jla_mock 0.107510 38.29680369 0.14764565 38.56419079
  jla_mock 0.310650 40.89694706 0.22259423 41.12055454
  jla_mock 0.145640 39.60492664 0.15575872 39.27660677
  jla_mock 0.087840 38.13421493 0.12609586 38.09813443
  jla_mock 0.148390 39.51395393 0.15572534 39.32105628
  jla_mock 0.286620 40.95467423 0.19365541 40.91963379
  jla_mock 0.122810 38.77296413 0.13329108 38.87487099
  jla_mock 0.186550 39.49613908 0.20280242 39.86784777
  jla_mock 0.128930 39.20900509 0.15503539 38.98923364
  jla_mock 0.194220 40.15700397 0.16863568 39.96509311
  jla_mock 0.148000 39.50600216 0.14676099 39.31475253
  jla_mock 0.211790 40.17610210 0.22866165 40.17497677
  jla_mock 0.179620 40.00882486 0.17351314 39.77677412
  jla_mock 0.263490 40.41963902 0.18130204 40.71061886
  jla_mock 0.192150 39.87071823 0.15956887 39.93949587
  jla_mock 0.338800 40.83554337 0.22987627 41.33867240
  jla_mock 0.117410 38.76929162 0.14766783 38.77004109
  jla_mock 0.143100 39.18232107 0.16841647 39.23555159
  jla_mock 0.160350 39.55300684 0.13218212 39.50541312
  jla_mock 0.288720 40.66998259 0.21129560 40.93764524
  jla_mock 0.123030 39.07776572 0.15464992 38.87906631
  jla_mock 0.264050 40.47614606 0.18533646 40.71586713
  jla_mock 0.126080 39.18205290 0.17182656 38.93722867
  jla_mock 0.173740 39.78834883 0.14981160 39.69721590
  jla_mock 0.164400 39.63393317 0.14972618 39.56481851
  jla_mock 0.249610 40.55753981 0.16242204 40.57723917
  jla_mock 0.159990 39.54792809 0.15136580 39.50013264
  jla_mock 0.244480 40.59172170 0.15150476 40.52602897
  jla_mock 0.248510 40.52984887 0.17707716 40.56625843
  jla_mock 0.228930 40.42098367 0.16847625 40.36478279
  jla_mock 0.085280 38.01708092 0.14384543 38.02850211
  jla_mock 0.062818 37.14448682 0.14854713 37.32965972
  jla_mock 0.277450 40.75816441 0.23370164 40.83881815
  jla_mock 0.275440 40.70789759 0.21508178 40.82061778
  jla_mock 0.330510 41.10230701 0.21087893 41.27629868
  jla_mock 0.361930 41.33000185 0.24565378 41.50571480
  jla_mock 0.331030 41.43300492 0.21800830 41.28029897
  jla_mock 0.160500 39.84051357 0.12714994 39.50761332
  jla_mock 0.300210 41.03225488 0.20430208 41.03497157
  jla_mock 0.116350 38.75959526 0.12231010 38.74854117
  jla_mock 0.218290 40.30279855 0.16062208 40.24870499
  jla_mock 0.119670 38.90324483 0.12046332 38.81499236
  jla_mock 0.154730 39.35265647 0.12395445 39.42024462
  jla_mock 0.178100 39.87961423 0.16562813 39.75637343
  jla_mock 0.250370 40.63090099 0.16560962 40.58482587
  jla_mock 0.251740 40.76372344 0.14466362 40.59819743
  jla_mock 0.129530 39.02578755 0.14518911 39.00002912
  jla_mock 0.309290 41.02044779 0.18810950 41.10952092
  jla_mock 0.278520 40.82734100 0.17881943 40.84826365
  jla_mock 0.185810 39.81686371 0.13605911 39.85832196
  jla_mock 0.066510 37.58504968 0.17228058 37.46168597
  jla_mock 0.258000 40.70956868 0.18756945 40.65872012
  jla_mock 0.298880 40.98423416 0.21609463 41.02388070
  jla_mock 0.270440 41.15149977 0.22437165 40.77515695
  jla_mock 0.279160 41.06953286 0.17183675 40.85391330
  jla_mock 0.292870 40.86309327 0.21554431 40.97323930
  jla_mock 0.189650 39.83828389 0.15711153 39.90775318
  jla_mock 0.265760 40.75243886 0.19291042 40.73189308
  jla_mock 0.123760 38.91820289 0.14509081 38.89298713
  jla_mock 0.182550 39.94225835 0.14971699 39.81609915
  jla_mock 0.056340 37.06539174 0.14895035 37.08333754
  jla_mock 0.312880 41.68007050 0.18264477 41.13864641
  jla_mock 0.309150 40.89141447 0.22328713 41.10838511
  jla_mock 0.200610 40.15706289 0.15587566 40.04363891
  jla_mock 0.326400 40.99565672 0.20549386 41.24468106
  jla_mock 0.211630 40.27275206 0.13899445 40.17314324
  jla_mock 0.179690 39.96065317 0.15636245 39.77771363
  jla_mock 0.302400 41.41790472 0.19662226 41.05323399
  jla_mock 0.109240 38.62425340 0.14870399 38.60166315
  jla_mock 0.085220 37.88263155 0.15002378 38.02687010
  jla_mock 0.202310 40.36335850 0.16131988 40.06386231
  jla_mock 0.126490 38.76349252 0.15584855 38.94504722
  jla_mock 0.214570 40.24207171 0.16812914 40.20683444
  jla_mock 0.320450 41.38136770 0.19168742 41.19850820
  jla_mock 0.218350 40.36725684 0.17273249 40.24936815
  jla_mock 0.190100 40.16552445 0.15982384 39.91354590
  jla_mock 0.092430 38.11539975 0.15614025 38.21396675
  jla_mock 0.379860 41.89503513 0.18489314 41.62861712
  jla_mock 0.211340 39.95883699 0.16607978 40.16981995
  jla_mock 0.258330 40.72279349 0.18011571 40.66191062
  jla_mock 0.183270 39.84139128 0.16855779 39.82562527
  jla_mock 0.212950 39.89257281 0.17784935 40.18826990
  jla_mock 0.116510 38.49701125 0.15544019 38.75178644
  jla_mock 0.144010 39.20786607 0.17185674 39.25026033
  jla_mock 0.252490 40.53194363 0.18599877 40.60544855
  jla_mock 0.255390 40.67715366 0.21319916 40.63348622
  jla_mock 0.216980 40.27117865 0.18860575 40.23422585
  jla_mock 1.265901 44.46508041 0.22380442 44.79726150
  jla_mock 0.935774 44.07185148 0.22958872 43.98936774
  jla_mock 0.049519 36.77666568 0.20228994 36.79241934
  jla_mock 0.030325 35.64217462 0.18207848 35.69463564
  jla_mock 0.074579 37.74668080 0.21872943 37.72200368
  jla_mock 0.025198 35.23437738 0.22034080 35.27019548
  jla_mock 0.014411 34.06175549 0.20528439 34.03100129
  jla_mock 0.020792 34.94844281 0.19750056 34.84402582
  jla_mock 0.035218 35.86950864 0.20378488 36.02701442
  jla_mock 0.041657 36.48300293 0.21523275 36.40181746
  jla_mock 0.042400 36.26723413 0.20618664 36.44334925
  jla_mock 0.018902 34.59461040 0.18361956 34.61733569
  jla_mock 0.078840 37.79448513 0.21534076 37.84871212
  jla_mock 0.063345 37.69843446 0.20758765 37.34892997
  jla_mock 0.027637 35.76944462 0.23141589 35.48155629
  jla_mock 0.049325 36.68374601 0.21068097 36.78320287
  jla_mock 0.070153 37.69215510 0.22041411 37.58116850
  jla_mock 0.023909 34.95854513 0.18367797 35.15849228
  jla_mock 0.053126 37.11958871 0.22335947 36.95053545
  jla_mock 0.024951 35.70171325 0.18978288 35.24879075
  jla_mock 0.015664 34.08046922 0.20165316 34.22896394
  jla_mock 0.048984 36.96046953 0.15985830 36.76700280
  jla_mock 0.022399 35.42040248 0.18927946 35.02763749
  jla_mock 0.034854 35.88879802 0.23666209 36.00228810
  jla_mock 0.016966 34.43326484 0.20291443 34.38512824
  jla_mock 0.030721 35.54491797 0.18171781 35.72153570
  jla_mock 0.030482 35.76747179 0.18203752 35.70530056
  jla_mock 0.010550 33.17805822 0.21945028 33.27241718
  jla_mock 0.014256 33.96204540 0.17170736 34.00054790
  jla_mock 0.027688 35.68250193 0.18124529 35.48597589
  jla_mock 0.053860 37.18460675 0.15903793 36.98086424
  jla_mock 0.017672 34.83574881 0.19251135 34.46980720
  jla_mock 0.017450 34.24412388 0.17037052 34.44318011
  jla_mock 0.015573 34.10167193 0.20219934 34.21804923
  jla_mock 0.010060 33.16350846 0.23112569 33.17614517
  jla_mock 0.054931 37.14339276 0.18431298 37.02511783
  jla_mock 0.039083 36.20399570 0.16317419 36.25793746
  jla_mock 0.078317 37.87894511 0.18391968 37.83315978
  jla_mock 0.031764 35.52405317 0.15356487 35.79238611
  jla_mock 0.014440 33.68443847 0.22581465 34.03669902
  jla_mock 0.013533 33.82856838 0.22079334 33.85849757
  jla_mock 0.026677 35.77756744 0.19349962 35.39836385
  jla_mock 0.023360 35.32687979 0.17880596 35.11091660
  jla_mock 0.036934 35.86338256 0.19001518 36.13781387
  jla_mock 0.023552 35.40591205 0.17819828 35.12755509
  jla_mock 0.017483 34.82540094 0.19211831 34.44713819
  jla_mock 0.040259 36.51858776 0.17447686 36.32367284
  jla_mock 0.030381 35.46623025 0.20408145 35.69843968
  jla_mock 0.015504 34.22858284 0.20027602 34.20977324
  jla_mock 0.014151 34.00134676 0.18788306 33.97991818
  jla_mock 0.015487 34.15941437 0.18431337 34.20773422
  jla_mock 0.015554 34.10186415 0.19852180 34.21577033
  jla_mock 0.037075 36.11717223 0.15485493 36.14569541
  jla_mock 0.015482 33.83125278 0.20249750 34.20713452
  jla_mock 0.013324 33.77523948 0.18643777 33.81743462
  jla_mock 0.014575 34.11764369 0.20791179 34.06322294
  jla_mock 0.015791 34.32770947 0.19846605 34.24419655
  jla_mock 0.024746 35.16438887 0.17954713 35.23102570
  jla_mock 0.027748 35.77074137 0.17503344 35.49117542
  jla_mock 0.010888 33.57336858 0.25477943 33.33882522
  jla_mock 0.013652 33.88752777 0.18670962 33.88187792
  jla_mock 0.035755 35.98407782 0.16295663 36.06349253
  jla_mock 0.024725 35.29955450 0.17710562 35.22920587
  jla_mock 0.038086 36.18263246 0.17051564 36.20220772
  jla_mock 0.021541 34.96622887 0.17711857 34.93386228
  jla_mock 0.019581 34.51879742 0.17898631 34.69877622
  jla_mock 0.030416 35.33806689 0.17571774 35.70081721
  jla_mock 0.039219 36.23658927 0.17021381 36.26553951
  jla_mock 0.034971 35.97949460 0.15987848 36.01023585
  jla_mock 0.028561 35.28357382 0.17650121 35.56162903
  jla_mock 0.020997 35.10231361 0.18822756 34.86861390
  jla_mock 0.032538 35.58007716 0.18232286 35.84496350
  jla_mock 0.015469 34.21069820 0.19318910 34.20557527
  jla_mock 0.015678 34.23919213 0.20747940 34.23064312
  jla_mock 0.027499 35.61412070 0.15598630 35.46959738
  jla_mock 0.046856 36.57552198 0.17134850 36.66590675
  jla_mock 0.033173 35.86527122 0.18295753 35.88809870
  jla_mock 0.010291 32.91714396 0.23549671 33.22153055
  jla_mock 0.080103 37.86662552 0.17116407 37.88626968
  jla_mock 0.012317 33.88344102 0.20020781 33.61958582
  jla_mock 0.024586 35.39570581 0.20631378 35.21716029
  jla_mock 0.014467 33.88235411 0.20827809 34.04200380
  jla_mock 0.015154 34.33072274 0.18399751 34.16779358
  jla_mock 0.029086 35.48284328 0.17337203 35.60712490
  jla_mock 0.034781 35.88937530 0.17928903 35.99732925
  jla_mock 0.044920 36.60391023 0.14070569 36.57393215
  jla_mock 0.034074 35.69318908 0.16958177 35.94930313
  jla_mock 0.074870 37.55030721 0.14386215 37.73065708
  jla_mock 0.014960 33.92613638 0.19782876 34.13886523
  jla_mock 0.020396 35.00434087 0.17103812 34.79652884
  jla_mock 0.040689 36.25874143 0.17468105 36.34770874
  jla_mock 0.026567 35.02929713 0.18033141 35.38883138
  jla_mock 0.026881 35.23708984 0.15330990 35.41604224
  jla_mock 0.023471 35.10088371 0.17597781 35.12053573
  jla_mock 0.069122 37.48564915 0.19117659 37.54735393
  jla_mock 0.065193 37.51153623 0.15879632 37.41650383
  jla_mock 0.022980 35.03876970 0.17790505 35.07798626
  jla_mock 0.017387 34.57088342 0.19829162 34.43562377
  jla_mock 0.031485 35.83959827 0.15108749 35.77343379
  jla_mock 0.011184 33.49949014 0.19447979 33.39698137
  jla_mock 0.021956 35.37318378 0.17567209 34.98363815
  jla_mock 0.031484 35.72173257 0.15080691 35.77336586
  jla_mock 0.023321 34.79488226 0.20285194 35.10753691
  jla_mock 0.020390 34.84722637 0.18300723 34.79580919
  jla_mock 0.022466 35.21373479 0.18140785 35.03344363
  jla_mock 0.033614 35.79494894 0.18044129 35.91805559
  jla_mock 0.036969 36.23799026 0.17916902 36.13977028
  jla_mock 0.022629 34.95305097 0.18007478 35.04756902
  jla_mock 0.014700 33.88149381 0.18462322 34.08778212
  jla_mock 0.036950 35.93858398 0.14876338 36.13870823
  jla_mock 0.060959 37.25624059 0.12531329 37.26168363
  jla_mock 0.059289 37.11351261 0.12135718 37.20061851
  jla_mock 0.069751 37.80063165 0.15873536 37.56798377
  jla_mock 0.029526 35.55176427 0.17470465 35.64036001
  jla_mock 0.033255 35.87862633 0.17565362 35.89366892
  jla_mock 0.024159 35.17908271 0.18124182 35.18015698
  jla_mock 0.015999 34.10524284 0.19155982 34.26914446
  jla_mock 0.062961 37.16075049 0.16530929 37.33488865
  jla_mock 0.021706 34.70273340 0.19186355 34.95365268
  jla_mock 0.031638 35.36333916 0.18943844 35.78382700
  jla_mock 0.018599 34.75652000 0.17304818 34.58099331
  jla_mock 0.027064 35.67429245 0.17332763 35.43190080
  jla_mock 0.025468 35.33981842 0.18469991 35.29359335
  jla_mock 0.023810 35.11600493 0.19336693 35.14991306
  jla_mock 0.023867 34.92574996 0.18298494 35.15485261
  jla_mock 0.022068 35.14164855 0.16678206 34.99707164
