  jla_mock 0.503084 42.37698775 0.14571158 42.35108100
  jla_mock 0.580724 42.71867385 0.16122778 42.72552632
  jla_mock 0.494795 42.36192753 0.12070859 42.30795504
  jla_mock 0.345928 41.62603614 0.13253081 41.39118194
  jla_mock 0.677662 42.96260393 0.22871689 43.13175210
  jla_mock 0.610712 42.60341571 0.22548733 42.85765176
  jla_mock 0.866494 44.08637609 0.25803499 43.78417385
  jla_mock 0.330932 41.39467117 0.12801230 41.27954507
  jla_mock 0.798566 42.85067514 0.25919990 43.56688646
  jla_mock 0.449562 41.99999974 0.16139765 42.06009851
  jla_mock 0.371443 41.57747486 0.14921889 41.57157260
  jla_mock 0.291718 40.72670946 0.14231442 40.96335873
  jla_mock 0.355820 41.47578977 0.14101044 41.46251312
  jla_mock 0.461274 42.16705205 0.15587207 42.12639800
  jla_mock 0.283610 40.84567033 0.13055630 40.89319599
  jla_mock 0.632234 42.75969333 0.22182909 42.94875922
  jla_mock 0.466414 42.45293158 0.17243727 42.15507604
  jla_mock 0.268624 40.83187685 0.12820280 40.75864558
  jla_mock 0.946890 43.61960279 0.29224985 44.02088236
  jla_mock 0.924917 44.13036300 0.31213110 43.95825216
  jla_mock 0.693165 43.22229475 0.29243158 43.19149304
  jla_mock 0.625233 42.75628326 0.19088816 42.91943219
  jla_mock 0.896944 44.03049212 0.26745476 43.87629010
  jla_mock 0.608261 42.69363442 0.15987482 42.84713700
  jla_mock 0.789054 43.47224910 0.26932700 43.53500333
  jla_mock 0.578292 43.05837776 0.14637659 42.71452713
  jla_mock 0.590280 42.48766332 0.18966931 42.76830634
  jla_mock 0.719626 43.65358396 0.25305179 43.29065226
  jla_mock 0.210032 40.36183922 0.13132256 40.15483080
  jla_mock 0.766590 43.63340212 0.22576765 43.45828289
  jla_mock 0.858513 43.74694979 0.22289539 43.75956030
  jla_mock 0.367904 41.63548511 0.09931133 41.54729890
  jla_mock 0.558746 42.68127256 0.15678156 42.62454440
  jla_mock 0.848509 44.09182305 0.21739327 43.72833562
  jla_mock 0.996390 44.23303238 0.24266005 44.15702957
  jla_mock 0.776594 43.77092055 0.26449227 43.49271322
  jla_mock 0.582932 42.79169853 0.13306958 42.73551243
  jla_mock 0.583743 42.71553943 0.16752875 42.73918034
  jla_mock 0.796552 43.37154250 0.22887969 43.56021387
  jla_mock 0.588721 42.55056750 0.15579306 42.76137980
  jla_mock 0.913473 44.09490017 0.24294053 43.92502563
  jla_mock 0.768587 43.43002535 0.23905376 43.46520986
  jla_mock 0.948455 43.97701636 0.26528102 44.02529941
  jla_mock 0.513793 42.12289421 0.15287930 42.40582273
  jla_mock 0.733609 43.17419929 0.19294483 43.34167511
  jla_mock 0.637701 42.60251590 0.27010736 42.97142091
  jla_mock 0.765588 43.65561469 0.21113574 43.45480726
  jla_mock 0.434861 41.93388281 0.15772880 41.97448442
  jla_mock 0.983407 44.19424510 0.25879722 44.12197372
  jla_mock 0.583743 42.51818001 0.16232669 42.73918034
  jla_mock 0.700631 42.64084490 0.21687358 43.21987569
  jla_mock 0.662058 42.98806379 0.21294856 43.07025770
  jla_mock 0.838126 43.85316496 0.28077453 43.69551364
  jla_mock 0.621874 43.01897516 0.17546981 42.90526861
  jla_mock 0.370586 41.48500973 0.14291643 41.56574760
  jla_mock 0.416632 41.98226252 0.13815441 41.86461950
  jla_mock 0.358570 41.60747394 0.10704088 41.48212572
  jla_mock 0.451681 41.76512186 0.15278703 42.07216742
  jla_mock 0.522762 42.82055892 0.16112888 42.45088093
  jla_mock 0.733996 43.35260827 0.30408870 43.34308204
  jla_mock 0.701965 43.54505690 0.31176741 43.22488288
  jla_mock 0.742008 43.71060188 0.29013165 43.37180407
  jla_mock 0.746118 43.33307416 0.21822021 43.38651198
  jla_mock 0.349560 41.29928929 0.13472825 41.41773364
  jla_mock 0.591835 42.73772443 0.15357327 42.77521512
  jla_mock 0.514746 42.19344355 0.15561143 42.41063888
  jla_mock 0.620632 42.79220894 0.18447364 42.90003158
  jla_mock 0.643646 42.76504257 0.24392132 42.99587363
  jla_mock 1.002795 44.56082253 0.33216844 44.17412957
  jla_mock 0.470586 42.08003086 0.14420733 42.17805785
  jla_mock 0.610643 42.97257654 0.15877872 42.85735575
  jla_mock 0.263487 40.74339712 0.12804977 40.71059074
  jla_mock 0.358336 41.36029290 0.12918713 41.48045687
  jla_mock 0.742697 43.66825296 0.25908753 43.37426971
  jla_mock 0.451556 42.13033163 0.11538935 42.07145547
  jla_mock 0.910752 44.41875529 0.26164869 43.91705349
  jla_mock 0.552605 42.78516581 0.15821060 42.59574777
  jla_mock 0.337534 41.33944440 0.12813367 41.32918083
  jla_mock 0.750681 43.54454324 0.24281434 43.40263657
  jla_mock 0.983777 44.24599823 0.34665096 44.12297525
  jla_mock 0.822697 43.96132258 0.22175759 43.64609281
  jla_mock 0.813696 43.38545417 0.24256727 43.61677497
  jla_mock 0.950763 43.69292797 0.26472927 44.03181349
  jla_mock 0.817732 43.32804199 0.24643394 43.62994659
  jla_mock 0.340520 41.49305280 0.12574260 41.35156774
  jla_mock 0.960751 43.77294525 0.28766046 44.05969252
  jla_mock 0.810720 44.04989680 0.27275574 43.60706270
  jla_mock 0.756687 43.19254526 0.24755189 43.42379562
  jla_mock 0.611252 43.13201188 0.18572910 42.85996836
  jla_mock 0.877971 43.86405982 0.22378685 43.81925155
  jla_mock 0.548325 42.42450485 0.14258079 42.57535592
  jla_mock 0.809032 43.58122856 0.23222084 43.60155386
  jla_mock 1.028800 44.31776094 0.28337345 44.24255906
  jla_mock 0.627239 42.59188863 0.17555461 42.92789070
  jla_mock 0.422452 41.81568385 0.15606690 41.90009559
  jla_mock 0.933900 44.18812300 0.34999950 43.98400344
  jla_mock 0.701158 43.04128110 0.22740618 43.22185379
  jla_mock 0.697164 43.22853225 0.20952266 43.20674812
  jla_mock 0.685179 43.45065461 0.27044472 43.16089914
  jla_mock 0.767075 43.64049088 0.25233801 43.45996521
  jla_mock 0.931901 44.08355406 0.25136810 43.97828133
  jla_mock 0.863978 44.06108546 0.24510246 43.77643514
  jla_mock 0.749100 42.94748534 0.22590126 43.39706674
  jla_mock 0.514353 42.38686638 0.15357466 42.40865279
  jla_mock 0.468406 42.11308979 0.11440416 42.16613949
  jla_mock 0.470398 42.32864544 0.15654577 42.17703003
  jla_mock 0.958871 44.01644481 0.27681249 44.05446029
  jla_mock 0.927909 44.16627324 0.29724149 43.96685429
  jla_mock 0.840522 43.56494986 0.21913135 43.70310328
  jla_mock 0.630699 42.83060883 0.17083127 42.94239637
  jla_mock 0.562751 42.67632623 0.14440652 42.64332481
  jla_mock 0.615698 42.99953886 0.16969222 42.87904165
  jla_mock 0.828528 43.85758021 0.22446355 43.66483979
  jla_mock 0.564741 42.63811346 0.16042692 42.65249802
  jla_mock 0.578745 42.87419671 0.14758356 42.71657591
  jla_mock 0.557743 42.28302109 0.15831963 42.61984109
  jla_mock 0.864497 43.84102324 0.22870035 43.77803148
  jla_mock 0.735608 43.34068458 0.23468503 43.34890124
  jla_mock 0.858507 44.27841365 0.28336591 43.75954157
  jla_mock 0.261984 40.59727574 0.10443414 40.69650477
  jla_mock 0.585743 43.05430497 0.18660838 42.74814872
  jla_mock 0.761580 43.44492987 0.21598834 43.44090475
  jla_mock 0.488800 42.40175413 0.11155101 42.27645931
  jla_mock 0.858516 43.47855482 0.27431051 43.75956966
  jla_mock 0.688656 43.15335173 0.18053033 43.17429244
  jla_mock 0.558743 42.88986594 0.15491557 42.62453033
  jla_mock 0.324532 41.25441152 0.12601850 41.23031081
  jla_mock 0.480704 42.40511585 0.10839252 42.23310364
  jla_mock 0.185371 39.77800301 0.13095679 39.85267084
  jla_mock 0.922221 43.70241256 0.33854809 43.95042459
  jla_mock 0.681942 43.16623706 0.19640351 43.14834773
  jla_mock 0.475707 42.44836400 0.10811298 42.20605508
  jla_mock 0.922210 43.54159719 0.27644363 43.95039265
  jla_mock 0.893183 43.86374642 0.25783329 43.86505298
  jla_mock 0.428646 41.99136763 0.14143599 41.93756341
  jla_mock 0.631882 43.13922303 0.23474045 42.94730012
  jla_mock 0.699960 43.35281257 0.25834877 43.21735709
  jla_mock 0.736007 43.09440235 0.26468680 43.35032909
  jla_mock 0.575823 42.65188395 0.15953941 42.70336060
  jla_mock 0.418633 41.84048061 0.10651651 41.87691426
  jla_mock 0.511746 42.29555045 0.12000546 42.39547784
  jla_mock 0.535771 42.53109043 0.12653138 42.51490290
  jla_mock 0.641893 43.09755063 0.21547239 42.98872907
  jla_mock 0.734996 43.72726158 0.22720400 43.34671116
  jla_mock 0.351560 41.28270948 0.13079492 41.43213142
  jla_mock 0.609860 43.10302142 0.17401244 42.85399669
  jla_mock 0.349557 41.49277928 0.13436921 41.41771171
  jla_mock 0.701969 43.13938450 0.18819535 43.22489789
  jla_mock 0.355261 41.46100537 0.10427939 41.45852641
  jla_mock 0.983280 44.08673873 0.25756994 44.12162996
  jla_mock 0.872152 43.94268846 0.26597542 43.80157672
  jla_mock 0.759030 43.44283314 0.20819082 43.43204997
  jla_mock 0.926220 44.07642682 0.24599386 43.96201956
  jla_mock 0.643642 42.87691810 0.22846121 42.99585733
  jla_mock 0.419569 41.70580936 0.13772753 41.88259578
  jla_mock 0.515587 42.29198796 0.20313602 42.41488903
  jla_mock 0.890729 43.94441358 0.21057911 43.85772092
  jla_mock 0.805696 43.43201424 0.22987004 43.59050885
  jla_mock 0.480568 42.45469736 0.10874993 42.23237487
  jla_mock 0.800697 43.65446436 0.24546005 43.57394667
  jla_mock 0.580604 42.77580665 0.18881444 42.72498360
  jla_mock 0.715652 43.14000833 0.24396561 43.27597318
  jla_mock 0.805695 43.65845988 0.23276535 43.59050554
  jla_mock 0.766684 43.18600526 0.25283777 43.45860895
  jla_mock 0.664638 43.28044909 0.19578546 43.08055024
  jla_mock 0.901736 43.75026674 0.25190507 43.89049989
  jla_mock 0.745665 43.37887378 0.21142864 43.38489089
  jla_mock 0.718680 43.40828236 0.20380008 43.28715794
  jla_mock 0.736690 43.18434335 0.19636251 43.35277325
  jla_mock 0.579600 42.71760886 0.12084594 42.72044282
  jla_mock 0.370531 41.68411855 0.10256736 41.56537377
  jla_mock 0.960740 44.04179151 0.23956115 44.05966190
  jla_mock 0.850729 44.32776398 0.21179952 43.73526472
  jla_mock 0.648640 42.94027014 0.19254569 43.01622729
  jla_mock 0.219462 40.22797509 0.13036783 40.26165884
  jla_mock 0.936755 44.08786223 0.24129989 43.99217583
  jla_mock 0.647639 42.92306207 0.17876349 43.01214759
  jla_mock 0.461564 42.16250595 0.13341110 42.12801602
  jla_mock 0.600603 42.64955698 0.17945434 42.81380214
  jla_mock 0.670654 43.40742484 0.23100742 43.10426437
  jla_mock 0.760698 43.45837537 0.20946016 43.43784537
  jla_mock 0.246492 40.48846349 0.13212126 40.54611375
  jla_mock 0.470573 42.15945548 0.14759396 42.17798678
  jla_mock 0.169455 39.63353531 0.11209573 39.63714984
  jla_mock 0.497379 42.26769346 0.12912927 42.32153052
  jla_mock 0.638234 42.96486849 0.19688575 42.97363029
  jla_mock 0.507371 42.42123733 0.14542671 42.37316793
  jla_mock 0.535327 42.54575239 0.14229510 42.51274244
  jla_mock 0.587285 42.80742440 0.16639385 42.75499974
  jla_mock 0.773081 43.61794118 0.25620999 43.48071408
  jla_mock 0.699166 43.06054352 0.22210270 43.21437680
  jla_mock 0.370511 41.54834851 0.12736057 41.56523783
  jla_mock 0.761089 43.39139234 0.22808946 43.43920163
  jla_mock 0.699169 43.11425113 0.21959570 43.21438806
  jla_mock 0.788060 43.50091008 0.19242158 43.53165972
  jla_mock 0.373513 41.55705871 0.13202741 41.58564233
  jla_mock 0.405478 42.02310235 0.13198879 41.79507834
  jla_mock 0.852994 43.80736272 0.25729076 43.74233429
  jla_mock 0.808048 43.68034282 0.24185374 43.59830126
  jla_mock 0.603272 42.69922723 0.18397635 42.82545340
  jla_mock 0.583290 42.39537859 0.17902789 42.73713156
  jla_mock 0.534335 42.64824875 0.14774220 42.50791545
  jla_mock 0.720140 43.57125241 0.24070231 43.29255086
  jla_mock 0.400485 41.85946646 0.21060605 41.76340376
  jla_mock 0.837004 44.12579330 0.21502566 43.69195956
  jla_mock 0.371508 41.69894525 0.10193219 41.57201440
  jla_mock 0.806041 43.93236147 0.25907683 43.59165187
  jla_mock 0.840005 44.09584441 0.23506835 43.70146561
  jla_mock 0.500728 42.13064189 0.12981336 42.33894272
  jla_mock 0.532765 42.46305070 0.17422186 42.50027598
  jla_mock 0.533766 42.52842119 0.18215335 42.50514675
  jla_mock 0.932229 44.22995802 0.34152943 43.97922023
  jla_mock 0.822103 43.50314127 0.25790730 43.64418307
  jla_mock 0.553797 42.68165590 0.13544877 42.60133735
  jla_mock 0.125298 38.77051485 0.13709229 38.92231622
  jla_mock 0.842123 43.33446217 0.28302626 43.70817465
  jla_mock 0.443668 41.99545955 0.15186631 42.02604866
  jla_mock 0.727675 42.85439460 0.24978201 43.32010216
  jla_mock 0.683659 43.34784539 0.41253064 43.15500537
  jla_mock 0.442548 41.93676984 0.13367762 42.01953486
  jla_mock 0.726679 43.37461816 0.20021505 43.31648122
  jla_mock 0.282510 40.75053258 0.12747632 40.88348566
  jla_mock 0.404549 41.74294518 0.12965359 41.78918496
  jla_mock 0.519611 42.63125326 0.13964385 42.43522504
  jla_mock 0.690652 43.15308929 0.23214813 43.18190663
  jla_mock 1.060801 44.30632830 0.27869308 44.32447227
  jla_mock 0.576612 42.73220251 0.15376326 42.70692901
  jla_mock 0.268489 40.57894683 0.12614174 40.75741813
  jla_mock 0.720680 42.70347140 0.25106936 43.29454550
  jla_mock 0.250498 40.64395841 0.13111277 40.58610363
  jla_mock 0.760691 43.52409507 0.27664014 43.43782109
  jla_mock 0.698167 42.84364033 0.26129048 43.21057429
  jla_mock 0.550315 42.40133724 0.16854352 42.58486067
  jla_mock 0.730128 43.34194823 0.23524622 43.32902000
  jla_mock 0.847985 43.65808843 0.24702775 43.72670010
  jla_mock 0.997826 43.96670977 0.24705649 44.16086339
  jla_mock 0.435446 42.02270179 0.13052406 41.97795969
  jla_mock 0.409470 41.67684734 0.12922369 41.82018436
  jla_mock 0.301590 40.96093890 0.12598595 41.04647939
  jla_mock 1.299106 44.38831667 0.19340708 44.86649555
  jla_mock 1.020807 44.43277875 0.23668119 44.22175183
  jla_mock 0.839734 43.40549292 0.19264717 43.70060719
  jla_mock 1.120850 44.61234406 0.20807086 44.47175959
  jla_mock 1.230892 44.51283821 0.23900250 44.72227987
  jla_mock 0.974230 44.24129816 0.18427047 44.09690728
  jla_mock 0.970782 43.87449804 0.33863365 44.08744397
  jla_mock 0.064229 37.55625953 0.15072784 37.38125426
  jla_mock 0.129030 39.26501913 0.16416611 38.99103288
  jla_mock 0.102890 38.73596777 0.14983539 38.46320916
  jla_mock 0.044130 36.17797823 0.17359564 36.53640119
  jla_mock 0.113040 38.64900530 0.15276523 38.68140463
  jla_mock 0.256110 40.90804978 0.20496122 40.64044730
  jla_mock 0.380260 41.38657525 0.28702753 41.63127303
  jla_mock 0.145470 39.49272711 0.16218924 39.27385898
  jla_mock 0.088890 38.12838731 0.14636771 38.12524312
  jla_mock 0.260590 40.82767347 0.18294429 40.68344034
  jla_mock 0.078910 37.91990566 0.15602647 37.85079369
  jla_mock 0.083040 38.14703193 0.15331705 37.96757382
  jla_mock 0.165650 39.85816852 0.13854363 39.58315350
  jla_mock 0.168170 39.67384862 0.16196037 39.61913704
  jla_mock 0.170630 39.64306105 0.16520984 39.65362070
  jla_mock 0.170280 39.66923968 0.17035518 39.64871449
  jla_mock 0.120440 38.66468132 0.15109792 38.82967597
  jla_mock 0.276530 40.86968397 0.21443501 40.83052825
  jla_mock 0.231600 40.42360685 0.18253328 40.39327881
  jla_mock 0.305690 41.41434705 0.26735001 41.08031431
  jla_mock 0.079970 38.00322188 0.16566195 37.88231469
  jla_mock 0.174150 39.54424077 0.15831009 39.70296318
  jla_mock 0.138680 39.25878589 0.16604939 39.16075605
  jla_mock 0.146070 39.08743376 0.16391832 39.28355706
  jla_mock 0.081330 37.89390507 0.14393418 37.92106160
  jla_mock 0.233800 40.38495030 0.17178002 40.41664409
  jla_mock 0.256550 40.32362139 0.17733386 40.64470129
  jla_mock 0.245620 40.35536216 0.20041043 40.53740902
  jla_mock 0.125930 38.95216699 0.19132506 38.93436823
  jla_mock 0.223510 40.25374842 0.21582750 40.30640047
  jla_mock 0.102640 38.43941420 0.14663754 38.45739969
  jla_mock 0.119670 39.10159582 0.14566661 38.81499236
  jla_mock 0.180550 39.63850653 0.16851019 39.78925613
  jla_mock 0.197090 40.11459153 0.17389574 40.00058301
  jla_mock 0.229160 40.31943010 0.19939442 40.36723751
  jla_mock 0.264510 40.77593305 0.19876199 40.72017820
  jla_mock 0.103370 38.28570682 0.12264053 38.47436335
  jla_mock 0.364410 41.43422927 0.23042794 41.52297770
  jla_mock 0.205600 40.04598738 0.15584351 40.10300055
  jla_mock 0.179810 39.84963026 0.19620482 39.77932421
  jla_mock 0.199590 40.23964080 0.18224440 40.03149756
  jla_mock 0.156530 39.46410343 0.15012954 39.44792878
  jla_mock 0.161800 39.65292456 0.14760764 39.52668171
  jla_mock 0.209530 40.58585669 0.20608020 40.14907809
  jla_mock 0.241790 40.78417434 0.19813238 40.49907425
  jla_mock 0.236460 40.36362042 0.16266354 40.44408642
  jla_mock 0.226680 40.23190799 0.21050732 40.34076930
  jla_mock 0.296780 41.20022450 0.19716042 41.00636879
  jla_mock 0.208520 40.43991032 0.16317028 40.13750389
  jla_mock 0.251040 40.73607756 0.22085837 40.59142971
  jla_mock 0.250120 40.50604203 0.17967388 40.58233025
  jla_mock 0.117710 38.76902812 0.14551100 38.77612598
  jla_mock 0.219710 40.56838139 0.16999397 40.26439993
  jla_mock 0.149010 39.53560525 0.14890457 39.33107762
  jla_mock 0.287420 41.06255018 0.18840122 40.92649529
  jla_mock 0.143600 39.15830364 0.16639625 39.24363332
  jla_mock 0.328370 41.37870052 0.19601268 41.25983598
  jla_mock 0.246250 40.55250612 0.16506508 40.54369799
  jla_mock 0.119660 38.66816321 0.15026680 38.81480166
  jla_mock 0.328380 41.26224916 0.27642285 41.25991291
  jla_mock 0.215130 40.06912032 0.18366862 40.21325182
  jla_mock 0.144780 39.41643630 0.13616902 39.26270620
  jla_mock 0.132430 39.07922615 0.12839376 39.05220730
  jla_mock 0.210820 40.20434123 0.16235031 40.16386096
  jla_mock 0.203990 40.49847962 0.15780808 40.08384780
  jla_mock 0.279520 41.14243988 0.16701092 40.85709122
  jla_mock 0.044280 36.52199021 0.15509722 36.54352732
  jla_mock 0.180370 39.68836183 0.15078404 39.78684026
  jla_mock 0.260700 40.55735429 0.18972170 40.68447125
  jla_mock 0.056540 37.29764899 0.18696980 37.09160151
  jla_mock 0.212600 40.38700631 0.19194689 40.18425904
  jla_mock 0.369410 41.56487694 0.23700047 41.55775436
  jla_mock 0.173860 39.73431727 0.13051969 39.69889803
  jla_mock 0.142650 38.96208350 0.16862649 39.22827803
  jla_mock 0.177890 40.09186577 0.17323466 39.75355491
  jla_mock 0.328370 41.12421357 0.20656404 41.25983598
  jla_mock 0.253510 41.16294091 0.19560920 40.61531008
  jla_mock 0.300010 41.04438784 0.19320267 41.03330377
  jla_mock 0.105890 38.55109001 0.14607715 38.52910106
  jla_mock 0.223280 39.96069220 0.16843887 40.30385834
  jla_mock 0.118450 38.68593500 0.12252294 38.79113535
  jla_mock 0.176530 39.69294428 0.17118858 39.73530166
  jla_mock 0.182800 39.86259187 0.18906536 39.81945453
  jla_mock 0.297620 40.75602598 0.22708191 41.01337355
  jla_mock 0.196990 40.38516273 0.16336648 39.99934643
  jla_mock 0.152950 39.41763907 0.14755004 39.39286806
  jla_mock 0.248500 40.41794362 0.17447627 40.56615860
  jla_mock 0.138180 39.10523053 0.12408786 39.15224127
  jla_mock 0.207040 40.25515592 0.17044837 40.12013097
  jla_mock 0.214680 40.41003344 0.18059604 40.20809500
  jla_mock 0.306320 41.25776695 0.21502986 41.08542547
  jla_mock 0.246950 40.79338895 0.17120148 40.55068574
  jla_mock 0.198010 39.94054076 0.14489973 40.01195956
  jla_mock 0.222560 40.35915376 0.15195110 40.29590034
  jla_mock 0.135080 39.25634628 0.15130600 39.09944962
  jla_mock 0.210540 39.98430813 0.18260591 40.16065228
  jla_mock 0.272580 40.97330270 0.16910743 40.79461419
  jla_mock 0.246600 40.48514444 0.16168519 40.54719186
  jla_mock 0.220680 40.21033959 0.19428942 40.27512112
  jla_mock 0.274470 40.83891728 0.19147108 40.81179838
  jla_mock 0.176560 39.88502808 0.15540451 39.73570430
  jla_mock 0.310880 41.45650185 0.22015615 41.12242051
  jla_mock 0.184350 39.73905871 0.17307932 39.83952780
  jla_mock 0.159350 39.41419043 0.14827050 39.49074512
  jla_mock 0.219760 40.36503423 0.16604587 40.26495257
  jla_mock 0.252050 40.64375234 0.18410044 40.60119456
  jla_mock 0.181220 39.66242180 0.14940352 39.79824854
  jla_mock 0.173730 39.71235971 0.13336424 39.69707572
  jla_mock 0.380470 41.84996493 0.24246083 41.63266739
  jla_mock 0.178650 39.62729062 0.17172186 39.76375526
  jla_mock 0.245680 40.75329663 0.18910008 40.53800797
  jla_mock 0.209100 40.09894428 0.16102286 40.14415046
  jla_mock 0.249470 40.63009803 0.20970726 40.57584163
  jla_mock 0.133920 38.95635924 0.16606211 39.07901608
  jla_mock 0.177060 39.70058764 0.16039966 39.74241506
  jla_mock 0.281110 40.61179082 0.18775324 40.87112706
  jla_mock 0.173830 39.70331029 0.15186906 39.69847750
  jla_mock 0.196540 39.93815778 0.16513423 39.99378181
  jla_mock 0.363970 41.37990468 0.22724835 41.51991492
  jla_mock 0.378350 41.55401087 0.26733097 41.61851927
  jla_mock 0.316460 41.07668936 0.21038880 41.16699585
  jla_mock 0.183220 39.69872255 0.13519430 39.82498164
  jla_mock 0.241020 40.34987489 0.16773658 40.49113042
  jla_mock 0.202030 40.10726100 0.19953174 40.06053140
  jla_mock 0.168690 39.63954654 0.16511959 39.62642627
  jla_mock 0.197940 40.26631888 0.17492454 40.01109396
  jla_mock 0.122760 38.84153218 0.14574653 38.87391751
  jla_mock 0.203180 40.14150582 0.16105255 40.07421194
  jla_mock 0.127390 39.21162538 0.14895509 38.96152523
  jla_mock 0.275490 41.05212528 0.19972760 40.82107239
  jla_mock 0.144680 39.30839393 0.14721731 39.26108985
  jla_mock 0.334360 41.39819840 0.24977783 41.30538443
  jla_mock 0.195800 40.08986958 0.15392559 39.98463111
  jla_mock 0.193920 39.70586303 0.16374737 39.96138337
  jla_mock 0.249730 40.61630595 0.18580683 40.57843707
  jla_mock 0.148600 39.44945637 0.14879989 39.32445060
  jla_mock 0.155960 39.41411461 0.14872192 39.43916213
  jla_mock 0.095820 38.21449622 0.15034816 38.29891732
  jla_mock 0.150650 39.62826174 0.15872946 39.35749386
  jla_mock 0.309330 40.92520771 0.24715745 41.10984544
  jla_mock 0.248570 40.31933817 0.17340396 40.56685738
  jla_mock 0.365540 41.45751512 0.24311996 41.53084345
  jla_mock 0.117710 38.91279240 0.12847626 38.77612598
  jla_mock 0.191760 40.07143716 0.14428474 39.93467320
  jla_mock 0.182550 39.74246492 0.16171197 39.81609915
  jla_mock 0.234720 40.33156200 0.18444964 40.42613542
  jla_mock 0.246470 40.62973195 0.19927669 40.54589414
  jla_mock 0.288450 40.97046492 0.18873457 40.93532948
  jla_mock 0.209600 40.05427339 0.19927022 40.14988026
  jla_mock 0.191980 39.81688101 0.17965405 39.93739368
  jla_mock 0.114020 38.88122976 0.12215388 38.70128192
  jla_mock 0.113890 38.39347462 0.18397194 38.69864513
  jla_mock 0.198800 39.99034399 0.20967258 40.02172856
  jla_mock 0.220580 39.65700034 0.22796022 40.27401584
  jla_mock 0.182570 39.84656889 0.16453718 39.81636758
  jla_mock 0.158950 39.53039190 0.16372575 39.48487792
  jla_mock 0.078490 37.64098714 0.14911597 37.83830424
  jla_mock 0.138640 39.13492843 0.13217046 39.16007487
  jla_mock 0.180790 39.78409849 0.15445548 39.79247729
  jla_mock 0.177570 40.07671256 0.18629282 39.74926003
  jla_mock 0.170660 39.84054845 0.16102003 39.65404123
  jla_mock 0.233810 40.54879849 0.20858516 40.41674726
  jla_mock 0.071530 37.75632588 0.17410666 37.62633113
  jla_mock 0.154630 39.40942984 0.18791656 39.41870661
  jla_mock 0.090100 38.31401310 0.15950858 38.15556956
  jla_mock 0.176580 40.06249996 0.20448697 39.73597273
  jla_mock 0.130450 39.09639008 0.16440638 39.01658220
  jla_mock 0.182040 40.15656814 0.17166998 39.80925418
  jla_mock 0.256170 40.57936837 0.17261330 40.64102739
  jla_mock 0.138110 39.28081770 0.14854031 39.15104920
  jla_mock 0.170700 39.59943429 0.16749506 39.65460194
  jla_mock 0.216740 40.18220415 0.14793120 40.23157319
  jla_mock 0.245550 40.77358499 0.17887642 40.53671024
  jla_mock 0.143820 39.29595917 0.16709807 39.24718928
  jla_mock 0.248620 40.34145492 0.18856198 40.56735650
  jla_mock 0.145330 39.12670345 0.17138622 39.27159610
  jla_mock 0.135880 39.14767305 0.12760365 39.11307327
  jla_mock 0.058740 37.25430902 0.12754402 37.18054381
  jla_mock 0.036520 36.04992076 0.15191506 36.11467233
  jla_mock 0.277490 40.81031536 0.22703402 40.83917126
  jla_mock 0.205150 40.02944244 0.29701418 40.09764730
  jla_mock 0.280510 41.04746697 0.20078942 40.86583052
  jla_mock 0.198670 39.99758362 0.16215673 40.02012100
  jla_mock 0.159990 39.34418419 0.15164286 39.50013264
  jla_mock 0.210750 40.08350245 0.18113105 40.16305879
  jla_mock 0.071950 37.69464864 0.17245857 37.64010622
  jla_mock 0.237820 40.25002984 0.19074175 40.45811709
  jla_mock 0.141390 39.16649059 0.17359013 39.20690618
  jla_mock 0.155060 39.28632636 0.15760876 39.42532005
  jla_mock 0.370130 41.63270833 0.22886799 41.56264818
  jla_mock 0.093910 38.29048366 0.17056414 38.25106025
  jla_mock 0.118630 38.69575285 0.17057943 38.79478628
  jla_mock 0.153630 39.32855675 0.15381057 39.40332652
  jla_mock 0.253560 40.68262983 0.16809525 40.61579348
  jla_mock 0.107250 38.66690801 0.14420228 38.55855910
  jla_mock 0.129610 39.11378001 0.15302154 39.00146852
  jla_mock 0.266650 40.78258102 0.19376454 40.74023408
  jla_mock 0.212260 39.98800043 0.16262819 40.18036278
  jla_mock 0.278220 40.85259619 0.18167466 40.84561538
  jla_mock 0.245400 40.64169678 0.16811689 40.53521287
  jla_mock 0.133620 39.16718921 0.15059378 39.07361834
  jla_mock 0.176560 39.55990443 0.16208219 39.73570430
  jla_mock 0.113680 38.63834471 0.14584429 38.69438572
  jla_mock 0.320380 41.46837565 0.26368273 41.19795536
  jla_mock 0.112710 38.69529474 0.12253270 38.67471126
  jla_mock 0.106020 38.51390058 0.14472955 38.53191691
  jla_mock 0.391350 41.54061313 0.26610488 41.70446868
  jla_mock 0.155750 39.18934750 0.14611530 39.43593231
  jla_mock 0.186670 40.17194112 0.16762102 39.86939250
  jla_mock 0.196710 39.89564767 0.16669908 39.99588400
  jla_mock 0.191910 40.12280225 0.17339098 39.93652807
  jla_mock 0.190840 39.99388986 0.15087610 39.92307171
  jla_mock 0.176250 39.63608805 0.15361286 39.73154363
  jla_mock 0.128370 39.07895208 0.15035584 38.97915785
  jla_mock 0.122620 38.76461962 0.14734428 38.87124776
  jla_mock 0.127150 38.90109637 0.14706216 38.95720703
  jla_mock 0.213230 39.97633788 0.17620944 40.19147859
  jla_mock 0.218610 40.29466259 0.18110338 40.25224188
  jla_mock 0.268560 40.64221893 0.19152223 40.75806368
  jla_mock 0.204660 40.07216951 0.16518790 40.09181820
  jla_mock 0.267100 40.53405697 0.17377576 40.74445143
  jla_mock 0.217570 40.17089653 0.17264916 40.24074699
  jla_mock 0.241850 40.50977804 0.17151433 40.49969325
  jla_mock 0.293500 41.25133950 0.20071643 40.97864273
  jla_mock 0.353460 41.22335715 0.23113786 41.44568194
  jla_mock 0.185630 40.21856310 0.15494760 39.85600487
  jla_mock 0.285430 41.10234090 0.19928385 40.90926217
  jla_mock 0.194940 40.11023375 0.16836015 39.97399650
  jla_mock 0.075920 37.72520030 0.14499851 37.76188071
  jla_mock 0.163570 39.53745400 0.15777754 39.55264407
  jla_mock 0.257210 40.54602371 0.20821329 40.65108228
  jla_mock 0.219550 40.29430497 0.18725136 40.26263149
  jla_mock 0.175580 39.65291330 0.15163366 39.72255122
  jla_mock 0.226670 40.29681495 0.18608202 40.34066257
  jla_mock 0.153220 39.39341301 0.15082218 39.39702068
  jla_mock 0.210250 40.15201274 0.19550076 40.15732899
  jla_mock 0.121640 38.67249693 0.12361443 38.85255952
  jla_mock 0.291350 41.22302364 0.19904915 40.96020244
  jla_mock 0.294480 41.21681284 0.27859702 40.98704807
  jla_mock 0.164550 39.60656080 0.12599124 39.56701870
  jla_mock 0.307020 41.33937909 0.20906564 41.09110453
  jla_mock 0.198630 40.26047227 0.16157737 40.01962637
  jla_mock 0.268210 40.54663772 0.21539519 40.75485425
  jla_mock 0.401280 41.65930826 0.24823001 41.76844708
  jla_mock 0.136680 38.99810298 0.15334431 39.12669692
  jla_mock 0.295420 40.61541802 0.24720467 40.99502774
  jla_mock 0.291920 41.03053783 0.19219946 40.96509126
  jla_mock 0.090070 37.88457094 0.12096556 38.15481767
  jla_mock 0.205570 39.83057931 0.18292629 40.10264367
  jla_mock 0.145820 39.25138355 0.14934529 39.27951619
  jla_mock 0.117670 38.56025716 0.14486540 38.77531466
  jla_mock 0.054990 37.23576970 0.14997934 37.02755570
  jla_mock 0.174200 39.76722406 0.15142908 39.70366406
  jla_mock 0.244950 40.79720768 0.18020903 40.53072075
  jla_mock 0.224520 39.93686380 0.18249954 40.31756378
  jla_mock 0.245580 40.66275462 0.16228277 40.53700972
  jla_mock 0.283510 40.71489379 0.21250233 40.89231323
  jla_mock 0.180560 39.68628678 0.17619167 39.78939034
  jla_mock 0.103910 38.61061363 0.12352191 38.48621362
  jla_mock 0.129610 39.25464745 0.15326847 39.00146852
  jla_mock 0.243520 40.45070415 0.16045597 40.51644578
  jla_mock 0.331360 40.95562879 0.26935111 41.28283761
  jla_mock 0.243480 40.14715854 0.19048000 40.51604648
  jla_mock 0.314680 41.22698933 0.17577640 41.15293771
  jla_mock 0.218650 40.31547147 0.18935500 40.25268399
  jla_mock 0.260140 40.59416921 0.21925656 40.67922298
  jla_mock 0.282430 40.56513396 0.19830733 40.88277946
  jla_mock 0.300410 40.83854984 0.20581539 41.03663937
  jla_mock 0.151860 39.09490336 0.14864409 39.37610376
  jla_mock 0.263570 40.58511682 0.18936772 40.71136861
  jla_mock 0.213820 40.00634971 0.20621233 40.19823975
  jla_mock 0.162840 39.44314524 0.16761662 39.54193643
  jla_mock 0.124400 39.30867133 0.17140549 38.90519170
  jla_mock 0.194650 40.04053667 0.13938689 39.97041042
  jla_mock 0.205540 39.76578270 0.18299408 40.10228679
  jla_mock 0.106670 38.57832022 0.14588621 38.54599612
  jla_mock 0.187720 39.85486565 0.18724598 39.88290884
  jla_mock 0.163870 39.52816926 0.15682059 39.55704447
  jla_mock 0.290210 40.87189326 0.19470283 40.95042479
  jla_mock 0.094010 38.21941715 0.12497638 38.25356657
  jla_mock 0.227860 40.40986355 0.18009820 40.35336304
  jla_mock 0.107510 38.61139277 0.14764565 38.56419079
  jla_mock 0.310650 40.72140503 0.22259423 41.12055454
  jla_mock 0.145640 39.21669641 0.15575872 39.27660677
  jla_mock 0.087840 37.93052360 0.12609586 38.09813443
  jla_mock 0.148390 39.15956321 0.15572534 39.32105628
  jla_mock 0.286620 40.79130009 0.19365541 40.91963379
  jla_mock 0.122810 38.95743029 0.13329108 38.87487099
  jla_mock 0.186550 39.75140723 0.20280242 39.86784777
  jla_mock 0.128930 38.98485096 0.15503539 38.98923364
  jla_mock 0.194220 39.93760801 0.16863568 39.96509311
  jla_mock 0.148000 39.07523715 0.14676099 39.31475253
  jla_mock 0.211790 40.07470509 0.22866165 40.17497677
  jla_mock 0.179620 39.81216722 0.17351314 39.77677412
  jla_mock 0.263490 41.16735881 0.18130204 40.71061886
  jla_mock 0.192150 39.97888375 0.15956887 39.93949587
  jla_mock 0.338800 41.29850263 0.22987627 41.33867240
  jla_mock 0.117410 38.63907060 0.14766783 38.77004109
  jla_mock 0.143100 39.11068118 0.16841647 39.23555159
  jla_mock 0.160350 39.41961118 0.13218212 39.50541312
  jla_mock 0.288720 40.72164059 0.21129560 40.93764524
  jla_mock 0.123030 38.92617998 0.15464992 38.87906631
  jla_mock 0.264050 40.63731747 0.18533646 40.71586713
  jla_mock 0.126080 39.07242861 0.17182656 38.93722867
  jla_mock 0.173740 39.85874791 0.14981160 39.69721590
  jla_mock 0.164400 39.47839047 0.14972618 39.56481851
  jla_mock 0.249610 40.40046084 0.16242204 40.57723917
  jla_mock 0.159990 39.54411162 0.15136580 39.50013264
  jla_mock 0.244480 40.62851897 0.15150476 40.52602897
  jla_mock 0.248510 40.60850802 0.17707716 40.56625843
  jla_mock 0.228930 40.06901747 0.16847625 40.36478279
  jla_mock 0.085280 38.21315085 0.14384543 38.02850211
  jla_mock 0.062818 37.22552826 0.14854713 37.32965972
  jla_mock 0.277450 41.33649203 0.23370164 40.83881815
  jla_mock 0.275440 40.86078465 0.21508178 40.82061778
  jla_mock 0.330510 41.42788037 0.21087893 41.27629868
  jla_mock 0.361930 41.65497855 0.24565378 41.50571480
  jla_mock 0.331030 41.28776729 0.21800830 41.28029897
  jla_mock 0.160500 39.68232826 0.12714994 39.50761332
  jla_mock 0.300210 41.28533763 0.20430208 41.03497157
  jla_mock 0.116350 38.72784802 0.12231010 38.74854117
  jla_mock 0.218290 40.14318040 0.16062208 40.24870499
  jla_mock 0.119670 38.72416674 0.12046332 38.81499236
  jla_mock 0.154730 39.51043946 0.12395445 39.42024462
  jla_mock 0.178100 39.73432339 0.16562813 39.75637343
  jla_mock 0.250370 40.50083669 0.16560962 40.58482587
  jla_mock 0.251740 40.55312397 0.14466362 40.59819743
  jla_mock 0.129530 39.31149339 0.14518911 39.00002912
  jla_mock 0.309290 41.01173554 0.18810950 41.10952092
  jla_mock 0.278520 40.66409639 0.17881943 40.84826365
  jla_mock 0.185810 39.64688699 0.13605911 39.85832196
  jla_mock 0.066510 37.63858870 0.17228058 37.46168597
  jla_mock 0.258000 40.96193486 0.18756945 40.65872012
  jla_mock 0.298880 41.24970888 0.21609463 41.02388070
  jla_mock 0.270440 40.96731926 0.22437165 40.77515695
  jla_mock 0.279160 40.71193824 0.17183675 40.85391330
  jla_mock 0.292870 40.90933095 0.21554431 40.97323930
  jla_mock 0.189650 39.95097224 0.15711153 39.90775318
  jla_mock 0.265760 40.66881176 0.19291042 40.73189308
  jla_mock 0.123760 38.98076384 0.14509081 38.89298713
  jla_mock 0.182550 39.55868798 0.14971699 39.81609915
  jla_mock 0.056340 36.94049475 0.14895035 37.08333754
  jla_mock 0.312880 41.14609321 0.18264477 41.13864641
  jla_mock 0.309150 41.13384775 0.22328713 41.10838511
  jla_mock 0.200610 40.05070049 0.15587566 40.04363891
  jla_mock 0.326400 40.92510606 0.20549386 41.24468106
  jla_mock 0.211630 40.19232726 0.13899445 40.17314324
  jla_mock 0.179690 39.58112887 0.15636245 39.77771363
  jla_mock 0.302400 41.17661995 0.19662226 41.05323399
  jla_mock 0.109240 38.86232638 0.14870399 38.60166315
  jla_mock 0.085220 38.00351694 0.15002378 38.02687010
  jla_mock 0.202310 39.87206040 0.16131988 40.06386231
  jla_mock 0.126490 38.75789851 0.15584855 38.94504722
  jla_mock 0.214570 40.15921537 0.16812914 40.20683444
  jla_mock 0.320450 41.31785585 0.19168742 41.19850820
  jla_mock 0.218350 40.33094503 0.17273249 40.24936815
  jla_mock 0.190100 40.26483990 0.15982384 39.91354590
  jla_mock 0.092430 38.19388716 0.15614025 38.21396675
  jla_mock 0.379860 41.57780101 0.18489314 41.62861712
  jla_mock 0.211340 39.97584967 0.16607978 40.16981995
  jla_mock 0.258330 40.39186361 0.18011571 40.66191062
  jla_mock 0.183270 39.79672431 0.16855779 39.82562527
  jla_mock 0.212950 40.43729113 0.17784935 40.18826990
  jla_mock 0.116510 39.09275314 0.15544019 38.75178644
  jla_mock 0.144010 39.31944636 0.17185674 39.25026033
  jla_mock 0.252490 40.51711574 0.18599877 40.60544855
  jla_mock 0.255390 40.79687232 0.21319916 40.63348622
  jla_mock 0.216980 40.57432071 0.18860575 40.23422585
  jla_mock 1.265901 45.12496102 0.22380442 44.79726150
  jla_mock 0.935774 43.87126467 0.22958872 43.98936774
  jla_mock 0.049519 36.37604143 0.20228994 36.79241934
  jla_mock 0.030325 35.78846227 0.18207848 35.69463564
  jla_mock 0.074579 37.49337842 0.21872943 37.72200368
  jla_mock 0.025198 35.18376935 0.22034080 35.27019548
  jla_mock 0.014411 33.92536936 0.20528439 34.03100129
  jla_mock 0.020792 34.78730861 0.19750056 34.84402582
  jla_mock 0.035218 36.01843270 0.20378488 36.02701442
  jla_mock 0.041657 36.51210172 0.21523275 36.40181746
  jla_mock 0.042400 36.78837023 0.20618664 36.44334925
  jla_mock 0.018902 34.42077175 0.18361956 34.61733569
  jla_mock 0.078840 37.74609796 0.21534076 37.84871212
  jla_mock 0.063345 37.37044146 0.20758765 37.34892997
  jla_mock 0.027637 35.46741873 0.23141589 35.48155629
  jla_mock 0.049325 36.64185313 0.21068097 36.78320287
  jla_mock 0.070153 37.54345344 0.22041411 37.58116850
  jla_mock 0.023909 35.18485942 0.18367797 35.15849228
  jla_mock 0.053126 36.74689399 0.22335947 36.95053545
  jla_mock 0.024951 35.35568659 0.18978288 35.24879075
  jla_mock 0.015664 34.29141240 0.20165316 34.22896394
  jla_mock 0.048984 36.49801043 0.15985830 36.76700280
  jla_mock 0.022399 34.95507311 0.18927946 35.02763749
  jla_mock 0.034854 35.98120037 0.23666209 36.00228810
  jla_mock 0.016966 34.48722574 0.20291443 34.38512824
  jla_mock 0.030721 35.91408088 0.18171781 35.72153570
  jla_mock 0.030482 35.28549874 0.18203752 35.70530056
  jla_mock 0.010550 33.44821001 0.21945028 33.27241718
  jla_mock 0.014256 33.88523959 0.17170736 34.00054790
  jla_mock 0.027688 35.64463123 0.18124529 35.48597589
  jla_mock 0.053860 36.87818827 0.15903793 36.98086424
  jla_mock 0.017672 34.49560945 0.19251135 34.46980720
  jla_mock 0.017450 34.39253407 0.17037052 34.44318011
  jla_mock 0.015573 34.13367458 0.20219934 34.21804923
  jla_mock 0.010060 33.25451439 0.23112569 33.17614517
  jla_mock 0.054931 37.19805343 0.18431298 37.02511783
  jla_mock 0.039083 36.67310985 0.16317419 36.25793746
  jla_mock 0.078317 37.57674974 0.18391968 37.83315978
  jla_mock 0.031764 35.90290299 0.15356487 35.79238611
  jla_mock 0.014440 33.54740328 0.22581465 34.03669902
  jla_mock 0.013533 33.76577037 0.22079334 33.85849757
  jla_mock 0.026677 35.53347862 0.19349962 35.39836385
  jla_mock 0.023360 34.77120411 0.17880596 35.11091660
  jla_mock 0.036934 36.29837739 0.19001518 36.13781387
  jla_mock 0.023552 35.00314155 0.17819828 35.12755509
  jla_mock 0.017483 34.26171640 0.19211831 34.44713819
  jla_mock 0.040259 36.04699585 0.17447686 36.32367284
  jla_mock 0.030381 35.90272385 0.20408145 35.69843968
  jla_mock 0.015504 34.23208654 0.20027602 34.20977324
  jla_mock 0.014151 33.96530270 0.18788306 33.97991818
  jla_mock 0.015487 34.03397713 0.18431337 34.20773422
  jla_mock 0.015554 34.49766929 0.19852180 34.21577033
  jla_mock 0.037075 35.98267409 0.15485493 36.14569541
  jla_mock 0.015482 34.38785951 0.20249750 34.20713452
  jla_mock 0.013324 33.68358508 0.18643777 33.81743462
  jla_mock 0.014575 33.93759324 0.20791179 34.06322294
  jla_mock 0.015791 34.25203477 0.19846605 34.24419655
  jla_mock 0.024746 35.53502356 0.17954713 35.23102570
  jla_mock 0.027748 35.67075405 0.17503344 35.49117542
  jla_mock 0.010888 33.70200231 0.25477943 33.33882522
  jla_mock 0.013652 33.91663919 0.18670962 33.88187792
  jla_mock 0.035755 36.09116862 0.16295663 36.06349253
  jla_mock 0.024725 35.34687818 0.17710562 35.22920587
  jla_mock 0.038086 36.13464213 0.17051564 36.20220772
  jla_mock 0.021541 35.08357104 0.17711857 34.93386228
  jla_mock 0.019581 34.94507151 0.17898631 34.69877622
  jla_mock 0.030416 35.46975187 0.17571774 35.70081721
  jla_mock 0.039219 36.22639120 0.17021381 36.26553951
  jla_mock 0.034971 35.97984902 0.15987848 36.01023585
  jla_mock 0.028561 35.54098232 0.17650121 35.56162903
  jla_mock 0.020997 34.75644605 0.18822756 34.86861390
  jla_mock 0.032538 36.08565854 0.18232286 35.84496350
  jla_mock 0.015469 34.08859638 0.19318910 34.20557527
  jla_mock 0.015678 34.23847806 0.20747940 34.23064312
  jla_mock 0.027499 35.42385455 0.15598630 35.46959738
  jla_mock 0.046856 36.54593508 0.17134850 36.66590675
  jla_mock 0.033173 36.01592319 0.18295753 35.88809870
  jla_mock 0.010291 32.88366931 0.23549671 33.22153055
  jla_mock 0.080103 37.96455693 0.17116407 37.88626968
  jla_mock 0.012317 33.50004660 0.20020781 33.61958582
  jla_mock 0.024586 35.23720829 0.20631378 35.21716029
  jla_mock 0.014467 34.38927514 0.20827809 34.04200380
  jla_mock 0.015154 33.92713432 0.18399751 34.16779358
  jla_mock 0.029086 35.21694109 0.17337203 35.60712490
  jla_mock 0.034781 36.26270490 0.17928903 35.99732925
  jla_mock 0.044920 36.69955942 0.14070569 36.57393215
  jla_mock 0.034074 35.81137684 0.16958177 35.94930313
  jla_mock 0.074870 37.55663883 0.14386215 37.73065708
  jla_mock 0.014960 34.24683622 0.19782876 34.13886523
  jla_mock 0.020396 34.73064788 0.17103812 34.79652884
  jla_mock 0.040689 36.14193893 0.17468105 36.34770874
  jla_mock 0.026567 35.38157002 0.18033141 35.38883138
  jla_mock 0.026881 35.63750840 0.15330990 35.41604224
  jla_mock 0.023471 35.20618301 0.17597781 35.12053573
  jla_mock 0.069122 37.59244843 0.19117659 37.54735393
  jla_mock 0.065193 37.54960018 0.15879632 37.41650383
  jla_mock 0.022980 35.00304052 0.17790505 35.07798626
  jla_mock 0.017387 34.60219115 0.19829162 34.43562377
  jla_mock 0.031485 35.88016708 0.15108749 35.77343379
  jla_mock 0.011184 33.37336805 0.19447979 33.39698137
  jla_mock 0.021956 34.65418675 0.17567209 34.98363815
  jla_mock 0.031484 35.61914225 0.15080691 35.77336586
  jla_mock 0.023321 35.36415576 0.20285194 35.10753691
  jla_mock 0.020390 34.76986067 0.18300723 34.79580919
  jla_mock 0.022466 35.09915903 0.18140785 35.03344363
  jla_mock 0.033614 35.79374187 0.18044129 35.91805559
  jla_mock 0.036969 36.21585137 0.17916902 36.13977028
  jla_mock 0.022629 35.14039554 0.18007478 35.04756902
  jla_mock 0.014700 33.83395412 0.18462322 34.08778212
  jla_mock 0.036950 36.12568249 0.14876338 36.13870823
  jla_mock 0.060959 37.28133329 0.12531329 37.26168363
  jla_mock 0.059289 37.08627468 0.12135718 37.20061851
  jla_mock 0.069751 37.39047504 0.15873536 37.56798377
  jla_mock 0.029526 35.55157837 0.17470465 35.64036001
  jla_mock 0.033255 35.67400696 0.17565362 35.89366892
  jla_mock 0.024159 35.31363213 0.18124182 35.18015698
  jla_mock 0.015999 34.17977142 0.19155982 34.26914446
  jla_mock 0.062961 37.28675203 0.16530929 37.33488865
  jla_mock 0.021706 34.78553749 0.19186355 34.95365268
  jla_mock 0.031638 35.85798119 0.18943844 35.78382700
  jla_mock 0.018599 34.46364229 0.17304818 34.58099331
  jla_mock 0.027064 35.27285967 0.17332763 35.43190080
  jla_mock 0.025468 35.17542213 0.18469991 35.29359335
  jla_mock 0.023810 35.00421369 0.19336693 35.14991306
  jla_mock 0.023867 34.94152592 0.18298494 35.15485261
  jla_mock 0.022068 35.01689306 0.16678206 34.99707164
