  jla_mock 0.503084 42.57992054 0.14571158 42.35108100
  jla_mock 0.580724 42.57333902 0.16122778 42.72552632
  jla_mock 0.494795 42.22947580 0.12070859 42.30795504
  jla_mock 0.345928 41.54702191 0.13253081 41.39118194
  jla_mock 0.677662 43.27828842 0.22871689 43.13175210
  jla_mock 0.610712 43.47269302 0.22548733 42.85765176
  jla_mock 0.866494 43.97147109 0.25803499 43.78417385
  jla_mock 0.330932 41.40058803 0.12801230 41.27954507
  jla_mock 0.798566 43.67720414 0.25919990 43.56688646
  jla_mock 0.449562 41.89564287 0.16139765 42.06009851
  jla_mock 0.371443 41.68193103 0.14921889 41.57157260
  jla_mock 0.291718 41.04782899 0.14231442 40.96335873
  jla_mock 0.355820 41.43451075 0.14101044 41.46251312
  jla_mock 0.461274 42.07058080 0.15587207 42.12639800
  jla_mock 0.283610 40.85289154 0.13055630 40.89319599
  jla_mock 0.632234 42.88675468 0.22182909 42.94875922
  jla_mock 0.466414 42.48643687 0.17243727 42.15507604
  jla_mock 0.268624 40.97003858 0.12820280 40.75864558
  jla_mock 0.946890 43.68481425 0.29224985 44.02088236
  jla_mock 0.924917 43.93149871 0.31213110 43.95825216
  jla_mock 0.693165 43.16308650 0.29243158 43.19149304
  jla_mock 0.625233 42.98512587 0.19088816 42.91943219
  jla_mock 0.896944 43.90811224 0.26745476 43.87629010
  jla_mock 0.608261 42.82379045 0.15987482 42.84713700
  jla_mock 0.789054 43.18826547 0.26932700 43.53500333
  jla_mock 0.578292 42.46159947 0.14637659 42.71452713
  jla_mock 0.590280 42.88130427 0.18966931 42.76830634
  jla_mock 0.719626 42.99195309 0.25305179 43.29065226
  jla_mock 0.210032 40.23955933 0.13132256 40.15483080
  jla_mock 0.766590 43.51164729 0.22576765 43.45828289
  jla_mock 0.858513 43.66873648 0.22289539 43.75956030
  jla_mock 0.367904 41.51517729 0.09931133 41.54729890
  jla_mock 0.558746 42.23123988 0.15678156 42.62454440
  jla_mock 0.848509 43.76301320 0.21739327 43.72833562
  jla_mock 0.996390 44.22309003 0.24266005 44.15702957
  jla_mock 0.776594 43.67555278 0.26449227 43.49271322
  jla_mock 0.582932 42.68672697 0.13306958 42.73551243
  jla_mock 0.583743 42.81165717 0.16752875 42.73918034
  jla_mock 0.796552 43.78520272 0.22887969 43.56021387
  jla_mock 0.588721 42.56362415 0.15579306 42.76137980
  jla_mock 0.913473 43.60289351 0.24294053 43.92502563
  jla_mock 0.768587 43.40500069 0.23905376 43.46520986
  jla_mock 0.948455 44.07027989 0.26528102 44.02529941
  jla_mock 0.513793 42.55299293 0.15287930 42.40582273
  jla_mock 0.733609 43.48077072 0.19294483 43.34167511
  jla_mock 0.637701 42.81971258 0.27010736 42.97142091
  jla_mock 0.765588 43.48389633 0.21113574 43.45480726
  jla_mock 0.434861 42.05211469 0.15772880 41.97448442
  jla_mock 0.983407 43.71754338 0.25879722 44.12197372
  jla_mock 0.583743 42.85045364 0.16232669 42.73918034
  jla_mock 0.700631 43.63270477 0.21687358 43.21987569
  jla_mock 0.662058 42.90384243 0.21294856 43.07025770
  jla_mock 0.838126 43.86613742 0.28077453 43.69551364
  jla_mock 0.621874 42.95589601 0.17546981 42.90526861
  jla_mock 0.370586 41.55086480 0.14291643 41.56574760
  jla_mock 0.416632 41.99756375 0.13815441 41.86461950
  jla_mock 0.358570 41.56386635 0.10704088 41.48212572
  jla_mock 0.451681 42.09951731 0.15278703 42.07216742
  jla_mock 0.522762 42.43956419 0.16112888 42.45088093
  jla_mock 0.733996 43.14621372 0.30408870 43.34308204
  jla_mock 0.701965 43.24776440 0.31176741 43.22488288
  jla_mock 0.742008 43.48894007 0.29013165 43.37180407
  jla_mock 0.746118 43.12285112 0.21822021 43.38651198
  jla_mock 0.349560 41.31038559 0.13472825 41.41773364
  jla_mock 0.591835 42.48139968 0.15357327 42.77521512
  jla_mock 0.514746 42.37802936 0.15561143 42.41063888
  jla_mock 0.620632 42.49970864 0.18447364 42.90003158
  jla_mock 0.643646 42.89740684 0.24392132 42.99587363
  jla_mock 1.002795 44.08989072 0.33216844 44.17412957
  jla_mock 0.470586 41.96485363 0.14420733 42.17805785
  jla_mock 0.610643 42.98936449 0.15877872 42.85735575
  jla_mock 0.263487 41.03445522 0.12804977 40.71059074
  jla_mock 0.358336 41.47919425 0.12918713 41.48045687
  jla_mock 0.742697 43.18268420 0.25908753 43.37426971
  jla_mock 0.451556 41.92352921 0.11538935 42.07145547
  jla_mock 0.910752 44.17892686 0.26164869 43.91705349
  jla_mock 0.552605 42.87740567 0.15821060 42.59574777
  jla_mock 0.337534 41.46202893 0.12813367 41.32918083
  jla_mock 0.750681 43.54788036 0.24281434 43.40263657
  jla_mock 0.983777 43.76282234 0.34665096 44.12297525
  jla_mock 0.822697 43.83814194 0.22175759 43.64609281
  jla_mock 0.813696 43.85960763 0.24256727 43.61677497
  jla_mock 0.950763 44.08230893 0.26472927 44.03181349
  jla_mock 0.817732 43.48132974 0.24643394 43.62994659
  jla_mock 0.340520 41.40075092 0.12574260 41.35156774
  jla_mock 0.960751 43.97595945 0.28766046 44.05969252
  jla_mock 0.810720 43.40127827 0.27275574 43.60706270
  jla_mock 0.756687 43.84390818 0.24755189 43.42379562
  jla_mock 0.611252 42.87841098 0.18572910 42.85996836
  jla_mock 0.877971 43.89443653 0.22378685 43.81925155
  jla_mock 0.548325 42.65248679 0.14258079 42.57535592
  jla_mock 0.809032 43.67598623 0.23222084 43.60155386
  jla_mock 1.028800 44.55689497 0.28337345 44.24255906
  jla_mock 0.627239 42.71061284 0.17555461 42.92789070
  jla_mock 0.422452 41.93966507 0.15606690 41.90009559
  jla_mock 0.933900 43.74333947 0.34999950 43.98400344
  jla_mock 0.701158 43.03100026 0.22740618 43.22185379
  jla_mock 0.697164 43.30914448 0.20952266 43.20674812
  jla_mock 0.685179 43.14900318 0.27044472 43.16089914
  jla_mock 0.767075 43.82976506 0.25233801 43.45996521
  jla_mock 0.931901 43.93390126 0.25136810 43.97828133
  jla_mock 0.863978 43.96745927 0.24510246 43.77643514
  jla_mock 0.749100 43.53141979 0.22590126 43.39706674
  jla_mock 0.514353 42.40205285 0.15357466 42.40865279
  jla_mock 0.468406 42.23465167 0.11440416 42.16613949
  jla_mock 0.470398 42.12236497 0.15654577 42.17703003
  jla_mock 0.958871 44.21939683 0.27681249 44.05446029
  jla_mock 0.927909 43.93406047 0.29724149 43.96685429
  jla_mock 0.840522 43.56414705 0.21913135 43.70310328
  jla_mock 0.630699 42.82971412 0.17083127 42.94239637
  jla_mock 0.562751 42.40576465 0.14440652 42.64332481
  jla_mock 0.615698 43.24148856 0.16969222 42.87904165
  jla_mock 0.828528 43.74059580 0.22446355 43.66483979
  jla_mock 0.564741 42.71402303 0.16042692 42.65249802
  jla_mock 0.578745 42.68933855 0.14758356 42.71657591
  jla_mock 0.557743 42.54478887 0.15831963 42.61984109
  jla_mock 0.864497 43.79128599 0.22870035 43.77803148
  jla_mock 0.735608 43.11644912 0.23468503 43.34890124
  jla_mock 0.858507 43.20376130 0.28336591 43.75954157
  jla_mock 0.261984 40.49359523 0.10443414 40.69650477
  jla_mock 0.585743 42.54894958 0.18660838 42.74814872
  jla_mock 0.761580 43.37264559 0.21598834 43.44090475
  jla_mock 0.488800 42.04747920 0.11155101 42.27645931
  jla_mock 0.858516 43.73058045 0.27431051 43.75956966
  jla_mock 0.688656 43.09447332 0.18053033 43.17429244
  jla_mock 0.558743 42.93600477 0.15491557 42.62453033
  jla_mock 0.324532 41.26505924 0.12601850 41.23031081
  jla_mock 0.480704 42.26822156 0.10839252 42.23310364
  jla_mock 0.185371 39.81756333 0.13095679 39.85267084
  jla_mock 0.922221 44.05614162 0.33854809 43.95042459
  jla_mock 0.681942 43.25826007 0.19640351 43.14834773
  jla_mock 0.475707 42.00374560 0.10811298 42.20605508
  jla_mock 0.922210 43.70169492 0.27644363 43.95039265
  jla_mock 0.893183 43.54882457 0.25783329 43.86505298
  jla_mock 0.428646 42.09054082 0.14143599 41.93756341
  jla_mock 0.631882 42.65674907 0.23474045 42.94730012
  jla_mock 0.699960 42.67837630 0.25834877 43.21735709
  jla_mock 0.736007 43.91185683 0.26468680 43.35032909
  jla_mock 0.575823 42.63006967 0.15953941 42.70336060
  jla_mock 0.418633 41.71852379 0.10651651 41.87691426
  jla_mock 0.511746 42.26259073 0.12000546 42.39547784
  jla_mock 0.535771 42.50635117 0.12653138 42.51490290
  jla_mock 0.641893 42.94726057 0.21547239 42.98872907
  jla_mock 0.734996 43.40212340 0.22720400 43.34671116
  jla_mock 0.351560 41.45692585 0.13079492 41.43213142
  jla_mock 0.609860 43.02336232 0.17401244 42.85399669
  jla_mock 0.349557 41.41224565 0.13436921 41.41771171
  jla_mock 0.701969 43.35672224 0.18819535 43.22489789
  jla_mock 0.355261 41.36245036 0.10427939 41.45852641
  jla_mock 0.983280 43.85408273 0.25756994 44.12162996
  jla_mock 0.872152 43.45711200 0.26597542 43.80157672
  jla_mock 0.759030 43.75249768 0.20819082 43.43204997
  jla_mock 0.926220 43.95573406 0.24599386 43.96201956
  jla_mock 0.643642 42.78012866 0.22846121 42.99585733
  jla_mock 0.419569 41.82569210 0.13772753 41.88259578
  jla_mock 0.515587 42.56011786 0.20313602 42.41488903
  jla_mock 0.890729 43.58434355 0.21057911 43.85772092
  jla_mock 0.805696 43.79700727 0.22987004 43.59050885
  jla_mock 0.480568 42.46642147 0.10874993 42.23237487
  jla_mock 0.800697 43.56846640 0.24546005 43.57394667
  jla_mock 0.580604 42.54666805 0.18881444 42.72498360
  jla_mock 0.715652 43.42077749 0.24396561 43.27597318
  jla_mock 0.805695 43.54504579 0.23276535 43.59050554
  jla_mock 0.766684 43.28131749 0.25283777 43.45860895
  jla_mock 0.664638 43.20349201 0.19578546 43.08055024
  jla_mock 0.901736 43.42543831 0.25190507 43.89049989
  jla_mock 0.745665 43.24364583 0.21142864 43.38489089
  jla_mock 0.718680 43.52396278 0.20380008 43.28715794
  jla_mock 0.736690 43.24953190 0.19636251 43.35277325
  jla_mock 0.579600 42.62452224 0.12084594 42.72044282
  jla_mock 0.370531 41.61686830 0.10256736 41.56537377
  jla_mock 0.960740 43.69358223 0.23956115 44.05966190
  jla_mock 0.850729 43.66193216 0.21179952 43.73526472
  jla_mock 0.648640 42.86318492 0.19254569 43.01622729
  jla_mock 0.219462 40.31951493 0.13036783 40.26165884
  jla_mock 0.936755 43.94344248 0.24129989 43.99217583
  jla_mock 0.647639 42.78094285 0.17876349 43.01214759
  jla_mock 0.461564 42.29682121 0.13341110 42.12801602
  jla_mock 0.600603 43.16333623 0.17945434 42.81380214
  jla_mock 0.670654 42.83493719 0.23100742 43.10426437
  jla_mock 0.760698 43.48722810 0.20946016 43.43784537
  jla_mock 0.246492 40.62453013 0.13212126 40.54611375
  jla_mock 0.470573 42.17147044 0.14759396 42.17798678
  jla_mock 0.169455 39.70985739 0.11209573 39.63714984
  jla_mock 0.497379 42.59965430 0.12912927 42.32153052
  jla_mock 0.638234 42.71769482 0.19688575 42.97363029
  jla_mock 0.507371 42.50046935 0.14542671 42.37316793
  jla_mock 0.535327 42.75676094 0.14229510 42.51274244
  jla_mock 0.587285 42.44757493 0.16639385 42.75499974
  jla_mock 0.773081 43.59927844 0.25620999 43.48071408
  jla_mock 0.699166 42.95470703 0.22210270 43.21437680
  jla_mock 0.370511 41.69170638 0.12736057 41.56523783
  jla_mock 0.761089 42.89993390 0.22808946 43.43920163
  jla_mock 0.699169 42.99262282 0.21959570 43.21438806
  jla_mock 0.788060 43.29241929 0.19242158 43.53165972
  jla_mock 0.373513 41.55895198 0.13202741 41.58564233
  jla_mock 0.405478 41.64246111 0.13198879 41.79507834
  jla_mock 0.852994 44.10333309 0.25729076 43.74233429
  jla_mock 0.808048 43.39894469 0.24185374 43.59830126
  jla_mock 0.603272 42.99695156 0.18397635 42.82545340
  jla_mock 0.583290 42.55603515 0.17902789 42.73713156
  jla_mock 0.534335 42.74683090 0.14774220 42.50791545
  jla_mock 0.720140 43.23792959 0.24070231 43.29255086
  jla_mock 0.400485 41.84445393 0.21060605 41.76340376
  jla_mock 0.837004 43.78833196 0.21502566 43.69195956
  jla_mock 0.371508 41.71203480 0.10193219 41.57201440
  jla_mock 0.806041 43.50560065 0.25907683 43.59165187
  jla_mock 0.840005 43.71442829 0.23506835 43.70146561
  jla_mock 0.500728 42.35341990 0.12981336 42.33894272
  jla_mock 0.532765 42.81580971 0.17422186 42.50027598
  jla_mock 0.533766 42.31227750 0.18215335 42.50514675
  jla_mock 0.932229 45.02125367 0.34152943 43.97922023
  jla_mock 0.822103 43.54418286 0.25790730 43.64418307
  jla_mock 0.553797 42.74722614 0.13544877 42.60133735
  jla_mock 0.125298 38.76577550 0.13709229 38.92231622
  jla_mock 0.842123 43.76246552 0.28302626 43.70817465
  jla_mock 0.443668 41.66882065 0.15186631 42.02604866
  jla_mock 0.727675 43.05233979 0.24978201 43.32010216
  jla_mock 0.683659 43.67964988 0.41253064 43.15500537
  jla_mock 0.442548 41.91295435 0.13367762 42.01953486
  jla_mock 0.726679 43.23233296 0.20021505 43.31648122
  jla_mock 0.282510 40.86029737 0.12747632 40.88348566
  jla_mock 0.404549 41.78091277 0.12965359 41.78918496
  jla_mock 0.519611 42.40022388 0.13964385 42.43522504
  jla_mock 0.690652 42.89480072 0.23214813 43.18190663
  jla_mock 1.060801 44.62110573 0.27869308 44.32447227
  jla_mock 0.576612 42.77049385 0.15376326 42.70692901
  jla_mock 0.268489 40.74007326 0.12614174 40.75741813
  jla_mock 0.720680 43.56768519 0.25106936 43.29454550
  jla_mock 0.250498 40.66461426 0.13111277 40.58610363
  jla_mock 0.760691 43.49491561 0.27664014 43.43782109
  jla_mock 0.698167 43.12157367 0.26129048 43.21057429
  jla_mock 0.550315 42.59205505 0.16854352 42.58486067
  jla_mock 0.730128 43.10841113 0.23524622 43.32902000
  jla_mock 0.847985 43.39779009 0.24702775 43.72670010
  jla_mock 0.997826 44.54723555 0.24705649 44.16086339
  jla_mock 0.435446 41.88850213 0.13052406 41.97795969
  jla_mock 0.409470 41.78037010 0.12922369 41.82018436
  jla_mock 0.301590 41.11617834 0.12598595 41.04647939
  jla_mock 1.299106 45.02554878 0.19340708 44.86649555
  jla_mock 1.020807 44.39760438 0.23668119 44.22175183
  jla_mock 0.839734 43.93938985 0.19264717 43.70060719
  jla_mock 1.120850 44.49016891 0.20807086 44.47175959
  jla_mock 1.230892 44.39614340 0.23900250 44.72227987
  jla_mock 0.974230 44.30090332 0.18427047 44.09690728
  jla_mock 0.970782 44.21502725 0.33863365 44.08744397
  jla_mock 0.064229 37.41604364 0.15072784 37.38125426
  jla_mock 0.129030 38.97244553 0.16416611 38.99103288
  jla_mock 0.102890 38.28267204 0.14983539 38.46320916
  jla_mock 0.044130 36.98241437 0.17359564 36.53640119
  jla_mock 0.113040 38.72359142 0.15276523 38.68140463
  jla_mock 0.256110 40.67298349 0.20496122 40.64044730
  jla_mock 0.380260 41.23437854 0.28702753 41.63127303
  jla_mock 0.145470 39.22606923 0.16218924 39.27385898
  jla_mock 0.088890 38.26285828 0.14636771 38.12524312
  jla_mock 0.260590 40.51634016 0.18294429 40.68344034
  jla_mock 0.078910 37.91731296 0.15602647 37.85079369
  jla_mock 0.083040 37.99105320 0.15331705 37.96757382
  jla_mock 0.165650 39.60637963 0.13854363 39.58315350
  jla_mock 0.168170 39.50974340 0.16196037 39.61913704
  jla_mock 0.170630 39.51618497 0.16520984 39.65362070
  jla_mock 0.170280 39.50267803 0.17035518 39.64871449
  jla_mock 0.120440 38.55812509 0.15109792 38.82967597
  jla_mock 0.276530 41.01681957 0.21443501 40.83052825
  jla_mock 0.231600 40.15296643 0.18253328 40.39327881
  jla_mock 0.305690 40.78064287 0.26735001 41.08031431
  jla_mock 0.079970 37.99731352 0.16566195 37.88231469
  jla_mock 0.174150 39.77375914 0.15831009 39.70296318
  jla_mock 0.138680 39.22389756 0.16604939 39.16075605
  jla_mock 0.146070 39.15979944 0.16391832 39.28355706
  jla_mock 0.081330 37.95853193 0.14393418 37.92106160
  jla_mock 0.233800 40.45828094 0.17178002 40.41664409
  jla_mock 0.256550 40.72897016 0.17733386 40.64470129
  jla_mock 0.245620 40.54280590 0.20041043 40.53740902
  jla_mock 0.125930 38.95750650 0.19132506 38.93436823
  jla_mock 0.223510 40.33343428 0.21582750 40.30640047
  jla_mock 0.102640 38.26686372 0.14663754 38.45739969
  jla_mock 0.119670 38.82318262 0.14566661 38.81499236
  jla_mock 0.180550 39.91857932 0.16851019 39.78925613
  jla_mock 0.197090 40.02011144 0.17389574 40.00058301
  jla_mock 0.229160 40.55183038 0.19939442 40.36723751
  jla_mock 0.264510 40.53866624 0.19876199 40.72017820
  jla_mock 0.103370 38.53229901 0.12264053 38.47436335
  jla_mock 0.364410 41.37634043 0.23042794 41.52297770
  jla_mock 0.205600 39.89242717 0.15584351 40.10300055
  jla_mock 0.179810 39.78113519 0.19620482 39.77932421
  jla_mock 0.199590 39.77422497 0.18224440 40.03149756
  jla_mock 0.156530 39.31741399 0.15012954 39.44792878
  jla_mock 0.161800 39.54438048 0.14760764 39.52668171
  jla_mock 0.209530 40.24128745 0.20608020 40.14907809
  jla_mock 0.241790 40.65811973 0.19813238 40.49907425
  jla_mock 0.236460 40.16602800 0.16266354 40.44408642
  jla_mock 0.226680 40.16800600 0.21050732 40.34076930
  jla_mock 0.296780 41.08737833 0.19716042 41.00636879
  jla_mock 0.208520 40.10145487 0.16317028 40.13750389
  jla_mock 0.251040 40.55037071 0.22085837 40.59142971
  jla_mock 0.250120 40.34427224 0.17967388 40.58233025
  jla_mock 0.117710 38.64834825 0.14551100 38.77612598
  jla_mock 0.219710 40.24051705 0.16999397 40.26439993
  jla_mock 0.149010 39.27617571 0.14890457 39.33107762
  jla_mock 0.287420 40.89212468 0.18840122 40.92649529
  jla_mock 0.143600 39.35636274 0.16639625 39.24363332
  jla_mock 0.328370 40.84906361 0.19601268 41.25983598
  jla_mock 0.246250 40.14003232 0.16506508 40.54369799
  jla_mock 0.119660 38.65086041 0.15026680 38.81480166
  jla_mock 0.328380 41.51933568 0.27642285 41.25991291
  jla_mock 0.215130 40.36269030 0.18366862 40.21325182
  jla_mock 0.144780 39.26129962 0.13616902 39.26270620
  jla_mock 0.132430 38.99351117 0.12839376 39.05220730
  jla_mock 0.210820 40.37151878 0.16235031 40.16386096
  jla_mock 0.203990 40.30104770 0.15780808 40.08384780
  jla_mock 0.279520 40.76310079 0.16701092 40.85709122
  jla_mock 0.044280 36.62964947 0.15509722 36.54352732
  jla_mock 0.180370 39.88371262 0.15078404 39.78684026
  jla_mock 0.260700 41.02625327 0.18972170 40.68447125
  jla_mock 0.056540 36.81598097 0.18696980 37.09160151
  jla_mock 0.212600 40.31525466 0.19194689 40.18425904
  jla_mock 0.369410 41.73853082 0.23700047 41.55775436
  jla_mock 0.173860 39.88130952 0.13051969 39.69889803
  jla_mock 0.142650 39.20708641 0.16862649 39.22827803
  jla_mock 0.177890 39.88509788 0.17323466 39.75355491
  jla_mock 0.328370 41.28850982 0.20656404 41.25983598
  jla_mock 0.253510 40.37547271 0.19560920 40.61531008
  jla_mock 0.300010 41.05957619 0.19320267 41.03330377
  jla_mock 0.105890 38.51189879 0.14607715 38.52910106
  jla_mock 0.223280 40.13620183 0.16843887 40.30385834
  jla_mock 0.118450 38.75856936 0.12252294 38.79113535
  jla_mock 0.176530 39.65667891 0.17118858 39.73530166
  jla_mock 0.182800 39.63879681 0.18906536 39.81945453
  jla_mock 0.297620 41.18226608 0.22708191 41.01337355
  jla_mock 0.196990 40.13662022 0.16336648 39.99934643
  jla_mock 0.152950 39.36256909 0.14755004 39.39286806
  jla_mock 0.248500 40.72458963 0.17447627 40.56615860
  jla_mock 0.138180 39.33181285 0.12408786 39.15224127
  jla_mock 0.207040 39.98040736 0.17044837 40.12013097
  jla_mock 0.214680 40.52867195 0.18059604 40.20809500
  jla_mock 0.306320 40.99037123 0.21502986 41.08542547
  jla_mock 0.246950 40.48488343 0.17120148 40.55068574
  jla_mock 0.198010 40.16775661 0.14489973 40.01195956
  jla_mock 0.222560 40.21248034 0.15195110 40.29590034
  jla_mock 0.135080 38.75961036 0.15130600 39.09944962
  jla_mock 0.210540 40.48290597 0.18260591 40.16065228
  jla_mock 0.272580 40.66622562 0.16910743 40.79461419
  jla_mock 0.246600 40.67157563 0.16168519 40.54719186
  jla_mock 0.220680 39.76499455 0.19428942 40.27512112
  jla_mock 0.274470 41.08373262 0.19147108 40.81179838
  jla_mock 0.176560 39.72644037 0.15540451 39.73570430
  jla_mock 0.310880 41.18114507 0.22015615 41.12242051
  jla_mock 0.184350 39.96088009 0.17307932 39.83952780
  jla_mock 0.159350 39.61445721 0.14827050 39.49074512
  jla_mock 0.219760 40.13834441 0.16604587 40.26495257
  jla_mock 0.252050 40.54158002 0.18410044 40.60119456
  jla_mock 0.181220 39.69954691 0.14940352 39.79824854
  jla_mock 0.173730 39.64326749 0.13336424 39.69707572
  jla_mock 0.380470 41.91590475 0.24246083 41.63266739
  jla_mock 0.178650 39.58946122 0.17172186 39.76375526
  jla_mock 0.245680 40.60874982 0.18910008 40.53800797
  jla_mock 0.209100 40.41269217 0.16102286 40.14415046
  jla_mock 0.249470 40.85626316 0.20970726 40.57584163
  jla_mock 0.133920 38.83259550 0.16606211 39.07901608
  jla_mock 0.177060 39.87803018 0.16039966 39.74241506
  jla_mock 0.281110 40.89422599 0.18775324 40.87112706
  jla_mock 0.173830 39.58012379 0.15186906 39.69847750
  jla_mock 0.196540 39.94474042 0.16513423 39.99378181
  jla_mock 0.363970 41.46869893 0.22724835 41.51991492
  jla_mock 0.378350 41.42945018 0.26733097 41.61851927
  jla_mock 0.316460 41.32879233 0.21038880 41.16699585
  jla_mock 0.183220 39.84762126 0.13519430 39.82498164
  jla_mock 0.241020 40.62706667 0.16773658 40.49113042
  jla_mock 0.202030 39.58991385 0.19953174 40.06053140
  jla_mock 0.168690 39.44708455 0.16511959 39.62642627
  jla_mock 0.197940 40.28879874 0.17492454 40.01109396
  jla_mock 0.122760 39.07539918 0.14574653 38.87391751
  jla_mock 0.203180 40.27505580 0.16105255 40.07421194
  jla_mock 0.127390 38.76440302 0.14895509 38.96152523
  jla_mock 0.275490 41.17093141 0.19972760 40.82107239
  jla_mock 0.144680 39.25878306 0.14721731 39.26108985
  jla_mock 0.334360 41.44144130 0.24977783 41.30538443
  jla_mock 0.195800 40.03517230 0.15392559 39.98463111
  jla_mock 0.193920 39.93811992 0.16374737 39.96138337
  jla_mock 0.249730 40.61959112 0.18580683 40.57843707
  jla_mock 0.148600 39.28421680 0.14879989 39.32445060
  jla_mock 0.155960 39.62456612 0.14872192 39.43916213
  jla_mock 0.095820 38.37425738 0.15034816 38.29891732
  jla_mock 0.150650 39.32753189 0.15872946 39.35749386
  jla_mock 0.309330 41.31530368 0.24715745 41.10984544
  jla_mock 0.248570 40.35515310 0.17340396 40.56685738
  jla_mock 0.365540 41.45147855 0.24311996 41.53084345
  jla_mock 0.117710 38.64296305 0.12847626 38.77612598
  jla_mock 0.191760 39.94445698 0.14428474 39.93467320
  jla_mock 0.182550 39.72961264 0.16171197 39.81609915
  jla_mock 0.234720 40.17041235 0.18444964 40.42613542
  jla_mock 0.246470 40.43761577 0.19927669 40.54589414
  jla_mock 0.288450 40.80942034 0.18873457 40.93532948
  jla_mock 0.209600 39.82632984 0.19927022 40.14988026
  jla_mock 0.191980 40.37531597 0.17965405 39.93739368
  jla_mock 0.114020 38.94813062 0.12215388 38.70128192
  jla_mock 0.113890 39.00161839 0.18397194 38.69864513
  jla_mock 0.198800 39.91944306 0.20967258 40.02172856
  jla_mock 0.220580 40.33039888 0.22796022 40.27401584
  jla_mock 0.182570 39.71460400 0.16453718 39.81636758
  jla_mock 0.158950 39.33789647 0.16372575 39.48487792
  jla_mock 0.078490 37.70345237 0.14911597 37.83830424
  jla_mock 0.138640 39.36282227 0.13217046 39.16007487
  jla_mock 0.180790 39.64123696 0.15445548 39.79247729
  jla_mock 0.177570 39.96026088 0.18629282 39.74926003
  jla_mock 0.170660 39.70957550 0.16102003 39.65404123
  jla_mock 0.233810 40.71402860 0.20858516 40.41674726
  jla_mock 0.071530 37.61967084 0.17410666 37.62633113
  jla_mock 0.154630 39.36322825 0.18791656 39.41870661
  jla_mock 0.090100 38.23316556 0.15950858 38.15556956
  jla_mock 0.176580 39.69746043 0.20448697 39.73597273
  jla_mock 0.130450 39.02101681 0.16440638 39.01658220
  jla_mock 0.182040 39.79195888 0.17166998 39.80925418
  jla_mock 0.256170 40.61376564 0.17261330 40.64102739
  jla_mock 0.138110 39.04890704 0.14854031 39.15104920
  jla_mock 0.170700 40.00744518 0.16749506 39.65460194
  jla_mock 0.216740 40.25435798 0.14793120 40.23157319
  jla_mock 0.245550 40.40146188 0.17887642 40.53671024
  jla_mock 0.143820 38.75446854 0.16709807 39.24718928
  jla_mock 0.248620 40.77249478 0.18856198 40.56735650
  jla_mock 0.145330 39.53265140 0.17138622 39.27159610
  jla_mock 0.135880 39.09969827 0.12760365 39.11307327
  jla_mock 0.058740 37.21547918 0.12754402 37.18054381
  jla_mock 0.036520 36.02712614 0.15191506 36.11467233
  jla_mock 0.277490 41.37261706 0.22703402 40.83917126
  jla_mock 0.205150 39.98675452 0.29701418 40.09764730
  jla_mock 0.280510 41.03311514 0.20078942 40.86583052
  jla_mock 0.198670 40.08665231 0.16215673 40.02012100
  jla_mock 0.159990 39.73577133 0.15164286 39.50013264
  jla_mock 0.210750 40.30181611 0.18113105 40.16305879
  jla_mock 0.071950 37.59077061 0.17245857 37.64010622
  jla_mock 0.237820 40.40878381 0.19074175 40.45811709
  jla_mock 0.141390 39.08452580 0.17359013 39.20690618
  jla_mock 0.155060 39.43738625 0.15760876 39.42532005
  jla_mock 0.370130 41.28773527 0.22886799 41.56264818
  jla_mock 0.093910 38.37568941 0.17056414 38.25106025
  jla_mock 0.118630 38.64326969 0.17057943 38.79478628
  jla_mock 0.153630 39.47728100 0.15381057 39.40332652
  jla_mock 0.253560 40.55974857 0.16809525 40.61579348
  jla_mock 0.107250 38.78349881 0.14420228 38.55855910
  jla_mock 0.129610 38.99965552 0.15302154 39.00146852
  jla_mock 0.266650 40.96157740 0.19376454 40.74023408
  jla_mock 0.212260 40.39876915 0.16262819 40.18036278
  jla_mock 0.278220 40.87132996 0.18167466 40.84561538
  jla_mock 0.245400 40.54451003 0.16811689 40.53521287
  jla_mock 0.133620 39.06056692 0.15059378 39.07361834
  jla_mock 0.176560 39.84455063 0.16208219 39.73570430
  jla_mock 0.113680 38.94190422 0.14584429 38.69438572
  jla_mock 0.320380 41.54975061 0.26368273 41.19795536
  jla_mock 0.112710 38.81165242 0.12253270 38.67471126
  jla_mock 0.106020 38.46147472 0.14472955 38.53191691
  jla_mock 0.391350 41.48342961 0.26610488 41.70446868
  jla_mock 0.155750 39.30748006 0.14611530 39.43593231
  jla_mock 0.186670 39.42441285 0.16762102 39.86939250
  jla_mock 0.196710 40.22970438 0.16669908 39.99588400
  jla_mock 0.191910 39.88265224 0.17339098 39.93652807
  jla_mock 0.190840 39.96839667 0.15087610 39.92307171
  jla_mock 0.176250 39.90774276 0.15361286 39.73154363
  jla_mock 0.128370 38.91807603 0.15035584 38.97915785
  jla_mock 0.122620 39.28503254 0.14734428 38.87124776
  jla_mock 0.127150 38.98803842 0.14706216 38.95720703
  jla_mock 0.213230 40.24967969 0.17620944 40.19147859
  jla_mock 0.218610 40.44432152 0.18110338 40.25224188
  jla_mock 0.268560 40.85844069 0.19152223 40.75806368
  jla_mock 0.204660 40.28271294 0.16518790 40.09181820
  jla_mock 0.267100 41.06340916 0.17377576 40.74445143
  jla_mock 0.217570 40.35326201 0.17264916 40.24074699
  jla_mock 0.241850 40.88599044 0.17151433 40.49969325
  jla_mock 0.293500 41.13699615 0.20071643 40.97864273
  jla_mock 0.353460 41.52356632 0.23113786 41.44568194
  jla_mock 0.185630 40.11182164 0.15494760 39.85600487
  jla_mock 0.285430 41.01962504 0.19928385 40.90926217
  jla_mock 0.194940 39.81257805 0.16836015 39.97399650
  jla_mock 0.075920 37.88917365 0.14499851 37.76188071
  jla_mock 0.163570 39.63339716 0.15777754 39.55264407
  jla_mock 0.257210 40.51326342 0.20821329 40.65108228
  jla_mock 0.219550 40.09423482 0.18725136 40.26263149
  jla_mock 0.175580 39.63837435 0.15163366 39.72255122
  jla_mock 0.226670 40.38036782 0.18608202 40.34066257
  jla_mock 0.153220 39.40759859 0.15082218 39.39702068
  jla_mock 0.210250 40.05083055 0.19550076 40.15732899
  jla_mock 0.121640 38.76445948 0.12361443 38.85255952
  jla_mock 0.291350 41.37184073 0.19904915 40.96020244
  jla_mock 0.294480 40.75066989 0.27859702 40.98704807
  jla_mock 0.164550 39.67494647 0.12599124 39.56701870
  jla_mock 0.307020 40.90174686 0.20906564 41.09110453
  jla_mock 0.198630 39.96651665 0.16157737 40.01962637
  jla_mock 0.268210 40.89076514 0.21539519 40.75485425
  jla_mock 0.401280 41.63450000 0.24823001 41.76844708
  jla_mock 0.136680 39.30575222 0.15334431 39.12669692
  jla_mock 0.295420 41.18231047 0.24720467 40.99502774
  jla_mock 0.291920 40.66385576 0.19219946 40.96509126
  jla_mock 0.090070 37.97441556 0.12096556 38.15481767
  jla_mock 0.205570 40.22941937 0.18292629 40.10264367
  jla_mock 0.145820 39.09994254 0.14934529 39.27951619
  jla_mock 0.117670 38.75338949 0.14486540 38.77531466
  jla_mock 0.054990 37.02224917 0.14997934 37.02755570
  jla_mock 0.174200 39.80972523 0.15142908 39.70366406
  jla_mock 0.244950 40.37536311 0.18020903 40.53072075
  jla_mock 0.224520 40.14797825 0.18249954 40.31756378
  jla_mock 0.245580 40.37011697 0.16228277 40.53700972
  jla_mock 0.283510 40.94475778 0.21250233 40.89231323
  jla_mock 0.180560 39.62566036 0.17619167 39.78939034
  jla_mock 0.103910 38.41353411 0.12352191 38.48621362
  jla_mock 0.129610 38.83098142 0.15326847 39.00146852
  jla_mock 0.243520 40.34200356 0.16045597 40.51644578
  jla_mock 0.331360 41.08604787 0.26935111 41.28283761
  jla_mock 0.243480 40.30745835 0.19048000 40.51604648
  jla_mock 0.314680 40.97112063 0.17577640 41.15293771
  jla_mock 0.218650 40.20890734 0.18935500 40.25268399
  jla_mock 0.260140 40.40667266 0.21925656 40.67922298
  jla_mock 0.282430 40.71947477 0.19830733 40.88277946
  jla_mock 0.300410 41.32739099 0.20581539 41.03663937
  jla_mock 0.151860 39.48414939 0.14864409 39.37610376
  jla_mock 0.263570 40.75656685 0.18936772 40.71136861
  jla_mock 0.213820 40.06944312 0.20621233 40.19823975
  jla_mock 0.162840 39.59298405 0.16761662 39.54193643
  jla_mock 0.124400 38.55938817 0.17140549 38.90519170
  jla_mock 0.194650 39.72694436 0.13938689 39.97041042
  jla_mock 0.205540 39.78062747 0.18299408 40.10228679
  jla_mock 0.106670 38.62493782 0.14588621 38.54599612
  jla_mock 0.187720 39.36626876 0.18724598 39.88290884
  jla_mock 0.163870 39.65554818 0.15682059 39.55704447
  jla_mock 0.290210 40.94949910 0.19470283 40.95042479
  jla_mock 0.094010 38.14430079 0.12497638 38.25356657
  jla_mock 0.227860 40.27904483 0.18009820 40.35336304
  jla_mock 0.107510 38.44448765 0.14764565 38.56419079
  jla_mock 0.310650 41.27425230 0.22259423 41.12055454
  jla_mock 0.145640 39.30864103 0.15575872 39.27660677
  jla_mock 0.087840 37.92784123 0.12609586 38.09813443
  jla_mock 0.148390 39.00035885 0.15572534 39.32105628
  jla_mock 0.286620 40.36779104 0.19365541 40.91963379
  jla_mock 0.122810 38.90654211 0.13329108 38.87487099
  jla_mock 0.186550 39.81549137 0.20280242 39.86784777
  jla_mock 0.128930 39.04688907 0.15503539 38.98923364
  jla_mock 0.194220 40.11959418 0.16863568 39.96509311
  jla_mock 0.148000 39.32207483 0.14676099 39.31475253
  jla_mock 0.211790 40.51023174 0.22866165 40.17497677
  jla_mock 0.179620 39.60031577 0.17351314 39.77677412
  jla_mock 0.263490 40.89171965 0.18130204 40.71061886
  jla_mock 0.192150 39.94767208 0.15956887 39.93949587
  jla_mock 0.338800 41.28039442 0.22987627 41.33867240
  jla_mock 0.117410 38.86379653 0.14766783 38.77004109
  jla_mock 0.143100 39.13913978 0.16841647 39.23555159
  jla_mock 0.160350 39.38040343 0.13218212 39.50541312
  jla_mock 0.288720 41.09342109 0.21129560 40.93764524
  jla_mock 0.123030 38.57715667 0.15464992 38.87906631
  jla_mock 0.264050 40.68607796 0.18533646 40.71586713
  jla_mock 0.126080 39.12277095 0.17182656 38.93722867
  jla_mock 0.173740 39.66857160 0.14981160 39.69721590
  jla_mock 0.164400 39.41773804 0.14972618 39.56481851
  jla_mock 0.249610 40.75030600 0.16242204 40.57723917
  jla_mock 0.159990 39.70195344 0.15136580 39.50013264
  jla_mock 0.244480 40.69566689 0.15150476 40.52602897
  jla_mock 0.248510 40.50285424 0.17707716 40.56625843
  jla_mock 0.228930 40.32182803 0.16847625 40.36478279
  jla_mock 0.085280 37.99659113 0.14384543 38.02850211
  jla_mock 0.062818 37.16720801 0.14854713 37.32965972
  jla_mock 0.277450 40.83862498 0.23370164 40.83881815
  jla_mock 0.275440 40.67670216 0.21508178 40.82061778
  jla_mock 0.330510 41.33897789 0.21087893 41.27629868
  jla_mock 0.361930 41.30088266 0.24565378 41.50571480
  jla_mock 0.331030 41.54907895 0.21800830 41.28029897
  jla_mock 0.160500 39.49385541 0.12714994 39.50761332
  jla_mock 0.300210 41.06882425 0.20430208 41.03497157
  jla_mock 0.116350 38.75311709 0.12231010 38.74854117
  jla_mock 0.218290 39.83286697 0.16062208 40.24870499
  jla_mock 0.119670 38.97095917 0.12046332 38.81499236
  jla_mock 0.154730 39.36591534 0.12395445 39.42024462
  jla_mock 0.178100 39.80687545 0.16562813 39.75637343
  jla_mock 0.250370 40.60270537 0.16560962 40.58482587
  jla_mock 0.251740 40.51901927 0.14466362 40.59819743
  jla_mock 0.129530 38.89897292 0.14518911 39.00002912
  jla_mock 0.309290 41.32079851 0.18810950 41.10952092
  jla_mock 0.278520 41.01948872 0.17881943 40.84826365
  jla_mock 0.185810 39.92295706 0.13605911 39.85832196
  jla_mock 0.066510 37.60015536 0.17228058 37.46168597
  jla_mock 0.258000 40.73423947 0.18756945 40.65872012
  jla_mock 0.298880 41.08796363 0.21609463 41.02388070
  jla_mock 0.270440 40.93547348 0.22437165 40.77515695
  jla_mock 0.279160 40.75459463 0.17183675 40.85391330
  jla_mock 0.292870 40.87652538 0.21554431 40.97323930
  jla_mock 0.189650 40.15282951 0.15711153 39.90775318
  jla_mock 0.265760 40.87027588 0.19291042 40.73189308
  jla_mock 0.123760 39.00017396 0.14509081 38.89298713
  jla_mock 0.182550 39.92885928 0.14971699 39.81609915
  jla_mock 0.056340 36.91519152 0.14895035 37.08333754
  jla_mock 0.312880 41.32472805 0.18264477 41.13864641
  jla_mock 0.309150 41.53075650 0.22328713 41.10838511
  jla_mock 0.200610 39.97895503 0.15587566 40.04363891
  jla_mock 0.326400 41.16236828 0.20549386 41.24468106
  jla_mock 0.211630 39.98051560 0.13899445 40.17314324
  jla_mock 0.179690 39.63205200 0.15636245 39.77771363
  jla_mock 0.302400 40.81369216 0.19662226 41.05323399
  jla_mock 0.109240 38.64015649 0.14870399 38.60166315
  jla_mock 0.085220 37.79345929 0.15002378 38.02687010
  jla_mock 0.202310 40.11540402 0.16131988 40.06386231
  jla_mock 0.126490 39.01493545 0.15584855 38.94504722
  jla_mock 0.214570 40.20445491 0.16812914 40.20683444
  jla_mock 0.320450 41.17007723 0.19168742 41.19850820
  jla_mock 0.218350 40.22038857 0.17273249 40.24936815
  jla_mock 0.190100 39.94911234 0.15982384 39.91354590
  jla_mock 0.092430 38.29009058 0.15614025 38.21396675
  jla_mock 0.379860 41.81850490 0.18489314 41.62861712
  jla_mock 0.211340 40.10619807 0.16607978 40.16981995
  jla_mock 0.258330 40.76458150 0.18011571 40.66191062
  jla_mock 0.183270 39.55609861 0.16855779 39.82562527
  jla_mock 0.212950 40.02580319 0.17784935 40.18826990
  jla_mock 0.116510 38.61894845 0.15544019 38.75178644
  jla_mock 0.144010 39.23806523 0.17185674 39.25026033
  jla_mock 0.252490 40.63185410 0.18599877 40.60544855
  jla_mock 0.255390 40.02913173 0.21319916 40.63348622
  jla_mock 0.216980 40.32103609 0.18860575 40.23422585
  jla_mock 1.265901 44.94201159 0.22380442 44.79726150
  jla_mock 0.935774 44.04778131 0.22958872 43.98936774
  jla_mock 0.049519 36.90240274 0.20228994 36.79241934
  jla_mock 0.030325 35.52893313 0.18207848 35.69463564
  jla_mock 0.074579 37.63707719 0.21872943 37.72200368
  jla_mock 0.025198 35.07311970 0.22034080 35.27019548
  jla_mock 0.014411 33.87413942 0.20528439 34.03100129
  jla_mock 0.020792 34.71002809 0.19750056 34.84402582
  jla_mock 0.035218 35.76268716 0.20378488 36.02701442
  jla_mock 0.041657 36.39667904 0.21523275 36.40181746
  jla_mock 0.042400 36.21052019 0.20618664 36.44334925
  jla_mock 0.018902 34.70298044 0.18361956 34.61733569
  jla_mock 0.078840 37.79607550 0.21534076 37.84871212
  jla_mock 0.063345 37.67851498 0.20758765 37.34892997
  jla_mock 0.027637 35.54462363 0.23141589 35.48155629
  jla_mock 0.049325 36.92455181 0.21068097 36.78320287
  jla_mock 0.070153 37.77841350 0.22041411 37.58116850
  jla_mock 0.023909 35.25222394 0.18367797 35.15849228
  jla_mock 0.053126 36.77633910 0.22335947 36.95053545
  jla_mock 0.024951 35.19444588 0.18978288 35.24879075
  jla_mock 0.015664 34.31646040 0.20165316 34.22896394
  jla_mock 0.048984 36.55210943 0.15985830 36.76700280
  jla_mock 0.022399 35.11443926 0.18927946 35.02763749
  jla_mock 0.034854 36.27629046 0.23666209 36.00228810
  jla_mock 0.016966 34.29764121 0.20291443 34.38512824
  jla_mock 0.030721 35.56990850 0.18171781 35.72153570
  jla_mock 0.030482 35.57207187 0.18203752 35.70530056
  jla_mock 0.010550 33.35851026 0.21945028 33.27241718
  jla_mock 0.014256 33.56402024 0.17170736 34.00054790
  jla_mock 0.027688 35.28803409 0.18124529 35.48597589
  jla_mock 0.053860 36.91424048 0.15903793 36.98086424
  jla_mock 0.017672 34.13632178 0.19251135 34.46980720
  jla_mock 0.017450 34.58871836 0.17037052 34.44318011
  jla_mock 0.015573 34.01700718 0.20219934 34.21804923
  jla_mock 0.010060 33.23070574 0.23112569 33.17614517
  jla_mock 0.054931 36.86804494 0.18431298 37.02511783
  jla_mock 0.039083 36.01877285 0.16317419 36.25793746
  jla_mock 0.078317 38.04481162 0.18391968 37.83315978
  jla_mock 0.031764 35.79809376 0.15356487 35.79238611
  jla_mock 0.014440 34.18757575 0.22581465 34.03669902
  jla_mock 0.013533 33.81901332 0.22079334 33.85849757
  jla_mock 0.026677 35.26808434 0.19349962 35.39836385
  jla_mock 0.023360 35.18816289 0.17880596 35.11091660
  jla_mock 0.036934 36.30246140 0.19001518 36.13781387
  jla_mock 0.023552 34.85142886 0.17819828 35.12755509
  jla_mock 0.017483 33.95439275 0.19211831 34.44713819
  jla_mock 0.040259 36.43259004 0.17447686 36.32367284
  jla_mock 0.030381 35.55371114 0.20408145 35.69843968
  jla_mock 0.015504 34.14443443 0.20027602 34.20977324
  jla_mock 0.014151 33.70839473 0.18788306 33.97991818
  jla_mock 0.015487 34.38589288 0.18431337 34.20773422
  jla_mock 0.015554 34.14643858 0.19852180 34.21577033
  jla_mock 0.037075 36.30911119 0.15485493 36.14569541
  jla_mock 0.015482 34.47190675 0.20249750 34.20713452
  jla_mock 0.013324 34.03125077 0.18643777 33.81743462
  jla_mock 0.014575 34.04700484 0.20791179 34.06322294
  jla_mock 0.015791 34.34322974 0.19846605 34.24419655
  jla_mock 0.024746 35.01902607 0.17954713 35.23102570
  jla_mock 0.027748 35.25878950 0.17503344 35.49117542
  jla_mock 0.010888 33.00415144 0.25477943 33.33882522
  jla_mock 0.013652 33.89559773 0.18670962 33.88187792
  jla_mock 0.035755 35.85705037 0.16295663 36.06349253
  jla_mock 0.024725 35.19062433 0.17710562 35.22920587
  jla_mock 0.038086 36.28118177 0.17051564 36.20220772
  jla_mock 0.021541 35.08774208 0.17711857 34.93386228
  jla_mock 0.019581 34.20533309 0.17898631 34.69877622
  jla_mock 0.030416 35.40715660 0.17571774 35.70081721
  jla_mock 0.039219 36.29799473 0.17021381 36.26553951
  jla_mock 0.034971 36.05925018 0.15987848 36.01023585
  jla_mock 0.028561 35.51179665 0.17650121 35.56162903
  jla_mock 0.020997 35.19075515 0.18822756 34.86861390
  jla_mock 0.032538 35.62893991 0.18232286 35.84496350
  jla_mock 0.015469 34.10587957 0.19318910 34.20557527
  jla_mock 0.015678 34.45372021 0.20747940 34.23064312
  jla_mock 0.027499 35.39797929 0.15598630 35.46959738
  jla_mock 0.046856 36.77185859 0.17134850 36.66590675
  jla_mock 0.033173 35.78023778 0.18295753 35.88809870
  jla_mock 0.010291 33.42501592 0.23549671 33.22153055
  jla_mock 0.080103 37.94220405 0.17116407 37.88626968
  jla_mock 0.012317 33.75681553 0.20020781 33.61958582
  jla_mock 0.024586 35.28857376 0.20631378 35.21716029
  jla_mock 0.014467 33.69387267 0.20827809 34.04200380
  jla_mock 0.015154 34.22990168 0.18399751 34.16779358
  jla_mock 0.029086 35.67931644 0.17337203 35.60712490
  jla_mock 0.034781 36.06844524 0.17928903 35.99732925
  jla_mock 0.044920 36.88309102 0.14070569 36.57393215
  jla_mock 0.034074 35.88452667 0.16958177 35.94930313
  jla_mock 0.074870 37.54318393 0.14386215 37.73065708
  jla_mock 0.014960 34.04233116 0.19782876 34.13886523
  jla_mock 0.020396 34.56372691 0.17103812 34.79652884
  jla_mock 0.040689 36.44398472 0.17468105 36.34770874
  jla_mock 0.026567 35.84740361 0.18033141 35.38883138
  jla_mock 0.026881 35.28662653 0.15330990 35.41604224
  jla_mock 0.023471 35.01559230 0.17597781 35.12053573
  jla_mock 0.069122 37.96036452 0.19117659 37.54735393
  jla_mock 0.065193 37.29260080 0.15879632 37.41650383
  jla_mock 0.022980 35.13117431 0.17790505 35.07798626
  jla_mock 0.017387 34.47325012 0.19829162 34.43562377
  jla_mock 0.031485 35.55521385 0.15108749 35.77343379
  jla_mock 0.011184 33.06239146 0.19447979 33.39698137
  jla_mock 0.021956 35.02170076 0.17567209 34.98363815
  jla_mock 0.031484 35.56915891 0.15080691 35.77336586
  jla_mock 0.023321 35.32274768 0.20285194 35.10753691
  jla_mock 0.020390 34.53940750 0.18300723 34.79580919
  jla_mock 0.022466 34.94756113 0.18140785 35.03344363
  jla_mock 0.033614 35.62406932 0.18044129 35.91805559
  jla_mock 0.036969 36.05216888 0.17916902 36.13977028
  jla_mock 0.022629 34.89932260 0.18007478 35.04756902
  jla_mock 0.014700 34.14399600 0.18462322 34.08778212
  jla_mock 0.036950 36.37865849 0.14876338 36.13870823
  jla_mock 0.060959 37.10026410 0.12531329 37.26168363
  jla_mock 0.059289 37.08803722 0.12135718 37.20061851
  jla_mock 0.069751 37.56441787 0.15873536 37.56798377
  jla_mock 0.029526 35.60244460 0.17470465 35.64036001
  jla_mock 0.033255 35.55434945 0.17565362 35.89366892
  jla_mock 0.024159 35.20596362 0.18124182 35.18015698
  jla_mock 0.015999 34.64721741 0.19155982 34.26914446
  jla_mock 0.062961 37.09992521 0.16530929 37.33488865
  jla_mock 0.021706 35.18081240 0.19186355 34.95365268
  jla_mock 0.031638 35.85917151 0.18943844 35.78382700
  jla_mock 0.018599 34.52704649 0.17304818 34.58099331
  jla_mock 0.027064 35.24335397 0.17332763 35.43190080
  jla_mock 0.025468 35.32030529 0.18469991 35.29359335
  jla_mock 0.023810 35.21935054 0.19336693 35.14991306
  jla_mock 0.023867 34.68844717 0.18298494 35.15485261
  jla_mock 0.022068 35.04190329 0.16678206 34.99707164
