  jla_mock 0.503084 42.22885528 0.14571158 42.35108100
  jla_mock 0.580724 42.47374568 0.16122778 42.72552632
  jla_mock 0.494795 42.39383182 0.12070859 42.30795504
  jla_mock 0.345928 41.24486193 0.13253081 41.39118194
  jla_mock 0.677662 43.16529421 0.22871689 43.13175210
  jla_mock 0.610712 43.32245717 0.22548733 42.85765176
  jla_mock 0.866494 44.14221631 0.25803499 43.78417385
  jla_mock 0.330932 41.26408111 0.12801230 41.27954507
  jla_mock 0.798566 43.35854050 0.25919990 43.56688646
  jla_mock 0.449562 41.96243472 0.16139765 42.06009851
  jla_mock 0.371443 41.66880383 0.14921889 41.57157260
  jla_mock 0.291718 40.83038543 0.14231442 40.96335873
  jla_mock 0.355820 41.42281536 0.14101044 41.46251312
  jla_mock 0.461274 42.08193954 0.15587207 42.12639800
  jla_mock 0.283610 40.99488911 0.13055630 40.89319599
  jla_mock 0.632234 42.82448571 0.22182909 42.94875922
  jla_mock 0.466414 42.04542175 0.17243727 42.15507604
  jla_mock 0.268624 40.59265786 0.12820280 40.75864558
  jla_mock 0.946890 44.38674610 0.29224985 44.02088236
  jla_mock 0.924917 44.04746691 0.31213110 43.95825216
  jla_mock 0.693165 43.02867091 0.29243158 43.19149304
  jla_mock 0.625233 43.29249202 0.19088816 42.91943219
  jla_mock 0.896944 43.51220446 0.26745476 43.87629010
  jla_mock 0.608261 42.68840611 0.15987482 42.84713700
  jla_mock 0.789054 43.97242698 0.26932700 43.53500333
  jla_mock 0.578292 42.79992916 0.14637659 42.71452713
  jla_mock 0.590280 42.91927054 0.18966931 42.76830634
  jla_mock 0.719626 43.11031604 0.25305179 43.29065226
  jla_mock 0.210032 40.11841505 0.13132256 40.15483080
  jla_mock 0.766590 43.43693098 0.22576765 43.45828289
  jla_mock 0.858513 43.70848404 0.22289539 43.75956030
  jla_mock 0.367904 41.55279538 0.09931133 41.54729890
  jla_mock 0.558746 42.55003237 0.15678156 42.62454440
  jla_mock 0.848509 43.40347816 0.21739327 43.72833562
  jla_mock 0.996390 43.95095127 0.24266005 44.15702957
  jla_mock 0.776594 43.41035093 0.26449227 43.49271322
  jla_mock 0.582932 42.66965822 0.13306958 42.73551243
  jla_mock 0.583743 42.73656766 0.16752875 42.73918034
  jla_mock 0.796552 43.50198154 0.22887969 43.56021387
  jla_mock 0.588721 42.53401077 0.15579306 42.76137980
  jla_mock 0.913473 44.28358409 0.24294053 43.92502563
  jla_mock 0.768587 43.26453627 0.23905376 43.46520986
  jla_mock 0.948455 43.92139443 0.26528102 44.02529941
  jla_mock 0.513793 42.49250614 0.15287930 42.40582273
  jla_mock 0.733609 43.38929670 0.19294483 43.34167511
  jla_mock 0.637701 42.75396375 0.27010736 42.97142091
  jla_mock 0.765588 43.29184911 0.21113574 43.45480726
  jla_mock 0.434861 42.03656818 0.15772880 41.97448442
  jla_mock 0.983407 43.92862629 0.25879722 44.12197372
  jla_mock 0.583743 42.70098573 0.16232669 42.73918034
  jla_mock 0.700631 43.54635419 0.21687358 43.21987569
  jla_mock 0.662058 43.19587206 0.21294856 43.07025770
  jla_mock 0.838126 43.24817441 0.28077453 43.69551364
  jla_mock 0.621874 42.86171565 0.17546981 42.90526861
  jla_mock 0.370586 41.56217508 0.14291643 41.56574760
  jla_mock 0.416632 41.94542385 0.13815441 41.86461950
  jla_mock 0.358570 41.40011191 0.10704088 41.48212572
  jla_mock 0.451681 42.17745392 0.15278703 42.07216742
  jla_mock 0.522762 42.57726837 0.16112888 42.45088093
  jla_mock 0.733996 43.35723007 0.30408870 43.34308204
  jla_mock 0.701965 43.02844777 0.31176741 43.22488288
  jla_mock 0.742008 43.36838358 0.29013165 43.37180407
  jla_mock 0.746118 42.87304882 0.21822021 43.38651198
  jla_mock 0.349560 41.48314329 0.13472825 41.41773364
  jla_mock 0.591835 42.69461777 0.15357327 42.77521512
  jla_mock 0.514746 42.24666118 0.15561143 42.41063888
  jla_mock 0.620632 42.69544946 0.18447364 42.90003158
  jla_mock 0.643646 42.56794632 0.24392132 42.99587363
  jla_mock 1.002795 44.07344862 0.33216844 44.17412957
  jla_mock 0.470586 42.28535626 0.14420733 42.17805785
  jla_mock 0.610643 42.86370804 0.15877872 42.85735575
  jla_mock 0.263487 40.61338435 0.12804977 40.71059074
  jla_mock 0.358336 41.52535752 0.12918713 41.48045687
  jla_mock 0.742697 43.26863648 0.25908753 43.37426971
  jla_mock 0.451556 42.11718296 0.11538935 42.07145547
  jla_mock 0.910752 43.98757455 0.26164869 43.91705349
  jla_mock 0.552605 42.88664438 0.15821060 42.59574777
  jla_mock 0.337534 41.20309371 0.12813367 41.32918083
  jla_mock 0.750681 43.09932461 0.24281434 43.40263657
  jla_mock 0.983777 43.75747298 0.34665096 44.12297525
  jla_mock 0.822697 43.77571861 0.22175759 43.64609281
  jla_mock 0.813696 43.36711216 0.24256727 43.61677497
  jla_mock 0.950763 44.29461325 0.26472927 44.03181349
  jla_mock 0.817732 43.42390617 0.24643394 43.62994659
  jla_mock 0.340520 41.36762309 0.12574260 41.35156774
  jla_mock 0.960751 43.89062604 0.28766046 44.05969252
  jla_mock 0.810720 43.51896311 0.27275574 43.60706270
  jla_mock 0.756687 43.30766710 0.24755189 43.42379562
  jla_mock 0.611252 42.89951973 0.18572910 42.85996836
  jla_mock 0.877971 43.61373897 0.22378685 43.81925155
  jla_mock 0.548325 42.63659579 0.14258079 42.57535592
  jla_mock 0.809032 43.48520818 0.23222084 43.60155386
  jla_mock 1.028800 43.93235555 0.28337345 44.24255906
  jla_mock 0.627239 42.77138891 0.17555461 42.92789070
  jla_mock 0.422452 41.97035015 0.15606690 41.90009559
  jla_mock 0.933900 44.71194074 0.34999950 43.98400344
  jla_mock 0.701158 43.12057043 0.22740618 43.22185379
  jla_mock 0.697164 43.21215953 0.20952266 43.20674812
  jla_mock 0.685179 43.10221340 0.27044472 43.16089914
  jla_mock 0.767075 43.60069838 0.25233801 43.45996521
  jla_mock 0.931901 44.30803646 0.25136810 43.97828133
  jla_mock 0.863978 43.69352323 0.24510246 43.77643514
  jla_mock 0.749100 43.64506483 0.22590126 43.39706674
  jla_mock 0.514353 42.49657602 0.15357466 42.40865279
  jla_mock 0.468406 42.25875609 0.11440416 42.16613949
  jla_mock 0.470398 42.19920920 0.15654577 42.17703003
  jla_mock 0.958871 43.65372618 0.27681249 44.05446029
  jla_mock 0.927909 43.81490247 0.29724149 43.96685429
  jla_mock 0.840522 43.56577738 0.21913135 43.70310328
  jla_mock 0.630699 42.74349640 0.17083127 42.94239637
  jla_mock 0.562751 42.65525921 0.14440652 42.64332481
  jla_mock 0.615698 42.69305294 0.16969222 42.87904165
  jla_mock 0.828528 43.75301857 0.22446355 43.66483979
  jla_mock 0.564741 42.88018729 0.16042692 42.65249802
  jla_mock 0.578745 42.51234152 0.14758356 42.71657591
  jla_mock 0.557743 42.85344238 0.15831963 42.61984109
  jla_mock 0.864497 43.29120443 0.22870035 43.77803148
  jla_mock 0.735608 43.26445814 0.23468503 43.34890124
  jla_mock 0.858507 43.80997266 0.28336591 43.75954157
  jla_mock 0.261984 40.68345847 0.10443414 40.69650477
  jla_mock 0.585743 42.67874444 0.18660838 42.74814872
  jla_mock 0.761580 43.17348910 0.21598834 43.44090475
  jla_mock 0.488800 42.17774797 0.11155101 42.27645931
  jla_mock 0.858516 43.97558393 0.27431051 43.75956966
  jla_mock 0.688656 43.10104624 0.18053033 43.17429244
  jla_mock 0.558743 42.69351457 0.15491557 42.62453033
  jla_mock 0.324532 41.15784814 0.12601850 41.23031081
  jla_mock 0.480704 42.24364293 0.10839252 42.23310364
  jla_mock 0.185371 39.96418524 0.13095679 39.85267084
  jla_mock 0.922221 43.49861542 0.33854809 43.95042459
  jla_mock 0.681942 43.32420618 0.19640351 43.14834773
  jla_mock 0.475707 42.14034008 0.10811298 42.20605508
  jla_mock 0.922210 43.73043774 0.27644363 43.95039265
  jla_mock 0.893183 43.59588136 0.25783329 43.86505298
  jla_mock 0.428646 41.98915249 0.14143599 41.93756341
  jla_mock 0.631882 42.63043708 0.23474045 42.94730012
  jla_mock 0.699960 43.44618249 0.25834877 43.21735709
  jla_mock 0.736007 43.17094573 0.26468680 43.35032909
  jla_mock 0.575823 42.82536649 0.15953941 42.70336060
  jla_mock 0.418633 41.90093589 0.10651651 41.87691426
  jla_mock 0.511746 42.43457971 0.12000546 42.39547784
  jla_mock 0.535771 42.47039593 0.12653138 42.51490290
  jla_mock 0.641893 43.11988464 0.21547239 42.98872907
  jla_mock 0.734996 43.49650224 0.22720400 43.34671116
  jla_mock 0.351560 41.23282077 0.13079492 41.43213142
  jla_mock 0.609860 43.13503552 0.17401244 42.85399669
  jla_mock 0.349557 41.32737963 0.13436921 41.41771171
  jla_mock 0.701969 43.38826175 0.18819535 43.22489789
  jla_mock 0.355261 41.40948500 0.10427939 41.45852641
  jla_mock 0.983280 43.62996302 0.25756994 44.12162996
  jla_mock 0.872152 44.01193834 0.26597542 43.80157672
  jla_mock 0.759030 43.45903522 0.20819082 43.43204997
  jla_mock 0.926220 44.37828244 0.24599386 43.96201956
  jla_mock 0.643642 42.82411306 0.22846121 42.99585733
  jla_mock 0.419569 41.86642529 0.13772753 41.88259578
  jla_mock 0.515587 42.28142278 0.20313602 42.41488903
  jla_mock 0.890729 43.95407097 0.21057911 43.85772092
  jla_mock 0.805696 43.06879471 0.22987004 43.59050885
  jla_mock 0.480568 42.21408814 0.10874993 42.23237487
  jla_mock 0.800697 43.23472203 0.24546005 43.57394667
  jla_mock 0.580604 42.58948516 0.18881444 42.72498360
  jla_mock 0.715652 43.28804039 0.24396561 43.27597318
  jla_mock 0.805695 43.53569122 0.23276535 43.59050554
  jla_mock 0.766684 43.10022048 0.25283777 43.45860895
  jla_mock 0.664638 43.10209067 0.19578546 43.08055024
  jla_mock 0.901736 43.81284813 0.25190507 43.89049989
  jla_mock 0.745665 43.32951771 0.21142864 43.38489089
  jla_mock 0.718680 43.39492078 0.20380008 43.28715794
  jla_mock 0.736690 43.50766087 0.19636251 43.35277325
  jla_mock 0.579600 42.79110779 0.12084594 42.72044282
  jla_mock 0.370531 41.55515643 0.10256736 41.56537377
  jla_mock 0.960740 44.06818699 0.23956115 44.05966190
  jla_mock 0.850729 43.33781977 0.21179952 43.73526472
  jla_mock 0.648640 43.04705153 0.19254569 43.01622729
  jla_mock 0.219462 40.15425588 0.13036783 40.26165884
  jla_mock 0.936755 44.06362109 0.24129989 43.99217583
  jla_mock 0.647639 42.92850849 0.17876349 43.01214759
  jla_mock 0.461564 42.11574485 0.13341110 42.12801602
  jla_mock 0.600603 42.54710290 0.17945434 42.81380214
  jla_mock 0.670654 42.70954037 0.23100742 43.10426437
  jla_mock 0.760698 43.28120966 0.20946016 43.43784537
  jla_mock 0.246492 40.49740123 0.13212126 40.54611375
  jla_mock 0.470573 42.41543227 0.14759396 42.17798678
  jla_mock 0.169455 39.63710312 0.11209573 39.63714984
  jla_mock 0.497379 42.31283155 0.12912927 42.32153052
  jla_mock 0.638234 42.86867133 0.19688575 42.97363029
  jla_mock 0.507371 42.11428145 0.14542671 42.37316793
  jla_mock 0.535327 42.33996404 0.14229510 42.51274244
  jla_mock 0.587285 42.84207152 0.16639385 42.75499974
  jla_mock 0.773081 43.26482582 0.25620999 43.48071408
  jla_mock 0.699166 43.47055003 0.22210270 43.21437680
  jla_mock 0.370511 41.56101145 0.12736057 41.56523783
  jla_mock 0.761089 43.39557306 0.22808946 43.43920163
  jla_mock 0.699169 43.04018626 0.21959570 43.21438806
  jla_mock 0.788060 43.42771425 0.19242158 43.53165972
  jla_mock 0.373513 41.68819125 0.13202741 41.58564233
  jla_mock 0.405478 41.93857316 0.13198879 41.79507834
  jla_mock 0.852994 43.32749222 0.25729076 43.74233429
  jla_mock 0.808048 43.79279252 0.24185374 43.59830126
  jla_mock 0.603272 42.86370706 0.18397635 42.82545340
  jla_mock 0.583290 42.84660810 0.17902789 42.73713156
  jla_mock 0.534335 42.45706655 0.14774220 42.50791545
  jla_mock 0.720140 43.06087236 0.24070231 43.29255086
  jla_mock 0.400485 41.47142184 0.21060605 41.76340376
  jla_mock 0.837004 43.95098332 0.21502566 43.69195956
  jla_mock 0.371508 41.55247608 0.10193219 41.57201440
  jla_mock 0.806041 43.48938063 0.25907683 43.59165187
  jla_mock 0.840005 43.64945133 0.23506835 43.70146561
  jla_mock 0.500728 42.32959708 0.12981336 42.33894272
  jla_mock 0.532765 42.55210945 0.17422186 42.50027598
  jla_mock 0.533766 42.67939555 0.18215335 42.50514675
  jla_mock 0.932229 43.87225406 0.34152943 43.97922023
  jla_mock 0.822103 43.80479615 0.25790730 43.64418307
  jla_mock 0.553797 42.51793974 0.13544877 42.60133735
  jla_mock 0.125298 38.91311485 0.13709229 38.92231622
  jla_mock 0.842123 43.73681793 0.28302626 43.70817465
  jla_mock 0.443668 41.89668417 0.15186631 42.02604866
  jla_mock 0.727675 43.20643632 0.24978201 43.32010216
  jla_mock 0.683659 42.82974603 0.41253064 43.15500537
  jla_mock 0.442548 41.93547267 0.13367762 42.01953486
  jla_mock 0.726679 43.24841362 0.20021505 43.31648122
  jla_mock 0.282510 40.98156252 0.12747632 40.88348566
  jla_mock 0.404549 41.68782442 0.12965359 41.78918496
  jla_mock 0.519611 42.56603401 0.13964385 42.43522504
  jla_mock 0.690652 43.17664588 0.23214813 43.18190663
  jla_mock 1.060801 44.04420325 0.27869308 44.32447227
  jla_mock 0.576612 42.81008728 0.15376326 42.70692901
  jla_mock 0.268489 40.73003460 0.12614174 40.75741813
  jla_mock 0.720680 42.97424799 0.25106936 43.29454550
  jla_mock 0.250498 40.64097052 0.13111277 40.58610363
  jla_mock 0.760691 43.84352373 0.27664014 43.43782109
  jla_mock 0.698167 43.55276345 0.26129048 43.21057429
  jla_mock 0.550315 42.59938031 0.16854352 42.58486067
  jla_mock 0.730128 43.33693833 0.23524622 43.32902000
  jla_mock 0.847985 43.52977790 0.24702775 43.72670010
  jla_mock 0.997826 44.42205322 0.24705649 44.16086339
  jla_mock 0.435446 42.02878883 0.13052406 41.97795969
  jla_mock 0.409470 41.80756760 0.12922369 41.82018436
  jla_mock 0.301590 41.09144547 0.12598595 41.04647939
  jla_mock 1.299106 44.73025458 0.19340708 44.86649555
  jla_mock 1.020807 44.26943332 0.23668119 44.22175183
  jla_mock 0.839734 43.95358237 0.19264717 43.70060719
  jla_mock 1.120850 44.68681914 0.20807086 44.47175959
  jla_mock 1.230892 44.52288541 0.23900250 44.72227987
  jla_mock 0.974230 44.19182505 0.18427047 44.09690728
  jla_mock 0.970782 43.80079299 0.33863365 44.08744397
  jla_mock 0.064229 37.44462395 0.15072784 37.38125426
  jla_mock 0.129030 39.07475898 0.16416611 38.99103288
  jla_mock 0.102890 38.62078131 0.14983539 38.46320916
  jla_mock 0.044130 36.56714917 0.17359564 36.53640119
  jla_mock 0.113040 38.74945050 0.15276523 38.68140463
  jla_mock 0.256110 40.77003997 0.20496122 40.64044730
  jla_mock 0.380260 41.39792626 0.28702753 41.63127303
  jla_mock 0.145470 39.09585251 0.16218924 39.27385898
  jla_mock 0.088890 38.17579845 0.14636771 38.12524312
  jla_mock 0.260590 40.81063626 0.18294429 40.68344034
  jla_mock 0.078910 37.82479010 0.15602647 37.85079369
  jla_mock 0.083040 37.80435815 0.15331705 37.96757382
  jla_mock 0.165650 39.70611733 0.13854363 39.58315350
  jla_mock 0.168170 39.56596896 0.16196037 39.61913704
  jla_mock 0.170630 39.51917259 0.16520984 39.65362070
  jla_mock 0.170280 39.70790282 0.17035518 39.64871449
  jla_mock 0.120440 38.54387857 0.15109792 38.82967597
  jla_mock 0.276530 40.64940751 0.21443501 40.83052825
  jla_mock 0.231600 40.28264741 0.18253328 40.39327881
  jla_mock 0.305690 40.92632124 0.26735001 41.08031431
  jla_mock 0.079970 37.77144025 0.16566195 37.88231469
  jla_mock 0.174150 39.80708484 0.15831009 39.70296318
  jla_mock 0.138680 39.19273368 0.16604939 39.16075605
  jla_mock 0.146070 39.47484068 0.16391832 39.28355706
  jla_mock 0.081330 38.34651826 0.14393418 37.92106160
  jla_mock 0.233800 40.35910856 0.17178002 40.41664409
  jla_mock 0.256550 40.78537251 0.17733386 40.64470129
  jla_mock 0.245620 40.15798521 0.20041043 40.53740902
  jla_mock 0.125930 39.16827198 0.19132506 38.93436823
  jla_mock 0.223510 40.32530266 0.21582750 40.30640047
  jla_mock 0.102640 38.32202306 0.14663754 38.45739969
  jla_mock 0.119670 38.74437588 0.14566661 38.81499236
  jla_mock 0.180550 39.84848082 0.16851019 39.78925613
  jla_mock 0.197090 40.06357973 0.17389574 40.00058301
  jla_mock 0.229160 40.53011554 0.19939442 40.36723751
  jla_mock 0.264510 40.87761778 0.19876199 40.72017820
  jla_mock 0.103370 38.42620509 0.12264053 38.47436335
  jla_mock 0.364410 41.04933407 0.23042794 41.52297770
  jla_mock 0.205600 40.28707087 0.15584351 40.10300055
  jla_mock 0.179810 39.60067381 0.19620482 39.77932421
  jla_mock 0.199590 39.86673305 0.18224440 40.03149756
  jla_mock 0.156530 39.23150666 0.15012954 39.44792878
  jla_mock 0.161800 39.60367036 0.14760764 39.52668171
  jla_mock 0.209530 40.44802702 0.20608020 40.14907809
  jla_mock 0.241790 40.52395678 0.19813238 40.49907425
  jla_mock 0.236460 40.48452542 0.16266354 40.44408642
  jla_mock 0.226680 40.32925699 0.21050732 40.34076930
  jla_mock 0.296780 40.95598444 0.19716042 41.00636879
  jla_mock 0.208520 39.90651740 0.16317028 40.13750389
  jla_mock 0.251040 40.53774594 0.22085837 40.59142971
  jla_mock 0.250120 40.70189997 0.17967388 40.58233025
  jla_mock 0.117710 38.78269938 0.14551100 38.77612598
  jla_mock 0.219710 40.09362086 0.16999397 40.26439993
  jla_mock 0.149010 39.36191835 0.14890457 39.33107762
  jla_mock 0.287420 41.03134269 0.18840122 40.92649529
  jla_mock 0.143600 39.24421174 0.16639625 39.24363332
  jla_mock 0.328370 41.43980647 0.19601268 41.25983598
  jla_mock 0.246250 40.42504804 0.16506508 40.54369799
  jla_mock 0.119660 38.81513844 0.15026680 38.81480166
  jla_mock 0.328380 41.66889940 0.27642285 41.25991291
  jla_mock 0.215130 40.12826200 0.18366862 40.21325182
  jla_mock 0.144780 39.42694974 0.13616902 39.26270620
  jla_mock 0.132430 38.74073560 0.12839376 39.05220730
  jla_mock 0.210820 40.02976321 0.16235031 40.16386096
  jla_mock 0.203990 39.98366338 0.15780808 40.08384780
  jla_mock 0.279520 40.83282339 0.16701092 40.85709122
  jla_mock 0.044280 36.50464549 0.15509722 36.54352732
  jla_mock 0.180370 39.89087139 0.15078404 39.78684026
  jla_mock 0.260700 40.70931681 0.18972170 40.68447125
  jla_mock 0.056540 36.77177065 0.18696980 37.09160151
  jla_mock 0.212600 40.14568335 0.19194689 40.18425904
  jla_mock 0.369410 41.79695806 0.23700047 41.55775436
  jla_mock 0.173860 39.69655002 0.13051969 39.69889803
  jla_mock 0.142650 39.12903185 0.16862649 39.22827803
  jla_mock 0.177890 39.81097176 0.17323466 39.75355491
  jla_mock 0.328370 41.18807832 0.20656404 41.25983598
  jla_mock 0.253510 40.34534309 0.19560920 40.61531008
  jla_mock 0.300010 41.08633626 0.19320267 41.03330377
  jla_mock 0.105890 38.39769676 0.14607715 38.52910106
  jla_mock 0.223280 40.28144315 0.16843887 40.30385834
  jla_mock 0.118450 38.76734682 0.12252294 38.79113535
  jla_mock 0.176530 39.88199773 0.17118858 39.73530166
  jla_mock 0.182800 40.13873804 0.18906536 39.81945453
  jla_mock 0.297620 41.18958730 0.22708191 41.01337355
  jla_mock 0.196990 40.16909381 0.16336648 39.99934643
  jla_mock 0.152950 39.49197148 0.14755004 39.39286806
  jla_mock 0.248500 40.39471068 0.17447627 40.56615860
  jla_mock 0.138180 39.17039183 0.12408786 39.15224127
  jla_mock 0.207040 40.12959686 0.17044837 40.12013097
  jla_mock 0.214680 40.12832928 0.18059604 40.20809500
  jla_mock 0.306320 40.48866632 0.21502986 41.08542547
  jla_mock 0.246950 40.31610359 0.17120148 40.55068574
  jla_mock 0.198010 40.19584434 0.14489973 40.01195956
  jla_mock 0.222560 40.26695235 0.15195110 40.29590034
  jla_mock 0.135080 39.11008266 0.15130600 39.09944962
  jla_mock 0.210540 40.12477250 0.18260591 40.16065228
  jla_mock 0.272580 40.76504536 0.16910743 40.79461419
  jla_mock 0.246600 40.60351684 0.16168519 40.54719186
  jla_mock 0.220680 40.19055696 0.19428942 40.27512112
  jla_mock 0.274470 40.93362574 0.19147108 40.81179838
  jla_mock 0.176560 39.82057283 0.15540451 39.73570430
  jla_mock 0.310880 41.38942864 0.22015615 41.12242051
  jla_mock 0.184350 40.07026273 0.17307932 39.83952780
  jla_mock 0.159350 39.52376428 0.14827050 39.49074512
  jla_mock 0.219760 40.31062987 0.16604587 40.26495257
  jla_mock 0.252050 40.30006020 0.18410044 40.60119456
  jla_mock 0.181220 39.84959942 0.14940352 39.79824854
  jla_mock 0.173730 39.73351805 0.13336424 39.69707572
  jla_mock 0.380470 41.94475322 0.24246083 41.63266739
  jla_mock 0.178650 39.92338291 0.17172186 39.76375526
  jla_mock 0.245680 40.55056128 0.18910008 40.53800797
  jla_mock 0.209100 39.88192712 0.16102286 40.14415046
  jla_mock 0.249470 40.39516666 0.20970726 40.57584163
  jla_mock 0.133920 39.21262794 0.16606211 39.07901608
  jla_mock 0.177060 39.70647466 0.16039966 39.74241506
  jla_mock 0.281110 41.11260177 0.18775324 40.87112706
  jla_mock 0.173830 39.70494959 0.15186906 39.69847750
  jla_mock 0.196540 40.01142797 0.16513423 39.99378181
  jla_mock 0.363970 41.47351789 0.22724835 41.51991492
  jla_mock 0.378350 41.58941358 0.26733097 41.61851927
  jla_mock 0.316460 41.25865585 0.21038880 41.16699585
  jla_mock 0.183220 39.77224290 0.13519430 39.82498164
  jla_mock 0.241020 40.67398964 0.16773658 40.49113042
  jla_mock 0.202030 40.08241668 0.19953174 40.06053140
  jla_mock 0.168690 39.49204869 0.16511959 39.62642627
  jla_mock 0.197940 39.90301654 0.17492454 40.01109396
  jla_mock 0.122760 38.93054991 0.14574653 38.87391751
  jla_mock 0.203180 40.17617212 0.16105255 40.07421194
  jla_mock 0.127390 38.94267327 0.14895509 38.96152523
  jla_mock 0.275490 40.65361617 0.19972760 40.82107239
  jla_mock 0.144680 39.18989597 0.14721731 39.26108985
  jla_mock 0.334360 41.49125656 0.24977783 41.30538443
  jla_mock 0.195800 39.68866837 0.15392559 39.98463111
  jla_mock 0.193920 40.02524349 0.16374737 39.96138337
  jla_mock 0.249730 40.69287131 0.18580683 40.57843707
  jla_mock 0.148600 39.40252142 0.14879989 39.32445060
  jla_mock 0.155960 39.43750993 0.14872192 39.43916213
  jla_mock 0.095820 38.08134850 0.15034816 38.29891732
  jla_mock 0.150650 39.35615941 0.15872946 39.35749386
  jla_mock 0.309330 40.96931987 0.24715745 41.10984544
  jla_mock 0.248570 40.64113642 0.17340396 40.56685738
  jla_mock 0.365540 41.68604743 0.24311996 41.53084345
  jla_mock 0.117710 39.06466578 0.12847626 38.77612598
  jla_mock 0.191760 39.85558839 0.14428474 39.93467320
  jla_mock 0.182550 39.84106305 0.16171197 39.81609915
  jla_mock 0.234720 40.32473960 0.18444964 40.42613542
  jla_mock 0.246470 40.70822517 0.19927669 40.54589414
  jla_mock 0.288450 41.46475322 0.18873457 40.93532948
  jla_mock 0.209600 39.88073480 0.19927022 40.14988026
  jla_mock 0.191980 40.22586371 0.17965405 39.93739368
  jla_mock 0.114020 38.82830732 0.12215388 38.70128192
  jla_mock 0.113890 39.14262981 0.18397194 38.69864513
  jla_mock 0.198800 40.21547795 0.20967258 40.02172856
  jla_mock 0.220580 40.32993435 0.22796022 40.27401584
  jla_mock 0.182570 39.57778569 0.16453718 39.81636758
  jla_mock 0.158950 39.39557461 0.16372575 39.48487792
  jla_mock 0.078490 37.74480593 0.14911597 37.83830424
  jla_mock 0.138640 39.04904061 0.13217046 39.16007487
  jla_mock 0.180790 39.79927545 0.15445548 39.79247729
  jla_mock 0.177570 39.76494056 0.18629282 39.74926003
  jla_mock 0.170660 39.71987197 0.16102003 39.65404123
  jla_mock 0.233810 40.57575726 0.20858516 40.41674726
  jla_mock 0.071530 37.58143027 0.17410666 37.62633113
  jla_mock 0.154630 39.47517089 0.18791656 39.41870661
  jla_mock 0.090100 38.21345929 0.15950858 38.15556956
  jla_mock 0.176580 39.94836102 0.20448697 39.73597273
  jla_mock 0.130450 38.98785675 0.16440638 39.01658220
  jla_mock 0.182040 39.61611988 0.17166998 39.80925418
  jla_mock 0.256170 40.64767743 0.17261330 40.64102739
  jla_mock 0.138110 39.15976669 0.14854031 39.15104920
  jla_mock 0.170700 39.50172401 0.16749506 39.65460194
  jla_mock 0.216740 40.30047251 0.14793120 40.23157319
  jla_mock 0.245550 40.62950279 0.17887642 40.53671024
  jla_mock 0.143820 39.20307334 0.16709807 39.24718928
  jla_mock 0.248620 40.66098940 0.18856198 40.56735650
  jla_mock 0.145330 39.07259671 0.17138622 39.27159610
  jla_mock 0.135880 39.24376525 0.12760365 39.11307327
  jla_mock 0.058740 37.29348398 0.12754402 37.18054381
  jla_mock 0.036520 35.80186803 0.15191506 36.11467233
  jla_mock 0.277490 40.85740656 0.22703402 40.83917126
  jla_mock 0.205150 39.89923939 0.29701418 40.09764730
  jla_mock 0.280510 40.99356698 0.20078942 40.86583052
  jla_mock 0.198670 40.05180190 0.16215673 40.02012100
  jla_mock 0.159990 39.28547081 0.15164286 39.50013264
  jla_mock 0.210750 40.29607068 0.18113105 40.16305879
  jla_mock 0.071950 37.80518429 0.17245857 37.64010622
  jla_mock 0.237820 40.66590359 0.19074175 40.45811709
  jla_mock 0.141390 39.34018247 0.17359013 39.20690618
  jla_mock 0.155060 39.27770616 0.15760876 39.42532005
  jla_mock 0.370130 41.58294155 0.22886799 41.56264818
  jla_mock 0.093910 38.20924784 0.17056414 38.25106025
  jla_mock 0.118630 38.85883563 0.17057943 38.79478628
  jla_mock 0.153630 39.73991008 0.15381057 39.40332652
  jla_mock 0.253560 40.70152705 0.16809525 40.61579348
  jla_mock 0.107250 38.63438694 0.14420228 38.55855910
  jla_mock 0.129610 38.69408729 0.15302154 39.00146852
  jla_mock 0.266650 40.49951545 0.19376454 40.74023408
  jla_mock 0.212260 40.05376042 0.16262819 40.18036278
  jla_mock 0.278220 40.90436805 0.18167466 40.84561538
  jla_mock 0.245400 40.39528447 0.16811689 40.53521287
  jla_mock 0.133620 39.10216963 0.15059378 39.07361834
  jla_mock 0.176560 39.51417061 0.16208219 39.73570430
  jla_mock 0.113680 38.76908620 0.14584429 38.69438572
  jla_mock 0.320380 41.49152241 0.26368273 41.19795536
  jla_mock 0.112710 38.44163745 0.12253270 38.67471126
  jla_mock 0.106020 38.36411338 0.14472955 38.53191691
  jla_mock 0.391350 41.31186064 0.26610488 41.70446868
  jla_mock 0.155750 39.23741524 0.14611530 39.43593231
  jla_mock 0.186670 39.37331621 0.16762102 39.86939250
  jla_mock 0.196710 40.04263737 0.16669908 39.99588400
  jla_mock 0.191910 39.95382748 0.17339098 39.93652807
  jla_mock 0.190840 39.92529773 0.15087610 39.92307171
  jla_mock 0.176250 39.82258882 0.15361286 39.73154363
  jla_mock 0.128370 38.96899439 0.15035584 38.97915785
  jla_mock 0.122620 38.90647346 0.14734428 38.87124776
  jla_mock 0.127150 38.88983280 0.14706216 38.95720703
  jla_mock 0.213230 40.19127170 0.17620944 40.19147859
  jla_mock 0.218610 40.33187374 0.18110338 40.25224188
  jla_mock 0.268560 40.65510099 0.19152223 40.75806368
  jla_mock 0.204660 40.01584913 0.16518790 40.09181820
  jla_mock 0.267100 40.50870518 0.17377576 40.74445143
  jla_mock 0.217570 40.05238019 0.17264916 40.24074699
  jla_mock 0.241850 40.57728276 0.17151433 40.49969325
  jla_mock 0.293500 41.12281329 0.20071643 40.97864273
  jla_mock 0.353460 41.23782947 0.23113786 41.44568194
  jla_mock 0.185630 39.95079207 0.15494760 39.85600487
  jla_mock 0.285430 40.75458827 0.19928385 40.90926217
  jla_mock 0.194940 39.80318035 0.16836015 39.97399650
  jla_mock 0.075920 37.67947805 0.14499851 37.76188071
  jla_mock 0.163570 39.57185389 0.15777754 39.55264407
  jla_mock 0.257210 40.63567508 0.20821329 40.65108228
  jla_mock 0.219550 40.35401121 0.18725136 40.26263149
  jla_mock 0.175580 39.57318866 0.15163366 39.72255122
  jla_mock 0.226670 40.39351211 0.18608202 40.34066257
  jla_mock 0.153220 39.73453320 0.15082218 39.39702068
  jla_mock 0.210250 40.23973342 0.19550076 40.15732899
  jla_mock 0.121640 38.90378392 0.12361443 38.85255952
  jla_mock 0.291350 41.14726657 0.19904915 40.96020244
  jla_mock 0.294480 41.60243345 0.27859702 40.98704807
  jla_mock 0.164550 39.62339663 0.12599124 39.56701870
  jla_mock 0.307020 40.99842473 0.20906564 41.09110453
  jla_mock 0.198630 40.37553020 0.16157737 40.01962637
  jla_mock 0.268210 41.31570568 0.21539519 40.75485425
  jla_mock 0.401280 41.42875181 0.24823001 41.76844708
  jla_mock 0.136680 39.28982247 0.15334431 39.12669692
  jla_mock 0.295420 40.67024736 0.24720467 40.99502774
  jla_mock 0.291920 40.88636916 0.19219946 40.96509126
  jla_mock 0.090070 38.20400234 0.12096556 38.15481767
  jla_mock 0.205570 40.21699251 0.18292629 40.10264367
  jla_mock 0.145820 39.31380529 0.14934529 39.27951619
  jla_mock 0.117670 38.84157869 0.14486540 38.77531466
  jla_mock 0.054990 36.99994538 0.14997934 37.02755570
  jla_mock 0.174200 39.56809171 0.15142908 39.70366406
  jla_mock 0.244950 40.37742662 0.18020903 40.53072075
  jla_mock 0.224520 40.16490050 0.18249954 40.31756378
  jla_mock 0.245580 40.40377974 0.16228277 40.53700972
  jla_mock 0.283510 40.76240709 0.21250233 40.89231323
  jla_mock 0.180560 39.84847936 0.17619167 39.78939034
  jla_mock 0.103910 38.59374970 0.12352191 38.48621362
  jla_mock 0.129610 38.89434721 0.15326847 39.00146852
  jla_mock 0.243520 40.29670663 0.16045597 40.51644578
  jla_mock 0.331360 41.03868222 0.26935111 41.28283761
  jla_mock 0.243480 40.40159335 0.19048000 40.51604648
  jla_mock 0.314680 41.32350802 0.17577640 41.15293771
  jla_mock 0.218650 40.21451967 0.18935500 40.25268399
  jla_mock 0.260140 40.92176928 0.21925656 40.67922298
  jla_mock 0.282430 40.99828099 0.19830733 40.88277946
  jla_mock 0.300410 40.84796149 0.20581539 41.03663937
  jla_mock 0.151860 39.44777918 0.14864409 39.37610376
  jla_mock 0.263570 40.73415383 0.18936772 40.71136861
  jla_mock 0.213820 40.16255297 0.20621233 40.19823975
  jla_mock 0.162840 39.60386576 0.16761662 39.54193643
  jla_mock 0.124400 39.01082854 0.17140549 38.90519170
  jla_mock 0.194650 39.76412809 0.13938689 39.97041042
  jla_mock 0.205540 39.89989277 0.18299408 40.10228679
  jla_mock 0.106670 38.42490424 0.14588621 38.54599612
  jla_mock 0.187720 40.11593898 0.18724598 39.88290884
  jla_mock 0.163870 39.50378193 0.15682059 39.55704447
  jla_mock 0.290210 40.73096307 0.19470283 40.95042479
  jla_mock 0.094010 38.24204448 0.12497638 38.25356657
  jla_mock 0.227860 40.52410812 0.18009820 40.35336304
  jla_mock 0.107510 38.64674620 0.14764565 38.56419079
  jla_mock 0.310650 41.32161169 0.22259423 41.12055454
  jla_mock 0.145640 39.16635369 0.15575872 39.27660677
  jla_mock 0.087840 38.03675141 0.12609586 38.09813443
  jla_mock 0.148390 39.42342420 0.15572534 39.32105628
  jla_mock 0.286620 40.98370053 0.19365541 40.91963379
  jla_mock 0.122810 38.92017214 0.13329108 38.87487099
  jla_mock 0.186550 40.04417418 0.20280242 39.86784777
  jla_mock 0.128930 38.73804005 0.15503539 38.98923364
  jla_mock 0.194220 40.20178504 0.16863568 39.96509311
  jla_mock 0.148000 39.22904779 0.14676099 39.31475253
  jla_mock 0.211790 40.18655642 0.22866165 40.17497677
  jla_mock 0.179620 39.94526751 0.17351314 39.77677412
  jla_mock 0.263490 40.75749605 0.18130204 40.71061886
  jla_mock 0.192150 39.97984608 0.15956887 39.93949587
  jla_mock 0.338800 41.15309969 0.22987627 41.33867240
  jla_mock 0.117410 38.71383884 0.14766783 38.77004109
  jla_mock 0.143100 39.21206509 0.16841647 39.23555159
  jla_mock 0.160350 39.54655397 0.13218212 39.50541312
  jla_mock 0.288720 40.62095998 0.21129560 40.93764524
  jla_mock 0.123030 39.02090882 0.15464992 38.87906631
  jla_mock 0.264050 40.79908138 0.18533646 40.71586713
  jla_mock 0.126080 38.80792136 0.17182656 38.93722867
  jla_mock 0.173740 39.62425418 0.14981160 39.69721590
  jla_mock 0.164400 39.63868512 0.14972618 39.56481851
  jla_mock 0.249610 40.76879352 0.16242204 40.57723917
  jla_mock 0.159990 39.37526365 0.15136580 39.50013264
  jla_mock 0.244480 40.67185531 0.15150476 40.52602897
  jla_mock 0.248510 40.13119415 0.17707716 40.56625843
  jla_mock 0.228930 40.40408112 0.16847625 40.36478279
  jla_mock 0.085280 37.93266756 0.14384543 38.02850211
  jla_mock 0.062818 37.27545453 0.14854713 37.32965972
  jla_mock 0.277450 40.75827621 0.23370164 40.83881815
  jla_mock 0.275440 40.52434626 0.21508178 40.82061778
  jla_mock 0.330510 40.94677469 0.21087893 41.27629868
  jla_mock 0.361930 41.21797822 0.24565378 41.50571480
  jla_mock 0.331030 40.97848043 0.21800830 41.28029897
  jla_mock 0.160500 39.66905409 0.12714994 39.50761332
  jla_mock 0.300210 41.07384663 0.20430208 41.03497157
  jla_mock 0.116350 38.48723576 0.12231010 38.74854117
  jla_mock 0.218290 40.36512531 0.16062208 40.24870499
  jla_mock 0.119670 38.82932986 0.12046332 38.81499236
  jla_mock 0.154730 39.55417322 0.12395445 39.42024462
  jla_mock 0.178100 40.09242147 0.16562813 39.75637343
  jla_mock 0.250370 40.46155008 0.16560962 40.58482587
  jla_mock 0.251740 40.61519354 0.14466362 40.59819743
  jla_mock 0.129530 38.93548961 0.14518911 39.00002912
  jla_mock 0.309290 41.17915398 0.18810950 41.10952092
  jla_mock 0.278520 40.49652531 0.17881943 40.84826365
  jla_mock 0.185810 39.98098282 0.13605911 39.85832196
  jla_mock 0.066510 37.36657357 0.17228058 37.46168597
  jla_mock 0.258000 40.58111919 0.18756945 40.65872012
  jla_mock 0.298880 40.81831177 0.21609463 41.02388070
  jla_mock 0.270440 40.93896546 0.22437165 40.77515695
  jla_mock 0.279160 40.89645414 0.17183675 40.85391330
  jla_mock 0.292870 41.26284453 0.21554431 40.97323930
  jla_mock 0.189650 39.94540216 0.15711153 39.90775318
  jla_mock 0.265760 40.36342317 0.19291042 40.73189308
  jla_mock 0.123760 38.59218747 0.14509081 38.89298713
  jla_mock 0.182550 39.63882118 0.14971699 39.81609915
  jla_mock 0.056340 37.29272582 0.14895035 37.08333754
  jla_mock 0.312880 40.79821545 0.18264477 41.13864641
  jla_mock 0.309150 40.89613153 0.22328713 41.10838511
  jla_mock 0.200610 40.11780349 0.15587566 40.04363891
  jla_mock 0.326400 41.29632112 0.20549386 41.24468106
  jla_mock 0.211630 39.98772813 0.13899445 40.17314324
  jla_mock 0.179690 39.56769511 0.15636245 39.77771363
  jla_mock 0.302400 41.10979270 0.19662226 41.05323399
  jla_mock 0.109240 38.81779325 0.14870399 38.60166315
  jla_mock 0.085220 38.19616041 0.15002378 38.02687010
  jla_mock 0.202310 40.14344230 0.16131988 40.06386231
  jla_mock 0.126490 39.05778157 0.15584855 38.94504722
  jla_mock 0.214570 40.01893496 0.16812914 40.20683444
  jla_mock 0.320450 41.19697162 0.19168742 41.19850820
  jla_mock 0.218350 40.20785565 0.17273249 40.24936815
  jla_mock 0.190100 40.21808154 0.15982384 39.91354590
  jla_mock 0.092430 38.04525037 0.15614025 38.21396675
  jla_mock 0.379860 41.43699838 0.18489314 41.62861712
  jla_mock 0.211340 40.36494302 0.16607978 40.16981995
  jla_mock 0.258330 40.93302932 0.18011571 40.66191062
  jla_mock 0.183270 39.88983074 0.16855779 39.82562527
  jla_mock 0.212950 40.48514631 0.17784935 40.18826990
  jla_mock 0.116510 38.98989901 0.15544019 38.75178644
  jla_mock 0.144010 39.28895998 0.17185674 39.25026033
  jla_mock 0.252490 40.61284333 0.18599877 40.60544855
  jla_mock 0.255390 40.92820426 0.21319916 40.63348622
  jla_mock 0.216980 40.14423664 0.18860575 40.23422585
  jla_mock 1.265901 44.91710158 0.22380442 44.79726150
  jla_mock 0.935774 43.98662964 0.22958872 43.98936774
  jla_mock 0.049519 36.64384896 0.20228994 36.79241934
  jla_mock 0.030325 35.52928890 0.18207848 35.69463564
  jla_mock 0.074579 37.86826242 0.21872943 37.72200368
  jla_mock 0.025198 35.23093397 0.22034080 35.27019548
  jla_mock 0.014411 33.95284699 0.20528439 34.03100129
  jla_mock 0.020792 34.62521028 0.19750056 34.84402582
  jla_mock 0.035218 35.86676258 0.20378488 36.02701442
  jla_mock 0.041657 36.09161052 0.21523275 36.40181746
  jla_mock 0.042400 36.24427919 0.20618664 36.44334925
  jla_mock 0.018902 35.01311058 0.18361956 34.61733569
  jla_mock 0.078840 37.75296942 0.21534076 37.84871212
  jla_mock 0.063345 37.56441901 0.20758765 37.34892997
  jla_mock 0.027637 35.21604099 0.23141589 35.48155629
  jla_mock 0.049325 36.92914935 0.21068097 36.78320287
  jla_mock 0.070153 37.36780589 0.22041411 37.58116850
  jla_mock 0.023909 35.14105140 0.18367797 35.15849228
  jla_mock 0.053126 36.95771135 0.22335947 36.95053545
  jla_mock 0.024951 35.24080518 0.18978288 35.24879075
  jla_mock 0.015664 34.10159793 0.20165316 34.22896394
  jla_mock 0.048984 36.92128807 0.15985830 36.76700280
  jla_mock 0.022399 35.54758395 0.18927946 35.02763749
  jla_mock 0.034854 35.92757955 0.23666209 36.00228810
  jla_mock 0.016966 33.95244172 0.20291443 34.38512824
  jla_mock 0.030721 35.64595309 0.18171781 35.72153570
  jla_mock 0.030482 35.64115078 0.18203752 35.70530056
  jla_mock 0.010550 33.81996727 0.21945028 33.27241718
  jla_mock 0.014256 33.82704960 0.17170736 34.00054790
  jla_mock 0.027688 35.65230772 0.18124529 35.48597589
  jla_mock 0.053860 37.15200545 0.15903793 36.98086424
  jla_mock 0.017672 34.13091606 0.19251135 34.46980720
  jla_mock 0.017450 34.64019357 0.17037052 34.44318011
  jla_mock 0.015573 34.01095220 0.20219934 34.21804923
  jla_mock 0.010060 32.93208548 0.23112569 33.17614517
  jla_mock 0.054931 36.94636292 0.18431298 37.02511783
  jla_mock 0.039083 36.20794748 0.16317419 36.25793746
  jla_mock 0.078317 37.82087014 0.18391968 37.83315978
  jla_mock 0.031764 35.77274137 0.15356487 35.79238611
  jla_mock 0.014440 33.92883255 0.22581465 34.03669902
  jla_mock 0.013533 33.66381227 0.22079334 33.85849757
  jla_mock 0.026677 35.42331099 0.19349962 35.39836385
  jla_mock 0.023360 35.39967325 0.17880596 35.11091660
  jla_mock 0.036934 36.13044685 0.19001518 36.13781387
  jla_mock 0.023552 35.16018892 0.17819828 35.12755509
  jla_mock 0.017483 34.30528914 0.19211831 34.44713819
  jla_mock 0.040259 36.22069125 0.17447686 36.32367284
  jla_mock 0.030381 35.61442852 0.20408145 35.69843968
  jla_mock 0.015504 34.38509807 0.20027602 34.20977324
  jla_mock 0.014151 34.01909072 0.18788306 33.97991818
  jla_mock 0.015487 34.13001163 0.18431337 34.20773422
  jla_mock 0.015554 34.25635924 0.19852180 34.21577033
  jla_mock 0.037075 36.22427711 0.15485493 36.14569541
  jla_mock 0.015482 34.22790834 0.20249750 34.20713452
  jla_mock 0.013324 33.89139123 0.18643777 33.81743462
  jla_mock 0.014575 34.10634747 0.20791179 34.06322294
  jla_mock 0.015791 34.31182471 0.19846605 34.24419655
  jla_mock 0.024746 35.31954319 0.17954713 35.23102570
  jla_mock 0.027748 35.41145895 0.17503344 35.49117542
  jla_mock 0.010888 33.13040508 0.25477943 33.33882522
  jla_mock 0.013652 33.92852263 0.18670962 33.88187792
  jla_mock 0.035755 35.64367766 0.16295663 36.06349253
  jla_mock 0.024725 35.31154826 0.17710562 35.22920587
  jla_mock 0.038086 35.87332189 0.17051564 36.20220772
  jla_mock 0.021541 35.34314931 0.17711857 34.93386228
  jla_mock 0.019581 34.84146649 0.17898631 34.69877622
  jla_mock 0.030416 35.67926552 0.17571774 35.70081721
  jla_mock 0.039219 36.34060204 0.17021381 36.26553951
  jla_mock 0.034971 36.03434284 0.15987848 36.01023585
  jla_mock 0.028561 35.20399570 0.17650121 35.56162903
  jla_mock 0.020997 35.36996313 0.18822756 34.86861390
  jla_mock 0.032538 35.94269887 0.18232286 35.84496350
  jla_mock 0.015469 34.14678018 0.19318910 34.20557527
  jla_mock 0.015678 34.32085691 0.20747940 34.23064312
  jla_mock 0.027499 35.46554136 0.15598630 35.46959738
  jla_mock 0.046856 36.54168052 0.17134850 36.66590675
  jla_mock 0.033173 35.88959984 0.18295753 35.88809870
  jla_mock 0.010291 33.01042385 0.23549671 33.22153055
  jla_mock 0.080103 38.00594499 0.17116407 37.88626968
  jla_mock 0.012317 33.74999690 0.20020781 33.61958582
  jla_mock 0.024586 35.52257141 0.20631378 35.21716029
  jla_mock 0.014467 34.06925411 0.20827809 34.04200380
  jla_mock 0.015154 34.22128817 0.18399751 34.16779358
  jla_mock 0.029086 35.56565580 0.17337203 35.60712490
  jla_mock 0.034781 36.14445400 0.17928903 35.99732925
  jla_mock 0.044920 36.47354474 0.14070569 36.57393215
  jla_mock 0.034074 35.99511527 0.16958177 35.94930313
  jla_mock 0.074870 37.75412282 0.14386215 37.73065708
  jla_mock 0.014960 34.02445059 0.19782876 34.13886523
  jla_mock 0.020396 34.63551111 0.17103812 34.79652884
  jla_mock 0.040689 36.38614790 0.17468105 36.34770874
  jla_mock 0.026567 35.42417698 0.18033141 35.38883138
  jla_mock 0.026881 35.61083232 0.15330990 35.41604224
  jla_mock 0.023471 35.13350376 0.17597781 35.12053573
  jla_mock 0.069122 37.09274551 0.19117659 37.54735393
  jla_mock 0.065193 37.68332512 0.15879632 37.41650383
  jla_mock 0.022980 35.07947278 0.17790505 35.07798626
  jla_mock 0.017387 34.49788449 0.19829162 34.43562377
  jla_mock 0.031485 35.64947297 0.15108749 35.77343379
  jla_mock 0.011184 33.17917757 0.19447979 33.39698137
  jla_mock 0.021956 34.93800169 0.17567209 34.98363815
  jla_mock 0.031484 35.83669076 0.15080691 35.77336586
  jla_mock 0.023321 34.89726398 0.20285194 35.10753691
  jla_mock 0.020390 34.56541335 0.18300723 34.79580919
  jla_mock 0.022466 35.08278448 0.18140785 35.03344363
  jla_mock 0.033614 35.69019516 0.18044129 35.91805559
  jla_mock 0.036969 36.06643599 0.17916902 36.13977028
  jla_mock 0.022629 35.20476341 0.18007478 35.04756902
  jla_mock 0.014700 33.94898843 0.18462322 34.08778212
  jla_mock 0.036950 36.37768920 0.14876338 36.13870823
  jla_mock 0.060959 37.31518647 0.12531329 37.26168363
  jla_mock 0.059289 37.24040172 0.12135718 37.20061851
  jla_mock 0.069751 37.49301657 0.15873536 37.56798377
  jla_mock 0.029526 35.44538118 0.17470465 35.64036001
  jla_mock 0.033255 36.05604979 0.17565362 35.89366892
  jla_mock 0.024159 35.06913886 0.18124182 35.18015698
  jla_mock 0.015999 34.12676862 0.19155982 34.26914446
  jla_mock 0.062961 37.39687336 0.16530929 37.33488865
  jla_mock 0.021706 35.16311704 0.19186355 34.95365268
  jla_mock 0.031638 35.66887688 0.18943844 35.78382700
  jla_mock 0.018599 34.24652219 0.17304818 34.58099331
  jla_mock 0.027064 35.57190606 0.17332763 35.43190080
  jla_mock 0.025468 35.15751954 0.18469991 35.29359335
  jla_mock 0.023810 35.09918039 0.19336693 35.14991306
  jla_mock 0.023867 35.26491593 0.18298494 35.15485261
  jla_mock 0.022068 35.08468648 0.16678206 34.99707164
