  jla_mock 0.503084 42.37763245 0.14571158 42.35108100
  jla_mock 0.580724 42.58048095 0.16122778 42.72552632
  jla_mock 0.494795 42.30008300 0.12070859 42.30795504
  jla_mock 0.345928 41.44443363 0.13253081 41.39118194
  jla_mock 0.677662 43.40948595 0.22871689 43.13175210
  jla_mock 0.610712 43.36268029 0.22548733 42.85765176
  jla_mock 0.866494 43.42727025 0.25803499 43.78417385
  jla_mock 0.330932 41.11398870 0.12801230 41.27954507
  jla_mock 0.798566 43.29588039 0.25919990 43.56688646
  jla_mock 0.449562 42.02196384 0.16139765 42.06009851
  jla_mock 0.371443 41.67697104 0.14921889 41.57157260
  jla_mock 0.291718 41.09260897 0.14231442 40.96335873
  jla_mock 0.355820 41.31533320 0.14101044 41.46251312
  jla_mock 0.461274 42.19056141 0.15587207 42.12639800
  jla_mock 0.283610 40.96722701 0.13055630 40.89319599
  jla_mock 0.632234 43.05732135 0.22182909 42.94875922
  jla_mock 0.466414 41.65729216 0.17243727 42.15507604
  jla_mock 0.268624 40.69478507 0.12820280 40.75864558
  jla_mock 0.946890 43.03919946 0.29224985 44.02088236
  jla_mock 0.924917 43.82909753 0.31213110 43.95825216
  jla_mock 0.693165 42.78343207 0.29243158 43.19149304
  jla_mock 0.625233 42.99384294 0.19088816 42.91943219
  jla_mock 0.896944 43.81074837 0.26745476 43.87629010
  jla_mock 0.608261 42.93278538 0.15987482 42.84713700
  jla_mock 0.789054 43.50804361 0.26932700 43.53500333
  jla_mock 0.578292 42.59915098 0.14637659 42.71452713
  jla_mock 0.590280 43.10472558 0.18966931 42.76830634
  jla_mock 0.719626 43.00544536 0.25305179 43.29065226
  jla_mock 0.210032 40.08342923 0.13132256 40.15483080
  jla_mock 0.766590 43.62940086 0.22576765 43.45828289
  jla_mock 0.858513 43.80979474 0.22289539 43.75956030
  jla_mock 0.367904 41.45559020 0.09931133 41.54729890
  jla_mock 0.558746 42.78825447 0.15678156 42.62454440
  jla_mock 0.848509 43.53177644 0.21739327 43.72833562
  jla_mock 0.996390 44.23956638 0.24266005 44.15702957
  jla_mock 0.776594 43.20883661 0.26449227 43.49271322
  jla_mock 0.582932 42.48179519 0.13306958 42.73551243
  jla_mock 0.583743 42.89210834 0.16752875 42.73918034
  jla_mock 0.796552 43.41588606 0.22887969 43.56021387
  jla_mock 0.588721 42.72645044 0.15579306 42.76137980
  jla_mock 0.913473 43.77350558 0.24294053 43.92502563
  jla_mock 0.768587 43.43444878 0.23905376 43.46520986
  jla_mock 0.948455 43.88730702 0.26528102 44.02529941
  jla_mock 0.513793 42.21396443 0.15287930 42.40582273
  jla_mock 0.733609 43.42017742 0.19294483 43.34167511
  jla_mock 0.637701 42.69238861 0.27010736 42.97142091
  jla_mock 0.765588 43.19144180 0.21113574 43.45480726
  jla_mock 0.434861 41.90218961 0.15772880 41.97448442
  jla_mock 0.983407 43.99446649 0.25879722 44.12197372
  jla_mock 0.583743 42.49770380 0.16232669 42.73918034
  jla_mock 0.700631 43.41416621 0.21687358 43.21987569
  jla_mock 0.662058 43.10211485 0.21294856 43.07025770
  jla_mock 0.838126 43.39003020 0.28077453 43.69551364
  jla_mock 0.621874 42.78631775 0.17546981 42.90526861
  jla_mock 0.370586 41.58975996 0.14291643 41.56574760
  jla_mock 0.416632 41.99871626 0.13815441 41.86461950
  jla_mock 0.358570 41.35905400 0.10704088 41.48212572
  jla_mock 0.451681 41.83759287 0.15278703 42.07216742
  jla_mock 0.522762 42.34593003 0.16112888 42.45088093
  jla_mock 0.733996 43.27302269 0.30408870 43.34308204
  jla_mock 0.701965 43.23102184 0.31176741 43.22488288
  jla_mock 0.742008 43.72768137 0.29013165 43.37180407
  jla_mock 0.746118 42.95865361 0.21822021 43.38651198
  jla_mock 0.349560 41.31591545 0.13472825 41.41773364
  jla_mock 0.591835 42.78625880 0.15357327 42.77521512
  jla_mock 0.514746 42.24335958 0.15561143 42.41063888
  jla_mock 0.620632 42.76797318 0.18447364 42.90003158
  jla_mock 0.643646 42.79932240 0.24392132 42.99587363
  jla_mock 1.002795 43.97163126 0.33216844 44.17412957
  jla_mock 0.470586 42.02192428 0.14420733 42.17805785
  jla_mock 0.610643 42.97513938 0.15877872 42.85735575
  jla_mock 0.263487 40.73891633 0.12804977 40.71059074
  jla_mock 0.358336 41.56801543 0.12918713 41.48045687
  jla_mock 0.742697 43.14987331 0.25908753 43.37426971
  jla_mock 0.451556 42.13597668 0.11538935 42.07145547
  jla_mock 0.910752 43.78359530 0.26164869 43.91705349
  jla_mock 0.552605 42.87888165 0.15821060 42.59574777
  jla_mock 0.337534 41.44867451 0.12813367 41.32918083
  jla_mock 0.750681 43.45182228 0.24281434 43.40263657
  jla_mock 0.983777 44.73048869 0.34665096 44.12297525
  jla_mock 0.822697 43.60700440 0.22175759 43.64609281
  jla_mock 0.813696 43.82537732 0.24256727 43.61677497
  jla_mock 0.950763 44.13816854 0.26472927 44.03181349
  jla_mock 0.817732 43.66803408 0.24643394 43.62994659
  jla_mock 0.340520 41.55313382 0.12574260 41.35156774
  jla_mock 0.960751 43.96767232 0.28766046 44.05969252
  jla_mock 0.810720 43.08096032 0.27275574 43.60706270
  jla_mock 0.756687 43.63604434 0.24755189 43.42379562
  jla_mock 0.611252 42.98929275 0.18572910 42.85996836
  jla_mock 0.877971 44.04875750 0.22378685 43.81925155
  jla_mock 0.548325 42.63292267 0.14258079 42.57535592
  jla_mock 0.809032 43.72136751 0.23222084 43.60155386
  jla_mock 1.028800 43.90141879 0.28337345 44.24255906
  jla_mock 0.627239 42.95917220 0.17555461 42.92789070
  jla_mock 0.422452 41.78263249 0.15606690 41.90009559
  jla_mock 0.933900 43.60334545 0.34999950 43.98400344
  jla_mock 0.701158 43.14029600 0.22740618 43.22185379
  jla_mock 0.697164 43.23154898 0.20952266 43.20674812
  jla_mock 0.685179 43.63052636 0.27044472 43.16089914
  jla_mock 0.767075 43.66105837 0.25233801 43.45996521
  jla_mock 0.931901 44.09316693 0.25136810 43.97828133
  jla_mock 0.863978 43.56785741 0.24510246 43.77643514
  jla_mock 0.749100 43.51208213 0.22590126 43.39706674
  jla_mock 0.514353 42.67734045 0.15357466 42.40865279
  jla_mock 0.468406 42.09459024 0.11440416 42.16613949
  jla_mock 0.470398 42.27309140 0.15654577 42.17703003
  jla_mock 0.958871 43.71494357 0.27681249 44.05446029
  jla_mock 0.927909 43.72091808 0.29724149 43.96685429
  jla_mock 0.840522 43.78217670 0.21913135 43.70310328
  jla_mock 0.630699 43.08568641 0.17083127 42.94239637
  jla_mock 0.562751 42.67139950 0.14440652 42.64332481
  jla_mock 0.615698 42.69106718 0.16969222 42.87904165
  jla_mock 0.828528 43.73172687 0.22446355 43.66483979
  jla_mock 0.564741 42.95467425 0.16042692 42.65249802
  jla_mock 0.578745 42.92484393 0.14758356 42.71657591
  jla_mock 0.557743 42.70173237 0.15831963 42.61984109
  jla_mock 0.864497 43.45045274 0.22870035 43.77803148
  jla_mock 0.735608 43.74553389 0.23468503 43.34890124
  jla_mock 0.858507 43.62189263 0.28336591 43.75954157
  jla_mock 0.261984 40.81874166 0.10443414 40.69650477
  jla_mock 0.585743 42.71543899 0.18660838 42.74814872
  jla_mock 0.761580 43.47173912 0.21598834 43.44090475
  jla_mock 0.488800 42.23891120 0.11155101 42.27645931
  jla_mock 0.858516 43.76483825 0.27431051 43.75956966
  jla_mock 0.688656 43.15767571 0.18053033 43.17429244
  jla_mock 0.558743 42.78182674 0.15491557 42.62453033
  jla_mock 0.324532 41.08101351 0.12601850 41.23031081
  jla_mock 0.480704 42.20457071 0.10839252 42.23310364
  jla_mock 0.185371 39.93992424 0.13095679 39.85267084
  jla_mock 0.922221 44.16552605 0.33854809 43.95042459
  jla_mock 0.681942 43.03221579 0.19640351 43.14834773
  jla_mock 0.475707 42.38874302 0.10811298 42.20605508
  jla_mock 0.922210 44.02370937 0.27644363 43.95039265
  jla_mock 0.893183 43.78432199 0.25783329 43.86505298
  jla_mock 0.428646 41.93520344 0.14143599 41.93756341
  jla_mock 0.631882 42.84788672 0.23474045 42.94730012
  jla_mock 0.699960 43.40272188 0.25834877 43.21735709
  jla_mock 0.736007 43.12204473 0.26468680 43.35032909
  jla_mock 0.575823 42.55237813 0.15953941 42.70336060
  jla_mock 0.418633 41.85988290 0.10651651 41.87691426
  jla_mock 0.511746 42.27739272 0.12000546 42.39547784
  jla_mock 0.535771 42.68257918 0.12653138 42.51490290
  jla_mock 0.641893 43.11958343 0.21547239 42.98872907
  jla_mock 0.734996 43.52933261 0.22720400 43.34671116
  jla_mock 0.351560 41.64052516 0.13079492 41.43213142
  jla_mock 0.609860 42.44658743 0.17401244 42.85399669
  jla_mock 0.349557 41.29192360 0.13436921 41.41771171
  jla_mock 0.701969 43.43793784 0.18819535 43.22489789
  jla_mock 0.355261 41.62832200 0.10427939 41.45852641
  jla_mock 0.983280 44.24112725 0.25756994 44.12162996
  jla_mock 0.872152 43.51996426 0.26597542 43.80157672
  jla_mock 0.759030 43.38141867 0.20819082 43.43204997
  jla_mock 0.926220 44.19336625 0.24599386 43.96201956
  jla_mock 0.643642 43.02193033 0.22846121 42.99585733
  jla_mock 0.419569 41.93481483 0.13772753 41.88259578
  jla_mock 0.515587 42.25855899 0.20313602 42.41488903
  jla_mock 0.890729 44.00960860 0.21057911 43.85772092
  jla_mock 0.805696 44.04264687 0.22987004 43.59050885
  jla_mock 0.480568 42.05246668 0.10874993 42.23237487
  jla_mock 0.800697 43.63063867 0.24546005 43.57394667
  jla_mock 0.580604 42.66677869 0.18881444 42.72498360
  jla_mock 0.715652 43.35588998 0.24396561 43.27597318
  jla_mock 0.805695 43.46971733 0.23276535 43.59050554
  jla_mock 0.766684 43.58354942 0.25283777 43.45860895
  jla_mock 0.664638 42.92934170 0.19578546 43.08055024
  jla_mock 0.901736 43.97321880 0.25190507 43.89049989
  jla_mock 0.745665 43.36019690 0.21142864 43.38489089
  jla_mock 0.718680 43.30848615 0.20380008 43.28715794
  jla_mock 0.736690 43.45695510 0.19636251 43.35277325
  jla_mock 0.579600 42.60662714 0.12084594 42.72044282
  jla_mock 0.370531 41.58605598 0.10256736 41.56537377
  jla_mock 0.960740 44.44053499 0.23956115 44.05966190
  jla_mock 0.850729 43.83859817 0.21179952 43.73526472
  jla_mock 0.648640 42.97682039 0.19254569 43.01622729
  jla_mock 0.219462 40.15181593 0.13036783 40.26165884
  jla_mock 0.936755 43.99335340 0.24129989 43.99217583
  jla_mock 0.647639 42.88932725 0.17876349 43.01214759
  jla_mock 0.461564 42.21687212 0.13341110 42.12801602
  jla_mock 0.600603 42.49192946 0.17945434 42.81380214
  jla_mock 0.670654 43.17379644 0.23100742 43.10426437
  jla_mock 0.760698 43.28741000 0.20946016 43.43784537
  jla_mock 0.246492 40.54122106 0.13212126 40.54611375
  jla_mock 0.470573 42.24725015 0.14759396 42.17798678
  jla_mock 0.169455 39.61687467 0.11209573 39.63714984
  jla_mock 0.497379 42.42368697 0.12912927 42.32153052
  jla_mock 0.638234 42.63853376 0.19688575 42.97363029
  jla_mock 0.507371 42.05238127 0.14542671 42.37316793
  jla_mock 0.535327 42.46078706 0.14229510 42.51274244
  jla_mock 0.587285 42.82878565 0.16639385 42.75499974
  jla_mock 0.773081 43.39009846 0.25620999 43.48071408
  jla_mock 0.699166 43.48131690 0.22210270 43.21437680
  jla_mock 0.370511 41.68004261 0.12736057 41.56523783
  jla_mock 0.761089 43.62359875 0.22808946 43.43920163
  jla_mock 0.699169 42.76428833 0.21959570 43.21438806
  jla_mock 0.788060 43.72787891 0.19242158 43.53165972
  jla_mock 0.373513 41.51340126 0.13202741 41.58564233
  jla_mock 0.405478 41.91841726 0.13198879 41.79507834
  jla_mock 0.852994 43.66851509 0.25729076 43.74233429
  jla_mock 0.808048 43.47062255 0.24185374 43.59830126
  jla_mock 0.603272 42.85939056 0.18397635 42.82545340
  jla_mock 0.583290 42.86330797 0.17902789 42.73713156
  jla_mock 0.534335 42.60282415 0.14774220 42.50791545
  jla_mock 0.720140 43.05493308 0.24070231 43.29255086
  jla_mock 0.400485 41.87767710 0.21060605 41.76340376
  jla_mock 0.837004 44.04669794 0.21502566 43.69195956
  jla_mock 0.371508 41.63887856 0.10193219 41.57201440
  jla_mock 0.806041 43.56682167 0.25907683 43.59165187
  jla_mock 0.840005 43.74819730 0.23506835 43.70146561
  jla_mock 0.500728 42.29447500 0.12981336 42.33894272
  jla_mock 0.532765 42.55448830 0.17422186 42.50027598
  jla_mock 0.533766 42.14742761 0.18215335 42.50514675
  jla_mock 0.932229 44.16795302 0.34152943 43.97922023
  jla_mock 0.822103 43.62896167 0.25790730 43.64418307
  jla_mock 0.553797 42.68577335 0.13544877 42.60133735
  jla_mock 0.125298 38.81462442 0.13709229 38.92231622
  jla_mock 0.842123 43.44700002 0.28302626 43.70817465
  jla_mock 0.443668 41.84617047 0.15186631 42.02604866
  jla_mock 0.727675 43.38128145 0.24978201 43.32010216
  jla_mock 0.683659 43.12395865 0.41253064 43.15500537
  jla_mock 0.442548 42.03348872 0.13367762 42.01953486
  jla_mock 0.726679 43.52667196 0.20021505 43.31648122
  jla_mock 0.282510 40.85691603 0.12747632 40.88348566
  jla_mock 0.404549 41.80265065 0.12965359 41.78918496
  jla_mock 0.519611 42.26590832 0.13964385 42.43522504
  jla_mock 0.690652 43.30324300 0.23214813 43.18190663
  jla_mock 1.060801 44.40791730 0.27869308 44.32447227
  jla_mock 0.576612 42.94393383 0.15376326 42.70692901
  jla_mock 0.268489 40.57214471 0.12614174 40.75741813
  jla_mock 0.720680 43.32729270 0.25106936 43.29454550
  jla_mock 0.250498 40.67762259 0.13111277 40.58610363
  jla_mock 0.760691 43.35805887 0.27664014 43.43782109
  jla_mock 0.698167 43.10879593 0.26129048 43.21057429
  jla_mock 0.550315 42.33989708 0.16854352 42.58486067
  jla_mock 0.730128 43.22114818 0.23524622 43.32902000
  jla_mock 0.847985 43.83163979 0.24702775 43.72670010
  jla_mock 0.997826 43.81723103 0.24705649 44.16086339
  jla_mock 0.435446 41.95885113 0.13052406 41.97795969
  jla_mock 0.409470 41.68219546 0.12922369 41.82018436
  jla_mock 0.301590 41.14117403 0.12598595 41.04647939
  jla_mock 1.299106 45.04329484 0.19340708 44.86649555
  jla_mock 1.020807 44.11223248 0.23668119 44.22175183
  jla_mock 0.839734 43.85275757 0.19264717 43.70060719
  jla_mock 1.120850 44.55693838 0.20807086 44.47175959
  jla_mock 1.230892 44.73689895 0.23900250 44.72227987
  jla_mock 0.974230 43.90616415 0.18427047 44.09690728
  jla_mock 0.970782 44.45298987 0.33863365 44.08744397
  jla_mock 0.064229 37.38209219 0.15072784 37.38125426
  jla_mock 0.129030 39.05730827 0.16416611 38.99103288
  jla_mock 0.102890 38.34831304 0.14983539 38.46320916
  jla_mock 0.044130 36.54954279 0.17359564 36.53640119
  jla_mock 0.113040 38.45257986 0.15276523 38.68140463
  jla_mock 0.256110 40.48524816 0.20496122 40.64044730
  jla_mock 0.380260 42.08520247 0.28702753 41.63127303
  jla_mock 0.145470 39.28661366 0.16218924 39.27385898
  jla_mock 0.088890 38.15895513 0.14636771 38.12524312
  jla_mock 0.260590 40.88381014 0.18294429 40.68344034
  jla_mock 0.078910 37.50785421 0.15602647 37.85079369
  jla_mock 0.083040 38.14820363 0.15331705 37.96757382
  jla_mock 0.165650 39.42572613 0.13854363 39.58315350
  jla_mock 0.168170 39.65906103 0.16196037 39.61913704
  jla_mock 0.170630 39.72640374 0.16520984 39.65362070
  jla_mock 0.170280 39.77083053 0.17035518 39.64871449
  jla_mock 0.120440 39.01315394 0.15109792 38.82967597
  jla_mock 0.276530 40.75087992 0.21443501 40.83052825
  jla_mock 0.231600 40.49638651 0.18253328 40.39327881
  jla_mock 0.305690 41.20037492 0.26735001 41.08031431
  jla_mock 0.079970 38.04693914 0.16566195 37.88231469
  jla_mock 0.174150 39.71599637 0.15831009 39.70296318
  jla_mock 0.138680 39.48689423 0.16604939 39.16075605
  jla_mock 0.146070 39.43187977 0.16391832 39.28355706
  jla_mock 0.081330 37.77204029 0.14393418 37.92106160
  jla_mock 0.233800 40.23486267 0.17178002 40.41664409
  jla_mock 0.256550 40.55365528 0.17733386 40.64470129
  jla_mock 0.245620 40.25926061 0.20041043 40.53740902
  jla_mock 0.125930 38.84212802 0.19132506 38.93436823
  jla_mock 0.223510 40.22247632 0.21582750 40.30640047
  jla_mock 0.102640 38.52971702 0.14663754 38.45739969
  jla_mock 0.119670 38.97248902 0.14566661 38.81499236
  jla_mock 0.180550 39.66753343 0.16851019 39.78925613
  jla_mock 0.197090 40.34028502 0.17389574 40.00058301
  jla_mock 0.229160 40.53403084 0.19939442 40.36723751
  jla_mock 0.264510 40.82896873 0.19876199 40.72017820
  jla_mock 0.103370 38.53546923 0.12264053 38.47436335
  jla_mock 0.364410 41.68120497 0.23042794 41.52297770
  jla_mock 0.205600 39.80077026 0.15584351 40.10300055
  jla_mock 0.179810 39.47785996 0.19620482 39.77932421
  jla_mock 0.199590 39.92859427 0.18224440 40.03149756
  jla_mock 0.156530 39.51488070 0.15012954 39.44792878
  jla_mock 0.161800 39.70600097 0.14760764 39.52668171
  jla_mock 0.209530 40.21106044 0.20608020 40.14907809
  jla_mock 0.241790 40.44260295 0.19813238 40.49907425
  jla_mock 0.236460 40.28111526 0.16266354 40.44408642
  jla_mock 0.226680 40.58547296 0.21050732 40.34076930
  jla_mock 0.296780 40.80841184 0.19716042 41.00636879
  jla_mock 0.208520 40.07343103 0.16317028 40.13750389
  jla_mock 0.251040 40.63620732 0.22085837 40.59142971
  jla_mock 0.250120 40.60471097 0.17967388 40.58233025
  jla_mock 0.117710 38.98716305 0.14551100 38.77612598
  jla_mock 0.219710 40.64404340 0.16999397 40.26439993
  jla_mock 0.149010 39.34401430 0.14890457 39.33107762
  jla_mock 0.287420 40.58334687 0.18840122 40.92649529
  jla_mock 0.143600 39.24880951 0.16639625 39.24363332
  jla_mock 0.328370 41.44857317 0.19601268 41.25983598
  jla_mock 0.246250 40.51374378 0.16506508 40.54369799
  jla_mock 0.119660 39.14401075 0.15026680 38.81480166
  jla_mock 0.328380 41.39350212 0.27642285 41.25991291
  jla_mock 0.215130 40.14677518 0.18366862 40.21325182
  jla_mock 0.144780 39.53543271 0.13616902 39.26270620
  jla_mock 0.132430 38.92086239 0.12839376 39.05220730
  jla_mock 0.210820 39.98402017 0.16235031 40.16386096
  jla_mock 0.203990 40.09505582 0.15780808 40.08384780
  jla_mock 0.279520 40.91592988 0.16701092 40.85709122
  jla_mock 0.044280 36.62823920 0.15509722 36.54352732
  jla_mock 0.180370 39.66961575 0.15078404 39.78684026
  jla_mock 0.260700 40.65194867 0.18972170 40.68447125
  jla_mock 0.056540 36.91548301 0.18696980 37.09160151
  jla_mock 0.212600 39.96301546 0.19194689 40.18425904
  jla_mock 0.369410 41.45492902 0.23700047 41.55775436
  jla_mock 0.173860 39.93595466 0.13051969 39.69889803
  jla_mock 0.142650 39.30195839 0.16862649 39.22827803
  jla_mock 0.177890 39.62114981 0.17323466 39.75355491
  jla_mock 0.328370 41.06170209 0.20656404 41.25983598
  jla_mock 0.253510 40.80253227 0.19560920 40.61531008
  jla_mock 0.300010 41.41188604 0.19320267 41.03330377
  jla_mock 0.105890 38.84991560 0.14607715 38.52910106
  jla_mock 0.223280 40.45045410 0.16843887 40.30385834
  jla_mock 0.118450 38.86756251 0.12252294 38.79113535
  jla_mock 0.176530 39.64838215 0.17118858 39.73530166
  jla_mock 0.182800 39.46413984 0.18906536 39.81945453
  jla_mock 0.297620 40.71142686 0.22708191 41.01337355
  jla_mock 0.196990 39.99761172 0.16336648 39.99934643
  jla_mock 0.152950 39.50169974 0.14755004 39.39286806
  jla_mock 0.248500 40.28913491 0.17447627 40.56615860
  jla_mock 0.138180 38.95230269 0.12408786 39.15224127
  jla_mock 0.207040 40.24612947 0.17044837 40.12013097
  jla_mock 0.214680 40.15835518 0.18059604 40.20809500
  jla_mock 0.306320 41.38554542 0.21502986 41.08542547
  jla_mock 0.246950 40.62170589 0.17120148 40.55068574
  jla_mock 0.198010 40.12643346 0.14489973 40.01195956
  jla_mock 0.222560 40.15530342 0.15195110 40.29590034
  jla_mock 0.135080 39.04299788 0.15130600 39.09944962
  jla_mock 0.210540 39.97809198 0.18260591 40.16065228
  jla_mock 0.272580 40.91996743 0.16910743 40.79461419
  jla_mock 0.246600 40.62326654 0.16168519 40.54719186
  jla_mock 0.220680 40.18666799 0.19428942 40.27512112
  jla_mock 0.274470 41.02260821 0.19147108 40.81179838
  jla_mock 0.176560 39.62747182 0.15540451 39.73570430
  jla_mock 0.310880 41.23855552 0.22015615 41.12242051
  jla_mock 0.184350 39.79959489 0.17307932 39.83952780
  jla_mock 0.159350 39.25235009 0.14827050 39.49074512
  jla_mock 0.219760 40.19178939 0.16604587 40.26495257
  jla_mock 0.252050 40.59776769 0.18410044 40.60119456
  jla_mock 0.181220 39.87131615 0.14940352 39.79824854
  jla_mock 0.173730 39.72250260 0.13336424 39.69707572
  jla_mock 0.380470 41.72431965 0.24246083 41.63266739
  jla_mock 0.178650 39.73828657 0.17172186 39.76375526
  jla_mock 0.245680 40.51928058 0.18910008 40.53800797
  jla_mock 0.209100 39.91078507 0.16102286 40.14415046
  jla_mock 0.249470 40.22108650 0.20970726 40.57584163
  jla_mock 0.133920 39.21213586 0.16606211 39.07901608
  jla_mock 0.177060 39.58773714 0.16039966 39.74241506
  jla_mock 0.281110 40.98552391 0.18775324 40.87112706
  jla_mock 0.173830 39.81273727 0.15186906 39.69847750
  jla_mock 0.196540 40.00724485 0.16513423 39.99378181
  jla_mock 0.363970 41.67506845 0.22724835 41.51991492
  jla_mock 0.378350 41.58376434 0.26733097 41.61851927
  jla_mock 0.316460 40.83283564 0.21038880 41.16699585
  jla_mock 0.183220 39.92162918 0.13519430 39.82498164
  jla_mock 0.241020 40.37161376 0.16773658 40.49113042
  jla_mock 0.202030 40.18007736 0.19953174 40.06053140
  jla_mock 0.168690 39.62523630 0.16511959 39.62642627
  jla_mock 0.197940 40.07987493 0.17492454 40.01109396
  jla_mock 0.122760 38.91096381 0.14574653 38.87391751
  jla_mock 0.203180 40.16600269 0.16105255 40.07421194
  jla_mock 0.127390 39.05126068 0.14895509 38.96152523
  jla_mock 0.275490 40.73099960 0.19972760 40.82107239
  jla_mock 0.144680 39.21874513 0.14721731 39.26108985
  jla_mock 0.334360 41.14683811 0.24977783 41.30538443
  jla_mock 0.195800 40.13759904 0.15392559 39.98463111
  jla_mock 0.193920 40.16841191 0.16374737 39.96138337
  jla_mock 0.249730 40.93971324 0.18580683 40.57843707
  jla_mock 0.148600 39.46322297 0.14879989 39.32445060
  jla_mock 0.155960 39.39342972 0.14872192 39.43916213
  jla_mock 0.095820 38.30789300 0.15034816 38.29891732
  jla_mock 0.150650 39.46042603 0.15872946 39.35749386
  jla_mock 0.309330 40.92172402 0.24715745 41.10984544
  jla_mock 0.248570 40.49151772 0.17340396 40.56685738
  jla_mock 0.365540 41.49707902 0.24311996 41.53084345
  jla_mock 0.117710 38.93778250 0.12847626 38.77612598
  jla_mock 0.191760 40.04684690 0.14428474 39.93467320
  jla_mock 0.182550 39.69652348 0.16171197 39.81609915
  jla_mock 0.234720 40.51885308 0.18444964 40.42613542
  jla_mock 0.246470 40.57201144 0.19927669 40.54589414
  jla_mock 0.288450 41.14966091 0.18873457 40.93532948
  jla_mock 0.209600 39.65067530 0.19927022 40.14988026
  jla_mock 0.191980 40.07858995 0.17965405 39.93739368
  jla_mock 0.114020 38.69658810 0.12215388 38.70128192
  jla_mock 0.113890 38.44241736 0.18397194 38.69864513
  jla_mock 0.198800 40.15832040 0.20967258 40.02172856
  jla_mock 0.220580 40.52791297 0.22796022 40.27401584
  jla_mock 0.182570 39.71003602 0.16453718 39.81636758
  jla_mock 0.158950 39.58476572 0.16372575 39.48487792
  jla_mock 0.078490 37.83202702 0.14911597 37.83830424
  jla_mock 0.138640 39.24179396 0.13217046 39.16007487
  jla_mock 0.180790 39.72933896 0.15445548 39.79247729
  jla_mock 0.177570 39.84445772 0.18629282 39.74926003
  jla_mock 0.170660 39.50673208 0.16102003 39.65404123
  jla_mock 0.233810 40.43352489 0.20858516 40.41674726
  jla_mock 0.071530 37.76103729 0.17410666 37.62633113
  jla_mock 0.154630 39.61356546 0.18791656 39.41870661
  jla_mock 0.090100 37.83064693 0.15950858 38.15556956
  jla_mock 0.176580 39.79101229 0.20448697 39.73597273
  jla_mock 0.130450 39.23071782 0.16440638 39.01658220
  jla_mock 0.182040 40.16799365 0.17166998 39.80925418
  jla_mock 0.256170 40.73962644 0.17261330 40.64102739
  jla_mock 0.138110 39.30533819 0.14854031 39.15104920
  jla_mock 0.170700 39.35183401 0.16749506 39.65460194
  jla_mock 0.216740 40.21154104 0.14793120 40.23157319
  jla_mock 0.245550 40.95140484 0.17887642 40.53671024
  jla_mock 0.143820 38.84359419 0.16709807 39.24718928
  jla_mock 0.248620 40.60665786 0.18856198 40.56735650
  jla_mock 0.145330 39.04295903 0.17138622 39.27159610
  jla_mock 0.135880 39.04035760 0.12760365 39.11307327
  jla_mock 0.058740 37.18241280 0.12754402 37.18054381
  jla_mock 0.036520 36.11465425 0.15191506 36.11467233
  jla_mock 0.277490 40.37835613 0.22703402 40.83917126
  jla_mock 0.205150 40.39592594 0.29701418 40.09764730
  jla_mock 0.280510 40.62433468 0.20078942 40.86583052
  jla_mock 0.198670 39.92580982 0.16215673 40.02012100
  jla_mock 0.159990 39.38946833 0.15164286 39.50013264
  jla_mock 0.210750 40.14858510 0.18113105 40.16305879
  jla_mock 0.071950 37.72639862 0.17245857 37.64010622
  jla_mock 0.237820 40.48382880 0.19074175 40.45811709
  jla_mock 0.141390 39.32571131 0.17359013 39.20690618
  jla_mock 0.155060 39.44534517 0.15760876 39.42532005
  jla_mock 0.370130 41.69113504 0.22886799 41.56264818
  jla_mock 0.093910 38.22703210 0.17056414 38.25106025
  jla_mock 0.118630 38.60921666 0.17057943 38.79478628
  jla_mock 0.153630 39.63796893 0.15381057 39.40332652
  jla_mock 0.253560 40.71482635 0.16809525 40.61579348
  jla_mock 0.107250 38.60158841 0.14420228 38.55855910
  jla_mock 0.129610 38.97439365 0.15302154 39.00146852
  jla_mock 0.266650 40.63714521 0.19376454 40.74023408
  jla_mock 0.212260 40.25237203 0.16262819 40.18036278
  jla_mock 0.278220 40.60315569 0.18167466 40.84561538
  jla_mock 0.245400 40.78814497 0.16811689 40.53521287
  jla_mock 0.133620 39.12302116 0.15059378 39.07361834
  jla_mock 0.176560 39.82025897 0.16208219 39.73570430
  jla_mock 0.113680 38.67482671 0.14584429 38.69438572
  jla_mock 0.320380 41.64432221 0.26368273 41.19795536
  jla_mock 0.112710 38.52776678 0.12253270 38.67471126
  jla_mock 0.106020 38.71064742 0.14472955 38.53191691
  jla_mock 0.391350 41.61405281 0.26610488 41.70446868
  jla_mock 0.155750 39.45382229 0.14611530 39.43593231
  jla_mock 0.186670 40.12730400 0.16762102 39.86939250
  jla_mock 0.196710 40.02967634 0.16669908 39.99588400
  jla_mock 0.191910 39.92476645 0.17339098 39.93652807
  jla_mock 0.190840 39.94515925 0.15087610 39.92307171
  jla_mock 0.176250 39.84152904 0.15361286 39.73154363
  jla_mock 0.128370 38.84618481 0.15035584 38.97915785
  jla_mock 0.122620 38.73162267 0.14734428 38.87124776
  jla_mock 0.127150 38.99244216 0.14706216 38.95720703
  jla_mock 0.213230 40.37293470 0.17620944 40.19147859
  jla_mock 0.218610 40.41776010 0.18110338 40.25224188
  jla_mock 0.268560 40.43064320 0.19152223 40.75806368
  jla_mock 0.204660 39.94422399 0.16518790 40.09181820
  jla_mock 0.267100 40.67375874 0.17377576 40.74445143
  jla_mock 0.217570 40.28156105 0.17264916 40.24074699
  jla_mock 0.241850 40.21588134 0.17151433 40.49969325
  jla_mock 0.293500 40.96848653 0.20071643 40.97864273
  jla_mock 0.353460 41.64370722 0.23113786 41.44568194
  jla_mock 0.185630 39.53567709 0.15494760 39.85600487
  jla_mock 0.285430 40.86950810 0.19928385 40.90926217
  jla_mock 0.194940 40.33487077 0.16836015 39.97399650
  jla_mock 0.075920 37.86214913 0.14499851 37.76188071
  jla_mock 0.163570 39.66246226 0.15777754 39.55264407
  jla_mock 0.257210 40.81310540 0.20821329 40.65108228
  jla_mock 0.219550 40.73989508 0.18725136 40.26263149
  jla_mock 0.175580 39.71169934 0.15163366 39.72255122
  jla_mock 0.226670 40.32262722 0.18608202 40.34066257
  jla_mock 0.153220 39.44517043 0.15082218 39.39702068
  jla_mock 0.210250 40.54005223 0.19550076 40.15732899
  jla_mock 0.121640 38.65762587 0.12361443 38.85255952
  jla_mock 0.291350 40.50945121 0.19904915 40.96020244
  jla_mock 0.294480 40.24619978 0.27859702 40.98704807
  jla_mock 0.164550 39.61328108 0.12599124 39.56701870
  jla_mock 0.307020 41.18922044 0.20906564 41.09110453
  jla_mock 0.198630 39.93891825 0.16157737 40.01962637
  jla_mock 0.268210 40.91418431 0.21539519 40.75485425
  jla_mock 0.401280 42.17559209 0.24823001 41.76844708
  jla_mock 0.136680 38.79233288 0.15334431 39.12669692
  jla_mock 0.295420 41.07266443 0.24720467 40.99502774
  jla_mock 0.291920 40.81996332 0.19219946 40.96509126
  jla_mock 0.090070 38.12171863 0.12096556 38.15481767
  jla_mock 0.205570 40.07739759 0.18292629 40.10264367
  jla_mock 0.145820 39.07287841 0.14934529 39.27951619
  jla_mock 0.117670 38.41029408 0.14486540 38.77531466
  jla_mock 0.054990 37.04499721 0.14997934 37.02755570
  jla_mock 0.174200 39.77676834 0.15142908 39.70366406
  jla_mock 0.244950 40.39999215 0.18020903 40.53072075
  jla_mock 0.224520 40.21853882 0.18249954 40.31756378
  jla_mock 0.245580 40.74927727 0.16228277 40.53700972
  jla_mock 0.283510 40.92038129 0.21250233 40.89231323
  jla_mock 0.180560 39.86581903 0.17619167 39.78939034
  jla_mock 0.103910 38.52574036 0.12352191 38.48621362
  jla_mock 0.129610 39.03769617 0.15326847 39.00146852
  jla_mock 0.243520 40.80868328 0.16045597 40.51644578
  jla_mock 0.331360 41.61386407 0.26935111 41.28283761
  jla_mock 0.243480 40.62316117 0.19048000 40.51604648
  jla_mock 0.314680 41.07847906 0.17577640 41.15293771
  jla_mock 0.218650 40.23450374 0.18935500 40.25268399
  jla_mock 0.260140 40.62472189 0.21925656 40.67922298
  jla_mock 0.282430 40.83146034 0.19830733 40.88277946
  jla_mock 0.300410 41.05740702 0.20581539 41.03663937
  jla_mock 0.151860 39.26757166 0.14864409 39.37610376
  jla_mock 0.263570 40.59229202 0.18936772 40.71136861
  jla_mock 0.213820 40.35081152 0.20621233 40.19823975
  jla_mock 0.162840 39.61880629 0.16761662 39.54193643
  jla_mock 0.124400 39.17012755 0.17140549 38.90519170
  jla_mock 0.194650 40.07908815 0.13938689 39.97041042
  jla_mock 0.205540 40.32127405 0.18299408 40.10228679
  jla_mock 0.106670 38.54883598 0.14588621 38.54599612
  jla_mock 0.187720 39.75598534 0.18724598 39.88290884
  jla_mock 0.163870 39.63106285 0.15682059 39.55704447
  jla_mock 0.290210 40.97308760 0.19470283 40.95042479
  jla_mock 0.094010 38.27463590 0.12497638 38.25356657
  jla_mock 0.227860 40.33834802 0.18009820 40.35336304
  jla_mock 0.107510 38.33074923 0.14764565 38.56419079
  jla_mock 0.310650 41.47096050 0.22259423 41.12055454
  jla_mock 0.145640 39.65473019 0.15575872 39.27660677
  jla_mock 0.087840 38.19640695 0.12609586 38.09813443
  jla_mock 0.148390 38.95172137 0.15572534 39.32105628
  jla_mock 0.286620 41.01905744 0.19365541 40.91963379
  jla_mock 0.122810 39.09899129 0.13329108 38.87487099
  jla_mock 0.186550 39.88407740 0.20280242 39.86784777
  jla_mock 0.128930 38.96016178 0.15503539 38.98923364
  jla_mock 0.194220 40.05285171 0.16863568 39.96509311
  jla_mock 0.148000 39.47538783 0.14676099 39.31475253
  jla_mock 0.211790 40.19705777 0.22866165 40.17497677
  jla_mock 0.179620 39.68555570 0.17351314 39.77677412
  jla_mock 0.263490 40.55864220 0.18130204 40.71061886
  jla_mock 0.192150 40.34179088 0.15956887 39.93949587
  jla_mock 0.338800 41.28535271 0.22987627 41.33867240
  jla_mock 0.117410 38.85656310 0.14766783 38.77004109
  jla_mock 0.143100 39.34703158 0.16841647 39.23555159
  jla_mock 0.160350 39.36548165 0.13218212 39.50541312
  jla_mock 0.288720 40.71015805 0.21129560 40.93764524
  jla_mock 0.123030 38.76016101 0.15464992 38.87906631
  jla_mock 0.264050 40.80396686 0.18533646 40.71586713
  jla_mock 0.126080 39.17757886 0.17182656 38.93722867
  jla_mock 0.173740 39.66979338 0.14981160 39.69721590
  jla_mock 0.164400 39.42870958 0.14972618 39.56481851
  jla_mock 0.249610 40.59531965 0.16242204 40.57723917
  jla_mock 0.159990 39.50748266 0.15136580 39.50013264
  jla_mock 0.244480 40.29711674 0.15150476 40.52602897
  jla_mock 0.248510 40.48554298 0.17707716 40.56625843
  jla_mock 0.228930 40.41367172 0.16847625 40.36478279
  jla_mock 0.085280 37.62986858 0.14384543 38.02850211
  jla_mock 0.062818 37.46817290 0.14854713 37.32965972
  jla_mock 0.277450 41.29955899 0.23370164 40.83881815
  jla_mock 0.275440 40.86999642 0.21508178 40.82061778
  jla_mock 0.330510 41.24656842 0.21087893 41.27629868
  jla_mock 0.361930 41.48107468 0.24565378 41.50571480
  jla_mock 0.331030 41.30870731 0.21800830 41.28029897
  jla_mock 0.160500 39.65329574 0.12714994 39.50761332
  jla_mock 0.300210 40.92132859 0.20430208 41.03497157
  jla_mock 0.116350 38.82905723 0.12231010 38.74854117
  jla_mock 0.218290 39.91379943 0.16062208 40.24870499
  jla_mock 0.119670 38.71254407 0.12046332 38.81499236
  jla_mock 0.154730 39.43267169 0.12395445 39.42024462
  jla_mock 0.178100 39.73565189 0.16562813 39.75637343
  jla_mock 0.250370 40.43288433 0.16560962 40.58482587
  jla_mock 0.251740 40.47189640 0.14466362 40.59819743
  jla_mock 0.129530 38.86696506 0.14518911 39.00002912
  jla_mock 0.309290 41.06976836 0.18810950 41.10952092
  jla_mock 0.278520 40.93566579 0.17881943 40.84826365
  jla_mock 0.185810 39.69743845 0.13605911 39.85832196
  jla_mock 0.066510 37.39910928 0.17228058 37.46168597
  jla_mock 0.258000 40.57787942 0.18756945 40.65872012
  jla_mock 0.298880 41.01962952 0.21609463 41.02388070
  jla_mock 0.270440 40.91998360 0.22437165 40.77515695
  jla_mock 0.279160 41.06195156 0.17183675 40.85391330
  jla_mock 0.292870 41.01611546 0.21554431 40.97323930
  jla_mock 0.189650 39.87466391 0.15711153 39.90775318
  jla_mock 0.265760 40.20375481 0.19291042 40.73189308
  jla_mock 0.123760 38.82529380 0.14509081 38.89298713
  jla_mock 0.182550 39.81969060 0.14971699 39.81609915
  jla_mock 0.056340 36.94411378 0.14895035 37.08333754
  jla_mock 0.312880 41.27893889 0.18264477 41.13864641
  jla_mock 0.309150 41.33108173 0.22328713 41.10838511
  jla_mock 0.200610 40.03928373 0.15587566 40.04363891
  jla_mock 0.326400 41.65355940 0.20549386 41.24468106
  jla_mock 0.211630 40.41302986 0.13899445 40.17314324
  jla_mock 0.179690 39.89174148 0.15636245 39.77771363
  jla_mock 0.302400 41.21481613 0.19662226 41.05323399
  jla_mock 0.109240 38.48375481 0.14870399 38.60166315
  jla_mock 0.085220 38.02435026 0.15002378 38.02687010
  jla_mock 0.202310 39.91677544 0.16131988 40.06386231
  jla_mock 0.126490 39.16204963 0.15584855 38.94504722
  jla_mock 0.214570 40.08719204 0.16812914 40.20683444
  jla_mock 0.320450 41.04505867 0.19168742 41.19850820
  jla_mock 0.218350 40.30630238 0.17273249 40.24936815
  jla_mock 0.190100 40.26145602 0.15982384 39.91354590
  jla_mock 0.092430 38.28704253 0.15614025 38.21396675
  jla_mock 0.379860 41.55101605 0.18489314 41.62861712
  jla_mock 0.211340 39.86536310 0.16607978 40.16981995
  jla_mock 0.258330 40.69447770 0.18011571 40.66191062
  jla_mock 0.183270 39.93738949 0.16855779 39.82562527
  jla_mock 0.212950 40.28163485 0.17784935 40.18826990
  jla_mock 0.116510 38.66808789 0.15544019 38.75178644
  jla_mock 0.144010 39.29836204 0.17185674 39.25026033
  jla_mock 0.252490 40.63551588 0.18599877 40.60544855
  jla_mock 0.255390 40.65583960 0.21319916 40.63348622
  jla_mock 0.216980 40.30219903 0.18860575 40.23422585
  jla_mock 1.265901 44.76991960 0.22380442 44.79726150
  jla_mock 0.935774 43.84280168 0.22958872 43.98936774
  jla_mock 0.049519 36.75812013 0.20228994 36.79241934
  jla_mock 0.030325 35.75256388 0.18207848 35.69463564
  jla_mock 0.074579 37.98792326 0.21872943 37.72200368
  jla_mock 0.025198 35.13466579 0.22034080 35.27019548
  jla_mock 0.014411 33.89220543 0.20528439 34.03100129
  jla_mock 0.020792 34.44125624 0.19750056 34.84402582
  jla_mock 0.035218 35.96255470 0.20378488 36.02701442
  jla_mock 0.041657 36.43828086 0.21523275 36.40181746
  jla_mock 0.042400 36.35628734 0.20618664 36.44334925
  jla_mock 0.018902 34.59812917 0.18361956 34.61733569
  jla_mock 0.078840 37.69456345 0.21534076 37.84871212
  jla_mock 0.063345 37.35002830 0.20758765 37.34892997
  jla_mock 0.027637 35.63123996 0.23141589 35.48155629
  jla_mock 0.049325 37.43405039 0.21068097 36.78320287
  jla_mock 0.070153 37.62311614 0.22041411 37.58116850
  jla_mock 0.023909 35.00344728 0.18367797 35.15849228
  jla_mock 0.053126 36.61676771 0.22335947 36.95053545
  jla_mock 0.024951 35.13936177 0.18978288 35.24879075
  jla_mock 0.015664 33.96412438 0.20165316 34.22896394
  jla_mock 0.048984 36.61642367 0.15985830 36.76700280
  jla_mock 0.022399 34.89424219 0.18927946 35.02763749
  jla_mock 0.034854 35.85710804 0.23666209 36.00228810
  jla_mock 0.016966 33.94358668 0.20291443 34.38512824
  jla_mock 0.030721 35.76461869 0.18171781 35.72153570
  jla_mock 0.030482 35.83170680 0.18203752 35.70530056
  jla_mock 0.010550 33.16831960 0.21945028 33.27241718
  jla_mock 0.014256 33.99027755 0.17170736 34.00054790
  jla_mock 0.027688 35.66306990 0.18124529 35.48597589
  jla_mock 0.053860 36.82589841 0.15903793 36.98086424
  jla_mock 0.017672 34.16088927 0.19251135 34.46980720
  jla_mock 0.017450 34.35189745 0.17037052 34.44318011
  jla_mock 0.015573 34.36911811 0.20219934 34.21804923
  jla_mock 0.010060 33.12124956 0.23112569 33.17614517
  jla_mock 0.054931 37.27850522 0.18431298 37.02511783
  jla_mock 0.039083 36.16188461 0.16317419 36.25793746
  jla_mock 0.078317 37.95047681 0.18391968 37.83315978
  jla_mock 0.031764 35.76786258 0.15356487 35.79238611
  jla_mock 0.014440 33.85599372 0.22581465 34.03669902
  jla_mock 0.013533 33.72302789 0.22079334 33.85849757
  jla_mock 0.026677 35.32482107 0.19349962 35.39836385
  jla_mock 0.023360 35.00555705 0.17880596 35.11091660
  jla_mock 0.036934 36.32091251 0.19001518 36.13781387
  jla_mock 0.023552 35.38213616 0.17819828 35.12755509
  jla_mock 0.017483 34.14297969 0.19211831 34.44713819
  jla_mock 0.040259 36.38737607 0.17447686 36.32367284
  jla_mock 0.030381 35.74467301 0.20408145 35.69843968
  jla_mock 0.015504 34.30428422 0.20027602 34.20977324
  jla_mock 0.014151 33.75963466 0.18788306 33.97991818
  jla_mock 0.015487 34.06640632 0.18431337 34.20773422
  jla_mock 0.015554 34.47876739 0.19852180 34.21577033
  jla_mock 0.037075 36.11084705 0.15485493 36.14569541
  jla_mock 0.015482 34.22106148 0.20249750 34.20713452
  jla_mock 0.013324 33.61212032 0.18643777 33.81743462
  jla_mock 0.014575 34.01993795 0.20791179 34.06322294
  jla_mock 0.015791 34.00716352 0.19846605 34.24419655
  jla_mock 0.024746 35.22890670 0.17954713 35.23102570
  jla_mock 0.027748 35.51119988 0.17503344 35.49117542
  jla_mock 0.010888 33.26069795 0.25477943 33.33882522
  jla_mock 0.013652 34.00646044 0.18670962 33.88187792
  jla_mock 0.035755 36.11074885 0.16295663 36.06349253
  jla_mock 0.024725 35.16054786 0.17710562 35.22920587
  jla_mock 0.038086 36.08530857 0.17051564 36.20220772
  jla_mock 0.021541 34.83804279 0.17711857 34.93386228
  jla_mock 0.019581 34.34897559 0.17898631 34.69877622
  jla_mock 0.030416 35.77631754 0.17571774 35.70081721
  jla_mock 0.039219 36.45901093 0.17021381 36.26553951
  jla_mock 0.034971 35.61140930 0.15987848 36.01023585
  jla_mock 0.028561 35.55956451 0.17650121 35.56162903
  jla_mock 0.020997 34.72122775 0.18822756 34.86861390
  jla_mock 0.032538 35.70081842 0.18232286 35.84496350
  jla_mock 0.015469 34.13178724 0.19318910 34.20557527
  jla_mock 0.015678 34.81061069 0.20747940 34.23064312
  jla_mock 0.027499 35.53419499 0.15598630 35.46959738
  jla_mock 0.046856 36.78209440 0.17134850 36.66590675
  jla_mock 0.033173 36.10126980 0.18295753 35.88809870
  jla_mock 0.010291 33.34192727 0.23549671 33.22153055
  jla_mock 0.080103 38.04586697 0.17116407 37.88626968
  jla_mock 0.012317 33.65758611 0.20020781 33.61958582
  jla_mock 0.024586 35.06188196 0.20631378 35.21716029
  jla_mock 0.014467 33.87403979 0.20827809 34.04200380
  jla_mock 0.015154 34.51601227 0.18399751 34.16779358
  jla_mock 0.029086 35.49340398 0.17337203 35.60712490
  jla_mock 0.034781 35.70876280 0.17928903 35.99732925
  jla_mock 0.044920 36.64380879 0.14070569 36.57393215
  jla_mock 0.034074 36.07964293 0.16958177 35.94930313
  jla_mock 0.074870 37.74924289 0.14386215 37.73065708
  jla_mock 0.014960 34.25557154 0.19782876 34.13886523
  jla_mock 0.020396 34.81164004 0.17103812 34.79652884
  jla_mock 0.040689 36.32067710 0.17468105 36.34770874
  jla_mock 0.026567 35.31550459 0.18033141 35.38883138
  jla_mock 0.026881 35.34936086 0.15330990 35.41604224
  jla_mock 0.023471 35.17894929 0.17597781 35.12053573
  jla_mock 0.069122 37.37706044 0.19117659 37.54735393
  jla_mock 0.065193 37.39122850 0.15879632 37.41650383
  jla_mock 0.022980 34.99955925 0.17790505 35.07798626
  jla_mock 0.017387 34.01411809 0.19829162 34.43562377
  jla_mock 0.031485 35.65232646 0.15108749 35.77343379
  jla_mock 0.011184 33.71345642 0.19447979 33.39698137
  jla_mock 0.021956 35.02983443 0.17567209 34.98363815
  jla_mock 0.031484 35.76010166 0.15080691 35.77336586
  jla_mock 0.023321 35.09313524 0.20285194 35.10753691
  jla_mock 0.020390 34.61344726 0.18300723 34.79580919
  jla_mock 0.022466 34.84976945 0.18140785 35.03344363
  jla_mock 0.033614 36.15046042 0.18044129 35.91805559
  jla_mock 0.036969 36.58334924 0.17916902 36.13977028
  jla_mock 0.022629 34.96386331 0.18007478 35.04756902
  jla_mock 0.014700 33.70921343 0.18462322 34.08778212
  jla_mock 0.036950 35.96267072 0.14876338 36.13870823
  jla_mock 0.060959 37.16218057 0.12531329 37.26168363
  jla_mock 0.059289 37.29490350 0.12135718 37.20061851
  jla_mock 0.069751 37.35466307 0.15873536 37.56798377
  jla_mock 0.029526 35.57547855 0.17470465 35.64036001
  jla_mock 0.033255 35.58909368 0.17565362 35.89366892
  jla_mock 0.024159 35.04459124 0.18124182 35.18015698
  jla_mock 0.015999 34.27384165 0.19155982 34.26914446
  jla_mock 0.062961 37.44195729 0.16530929 37.33488865
  jla_mock 0.021706 35.10139708 0.19186355 34.95365268
  jla_mock 0.031638 35.85637449 0.18943844 35.78382700
  jla_mock 0.018599 34.56381440 0.17304818 34.58099331
  jla_mock 0.027064 35.46845454 0.17332763 35.43190080
  jla_mock 0.025468 34.88226507 0.18469991 35.29359335
  jla_mock 0.023810 34.99427767 0.19336693 35.14991306
  jla_mock 0.023867 35.30923183 0.18298494 35.15485261
  jla_mock 0.022068 34.97607719 0.16678206 34.99707164
