  jla_mock 0.503084 42.17115716 0.14571158 42.35108100
  jla_mock 0.580724 42.30785754 0.16122778 42.72552632
  jla_mock 0.494795 42.53944100 0.12070859 42.30795504
  jla_mock 0.345928 41.54968121 0.13253081 41.39118194
  jla_mock 0.677662 43.59540400 0.22871689 43.13175210
  jla_mock 0.610712 43.17592786 0.22548733 42.85765176
  jla_mock 0.866494 44.21937901 0.25803499 43.78417385
  jla_mock 0.330932 41.39738898 0.12801230 41.27954507
  jla_mock 0.798566 43.59410610 0.25919990 43.56688646
  jla_mock 0.449562 41.85984999 0.16139765 42.06009851
  jla_mock 0.371443 41.53265164 0.14921889 41.57157260
  jla_mock 0.291718 41.06496271 0.14231442 40.96335873
  jla_mock 0.355820 41.49779784 0.14101044 41.46251312
  jla_mock 0.461274 41.82572139 0.15587207 42.12639800
  jla_mock 0.283610 40.83185541 0.13055630 40.89319599
  jla_mock 0.632234 43.33880345 0.22182909 42.94875922
  jla_mock 0.466414 41.94351643 0.17243727 42.15507604
  jla_mock 0.268624 40.67696172 0.12820280 40.75864558
  jla_mock 0.946890 44.55692949 0.29224985 44.02088236
  jla_mock 0.924917 43.99487667 0.31213110 43.95825216
  jla_mock 0.693165 42.89302718 0.29243158 43.19149304
  jla_mock 0.625233 43.19379685 0.19088816 42.91943219
  jla_mock 0.896944 44.00075496 0.26745476 43.87629010
  jla_mock 0.608261 43.12768591 0.15987482 42.84713700
  jla_mock 0.789054 44.01053315 0.26932700 43.53500333
  jla_mock 0.578292 42.60602948 0.14637659 42.71452713
  jla_mock 0.590280 42.69723524 0.18966931 42.76830634
  jla_mock 0.719626 43.66389767 0.25305179 43.29065226
  jla_mock 0.210032 40.19732975 0.13132256 40.15483080
  jla_mock 0.766590 43.73845201 0.22576765 43.45828289
  jla_mock 0.858513 43.89792334 0.22289539 43.75956030
  jla_mock 0.367904 41.58392302 0.09931133 41.54729890
  jla_mock 0.558746 42.44086365 0.15678156 42.62454440
  jla_mock 0.848509 43.41454235 0.21739327 43.72833562
  jla_mock 0.996390 44.11959700 0.24266005 44.15702957
  jla_mock 0.776594 43.07997310 0.26449227 43.49271322
  jla_mock 0.582932 42.65063296 0.13306958 42.73551243
  jla_mock 0.583743 42.52955728 0.16752875 42.73918034
  jla_mock 0.796552 43.85425719 0.22887969 43.56021387
  jla_mock 0.588721 42.64118103 0.15579306 42.76137980
  jla_mock 0.913473 44.22663117 0.24294053 43.92502563
  jla_mock 0.768587 42.98880880 0.23905376 43.46520986
  jla_mock 0.948455 43.80318791 0.26528102 44.02529941
  jla_mock 0.513793 42.11525322 0.15287930 42.40582273
  jla_mock 0.733609 43.15336551 0.19294483 43.34167511
  jla_mock 0.637701 43.01921573 0.27010736 42.97142091
  jla_mock 0.765588 43.79094560 0.21113574 43.45480726
  jla_mock 0.434861 41.83886397 0.15772880 41.97448442
  jla_mock 0.983407 44.42926241 0.25879722 44.12197372
  jla_mock 0.583743 42.84217269 0.16232669 42.73918034
  jla_mock 0.700631 43.43270738 0.21687358 43.21987569
  jla_mock 0.662058 42.94454393 0.21294856 43.07025770
  jla_mock 0.838126 43.46356435 0.28077453 43.69551364
  jla_mock 0.621874 43.08725771 0.17546981 42.90526861
  jla_mock 0.370586 41.44189538 0.14291643 41.56574760
  jla_mock 0.416632 41.74833269 0.13815441 41.86461950
  jla_mock 0.358570 41.51819345 0.10704088 41.48212572
  jla_mock 0.451681 42.04673527 0.15278703 42.07216742
  jla_mock 0.522762 42.22050164 0.16112888 42.45088093
  jla_mock 0.733996 43.63427836 0.30408870 43.34308204
  jla_mock 0.701965 42.34995374 0.31176741 43.22488288
  jla_mock 0.742008 43.43260996 0.29013165 43.37180407
  jla_mock 0.746118 43.15421802 0.21822021 43.38651198
  jla_mock 0.349560 41.53685506 0.13472825 41.41773364
  jla_mock 0.591835 42.65830431 0.15357327 42.77521512
  jla_mock 0.514746 42.01780414 0.15561143 42.41063888
  jla_mock 0.620632 42.93840577 0.18447364 42.90003158
  jla_mock 0.643646 43.25570691 0.24392132 42.99587363
  jla_mock 1.002795 44.31616979 0.33216844 44.17412957
  jla_mock 0.470586 42.20966559 0.14420733 42.17805785
  jla_mock 0.610643 43.21081302 0.15877872 42.85735575
  jla_mock 0.263487 40.65854180 0.12804977 40.71059074
  jla_mock 0.358336 41.42611033 0.12918713 41.48045687
  jla_mock 0.742697 42.99880797 0.25908753 43.37426971
  jla_mock 0.451556 42.15724821 0.11538935 42.07145547
  jla_mock 0.910752 43.24579670 0.26164869 43.91705349
  jla_mock 0.552605 42.79328866 0.15821060 42.59574777
  jla_mock 0.337534 41.42428519 0.12813367 41.32918083
  jla_mock 0.750681 43.10055154 0.24281434 43.40263657
  jla_mock 0.983777 43.90734385 0.34665096 44.12297525
  jla_mock 0.822697 43.66279059 0.22175759 43.64609281
  jla_mock 0.813696 43.46407382 0.24256727 43.61677497
  jla_mock 0.950763 43.88705319 0.26472927 44.03181349
  jla_mock 0.817732 43.45610659 0.24643394 43.62994659
  jla_mock 0.340520 41.46195766 0.12574260 41.35156774
  jla_mock 0.960751 44.12106882 0.28766046 44.05969252
  jla_mock 0.810720 44.04118360 0.27275574 43.60706270
  jla_mock 0.756687 43.06840691 0.24755189 43.42379562
  jla_mock 0.611252 42.47706992 0.18572910 42.85996836
  jla_mock 0.877971 43.88056422 0.22378685 43.81925155
  jla_mock 0.548325 42.48490169 0.14258079 42.57535592
  jla_mock 0.809032 43.42634617 0.23222084 43.60155386
  jla_mock 1.028800 44.09199031 0.28337345 44.24255906
  jla_mock 0.627239 42.57797937 0.17555461 42.92789070
  jla_mock 0.422452 41.71944529 0.15606690 41.90009559
  jla_mock 0.933900 43.95498755 0.34999950 43.98400344
  jla_mock 0.701158 43.19652674 0.22740618 43.22185379
  jla_mock 0.697164 43.19917393 0.20952266 43.20674812
  jla_mock 0.685179 43.39742105 0.27044472 43.16089914
  jla_mock 0.767075 43.79886027 0.25233801 43.45996521
  jla_mock 0.931901 43.97115419 0.25136810 43.97828133
  jla_mock 0.863978 43.65114279 0.24510246 43.77643514
  jla_mock 0.749100 43.90236728 0.22590126 43.39706674
  jla_mock 0.514353 42.24892134 0.15357466 42.40865279
  jla_mock 0.468406 42.05452253 0.11440416 42.16613949
  jla_mock 0.470398 42.08856964 0.15654577 42.17703003
  jla_mock 0.958871 43.94907501 0.27681249 44.05446029
  jla_mock 0.927909 43.50593719 0.29724149 43.96685429
  jla_mock 0.840522 43.56252588 0.21913135 43.70310328
  jla_mock 0.630699 42.97929748 0.17083127 42.94239637
  jla_mock 0.562751 42.67058100 0.14440652 42.64332481
  jla_mock 0.615698 43.10258463 0.16969222 42.87904165
  jla_mock 0.828528 43.25516613 0.22446355 43.66483979
  jla_mock 0.564741 42.72694799 0.16042692 42.65249802
  jla_mock 0.578745 42.62780136 0.14758356 42.71657591
  jla_mock 0.557743 42.48768789 0.15831963 42.61984109
  jla_mock 0.864497 43.75975406 0.22870035 43.77803148
  jla_mock 0.735608 43.24983323 0.23468503 43.34890124
  jla_mock 0.858507 43.84662516 0.28336591 43.75954157
  jla_mock 0.261984 40.73433220 0.10443414 40.69650477
  jla_mock 0.585743 42.84811147 0.18660838 42.74814872
  jla_mock 0.761580 43.25617032 0.21598834 43.44090475
  jla_mock 0.488800 42.12229641 0.11155101 42.27645931
  jla_mock 0.858516 43.51778785 0.27431051 43.75956966
  jla_mock 0.688656 43.03972479 0.18053033 43.17429244
  jla_mock 0.558743 42.59575993 0.15491557 42.62453033
  jla_mock 0.324532 41.44601346 0.12601850 41.23031081
  jla_mock 0.480704 42.30192335 0.10839252 42.23310364
  jla_mock 0.185371 39.86978179 0.13095679 39.85267084
  jla_mock 0.922221 44.16340099 0.33854809 43.95042459
  jla_mock 0.681942 43.02654848 0.19640351 43.14834773
  jla_mock 0.475707 42.29683325 0.10811298 42.20605508
  jla_mock 0.922210 43.61846491 0.27644363 43.95039265
  jla_mock 0.893183 43.84486580 0.25783329 43.86505298
  jla_mock 0.428646 41.74991284 0.14143599 41.93756341
  jla_mock 0.631882 42.76907320 0.23474045 42.94730012
  jla_mock 0.699960 43.15806725 0.25834877 43.21735709
  jla_mock 0.736007 43.70398262 0.26468680 43.35032909
  jla_mock 0.575823 42.90164591 0.15953941 42.70336060
  jla_mock 0.418633 41.97116854 0.10651651 41.87691426
  jla_mock 0.511746 42.41991942 0.12000546 42.39547784
  jla_mock 0.535771 42.54124273 0.12653138 42.51490290
  jla_mock 0.641893 42.64101877 0.21547239 42.98872907
  jla_mock 0.734996 43.77504195 0.22720400 43.34671116
  jla_mock 0.351560 41.12376210 0.13079492 41.43213142
  jla_mock 0.609860 42.78369119 0.17401244 42.85399669
  jla_mock 0.349557 41.39918793 0.13436921 41.41771171
  jla_mock 0.701969 43.23746845 0.18819535 43.22489789
  jla_mock 0.355261 41.26993692 0.10427939 41.45852641
  jla_mock 0.983280 44.28981238 0.25756994 44.12162996
  jla_mock 0.872152 43.76553772 0.26597542 43.80157672
  jla_mock 0.759030 43.30737898 0.20819082 43.43204997
  jla_mock 0.926220 44.00509001 0.24599386 43.96201956
  jla_mock 0.643642 43.32358401 0.22846121 42.99585733
  jla_mock 0.419569 42.16382533 0.13772753 41.88259578
  jla_mock 0.515587 41.96601715 0.20313602 42.41488903
  jla_mock 0.890729 43.59666726 0.21057911 43.85772092
  jla_mock 0.805696 43.31216095 0.22987004 43.59050885
  jla_mock 0.480568 42.06550161 0.10874993 42.23237487
  jla_mock 0.800697 43.89483052 0.24546005 43.57394667
  jla_mock 0.580604 42.74375174 0.18881444 42.72498360
  jla_mock 0.715652 43.34816569 0.24396561 43.27597318
  jla_mock 0.805695 43.79031904 0.23276535 43.59050554
  jla_mock 0.766684 43.55299897 0.25283777 43.45860895
  jla_mock 0.664638 42.70301645 0.19578546 43.08055024
  jla_mock 0.901736 43.74587347 0.25190507 43.89049989
  jla_mock 0.745665 43.39068143 0.21142864 43.38489089
  jla_mock 0.718680 43.71650342 0.20380008 43.28715794
  jla_mock 0.736690 43.31902721 0.19636251 43.35277325
  jla_mock 0.579600 42.88548018 0.12084594 42.72044282
  jla_mock 0.370531 41.47668351 0.10256736 41.56537377
  jla_mock 0.960740 43.67067724 0.23956115 44.05966190
  jla_mock 0.850729 43.97718855 0.21179952 43.73526472
  jla_mock 0.648640 42.86758138 0.19254569 43.01622729
  jla_mock 0.219462 40.14228061 0.13036783 40.26165884
  jla_mock 0.936755 43.81503057 0.24129989 43.99217583
  jla_mock 0.647639 43.05996649 0.17876349 43.01214759
  jla_mock 0.461564 42.18812458 0.13341110 42.12801602
  jla_mock 0.600603 42.53883704 0.17945434 42.81380214
  jla_mock 0.670654 42.96898457 0.23100742 43.10426437
  jla_mock 0.760698 43.19069061 0.20946016 43.43784537
  jla_mock 0.246492 40.67179458 0.13212126 40.54611375
  jla_mock 0.470573 41.98709932 0.14759396 42.17798678
  jla_mock 0.169455 39.79041520 0.11209573 39.63714984
  jla_mock 0.497379 42.22352508 0.12912927 42.32153052
  jla_mock 0.638234 42.73505455 0.19688575 42.97363029
  jla_mock 0.507371 42.47366801 0.14542671 42.37316793
  jla_mock 0.535327 42.33314919 0.14229510 42.51274244
  jla_mock 0.587285 42.60848447 0.16639385 42.75499974
  jla_mock 0.773081 43.18801931 0.25620999 43.48071408
  jla_mock 0.699166 42.78528164 0.22210270 43.21437680
  jla_mock 0.370511 41.76324294 0.12736057 41.56523783
  jla_mock 0.761089 43.74367595 0.22808946 43.43920163
  jla_mock 0.699169 43.18325917 0.21959570 43.21438806
  jla_mock 0.788060 43.62626917 0.19242158 43.53165972
  jla_mock 0.373513 41.54484015 0.13202741 41.58564233
  jla_mock 0.405478 41.81213172 0.13198879 41.79507834
  jla_mock 0.852994 44.18803296 0.25729076 43.74233429
  jla_mock 0.808048 43.70429465 0.24185374 43.59830126
  jla_mock 0.603272 42.40759734 0.18397635 42.82545340
  jla_mock 0.583290 42.44694960 0.17902789 42.73713156
  jla_mock 0.534335 42.77467601 0.14774220 42.50791545
  jla_mock 0.720140 43.26659989 0.24070231 43.29255086
  jla_mock 0.400485 41.58826138 0.21060605 41.76340376
  jla_mock 0.837004 43.83296494 0.21502566 43.69195956
  jla_mock 0.371508 41.54499949 0.10193219 41.57201440
  jla_mock 0.806041 43.82413739 0.25907683 43.59165187
  jla_mock 0.840005 43.89799581 0.23506835 43.70146561
  jla_mock 0.500728 42.22854533 0.12981336 42.33894272
  jla_mock 0.532765 42.43472648 0.17422186 42.50027598
  jla_mock 0.533766 42.19467182 0.18215335 42.50514675
  jla_mock 0.932229 43.21476529 0.34152943 43.97922023
  jla_mock 0.822103 43.74129020 0.25790730 43.64418307
  jla_mock 0.553797 42.40401571 0.13544877 42.60133735
  jla_mock 0.125298 38.77991007 0.13709229 38.92231622
  jla_mock 0.842123 43.54624088 0.28302626 43.70817465
  jla_mock 0.443668 41.65382971 0.15186631 42.02604866
  jla_mock 0.727675 43.30588297 0.24978201 43.32010216
  jla_mock 0.683659 44.10278481 0.41253064 43.15500537
  jla_mock 0.442548 42.26087183 0.13367762 42.01953486
  jla_mock 0.726679 43.07504120 0.20021505 43.31648122
  jla_mock 0.282510 40.96384384 0.12747632 40.88348566
  jla_mock 0.404549 41.77231016 0.12965359 41.78918496
  jla_mock 0.519611 42.32040342 0.13964385 42.43522504
  jla_mock 0.690652 43.08310812 0.23214813 43.18190663
  jla_mock 1.060801 44.80730255 0.27869308 44.32447227
  jla_mock 0.576612 42.70955275 0.15376326 42.70692901
  jla_mock 0.268489 40.96448734 0.12614174 40.75741813
  jla_mock 0.720680 43.35128088 0.25106936 43.29454550
  jla_mock 0.250498 40.57000162 0.13111277 40.58610363
  jla_mock 0.760691 43.64700402 0.27664014 43.43782109
  jla_mock 0.698167 43.82772814 0.26129048 43.21057429
  jla_mock 0.550315 42.68177552 0.16854352 42.58486067
  jla_mock 0.730128 43.15243909 0.23524622 43.32902000
  jla_mock 0.847985 43.80374378 0.24702775 43.72670010
  jla_mock 0.997826 44.33166183 0.24705649 44.16086339
  jla_mock 0.435446 41.94403052 0.13052406 41.97795969
  jla_mock 0.409470 41.76628637 0.12922369 41.82018436
  jla_mock 0.301590 41.24056455 0.12598595 41.04647939
  jla_mock 1.299106 45.01255035 0.19340708 44.86649555
  jla_mock 1.020807 44.11117945 0.23668119 44.22175183
  jla_mock 0.839734 43.74386656 0.19264717 43.70060719
  jla_mock 1.120850 44.36510088 0.20807086 44.47175959
  jla_mock 1.230892 44.71075217 0.23900250 44.72227987
  jla_mock 0.974230 44.04393132 0.18427047 44.09690728
  jla_mock 0.970782 44.39830834 0.33863365 44.08744397
  jla_mock 0.064229 37.48532305 0.15072784 37.38125426
  jla_mock 0.129030 38.99361362 0.16416611 38.99103288
  jla_mock 0.102890 38.50523070 0.14983539 38.46320916
  jla_mock 0.044130 36.45145241 0.17359564 36.53640119
  jla_mock 0.113040 38.78289928 0.15276523 38.68140463
  jla_mock 0.256110 40.69719325 0.20496122 40.64044730
  jla_mock 0.380260 41.61927333 0.28702753 41.63127303
  jla_mock 0.145470 39.57174192 0.16218924 39.27385898
  jla_mock 0.088890 38.40858573 0.14636771 38.12524312
  jla_mock 0.260590 40.88107593 0.18294429 40.68344034
  jla_mock 0.078910 37.80797383 0.15602647 37.85079369
  jla_mock 0.083040 38.27661452 0.15331705 37.96757382
  jla_mock 0.165650 39.41638360 0.13854363 39.58315350
  jla_mock 0.168170 39.60345451 0.16196037 39.61913704
  jla_mock 0.170630 39.81681911 0.16520984 39.65362070
  jla_mock 0.170280 39.53774694 0.17035518 39.64871449
  jla_mock 0.120440 38.71311069 0.15109792 38.82967597
  jla_mock 0.276530 40.93427458 0.21443501 40.83052825
  jla_mock 0.231600 40.60001380 0.18253328 40.39327881
  jla_mock 0.305690 40.69179423 0.26735001 41.08031431
  jla_mock 0.079970 38.15965472 0.16566195 37.88231469
  jla_mock 0.174150 39.71452690 0.15831009 39.70296318
  jla_mock 0.138680 39.52955604 0.16604939 39.16075605
  jla_mock 0.146070 39.08396963 0.16391832 39.28355706
  jla_mock 0.081330 37.96272560 0.14393418 37.92106160
  jla_mock 0.233800 40.45637745 0.17178002 40.41664409
  jla_mock 0.256550 40.39217712 0.17733386 40.64470129
  jla_mock 0.245620 40.28985911 0.20041043 40.53740902
  jla_mock 0.125930 38.81527536 0.19132506 38.93436823
  jla_mock 0.223510 40.15067163 0.21582750 40.30640047
  jla_mock 0.102640 38.37883528 0.14663754 38.45739969
  jla_mock 0.119670 38.77983660 0.14566661 38.81499236
  jla_mock 0.180550 39.63526442 0.16851019 39.78925613
  jla_mock 0.197090 40.24180167 0.17389574 40.00058301
  jla_mock 0.229160 40.14142633 0.19939442 40.36723751
  jla_mock 0.264510 40.60392941 0.19876199 40.72017820
  jla_mock 0.103370 38.32366340 0.12264053 38.47436335
  jla_mock 0.364410 41.64141496 0.23042794 41.52297770
  jla_mock 0.205600 40.18332614 0.15584351 40.10300055
  jla_mock 0.179810 39.88641023 0.19620482 39.77932421
  jla_mock 0.199590 39.85572631 0.18224440 40.03149756
  jla_mock 0.156530 39.33754850 0.15012954 39.44792878
  jla_mock 0.161800 39.48948187 0.14760764 39.52668171
  jla_mock 0.209530 40.15240695 0.20608020 40.14907809
  jla_mock 0.241790 40.27539348 0.19813238 40.49907425
  jla_mock 0.236460 40.62517728 0.16266354 40.44408642
  jla_mock 0.226680 40.40222645 0.21050732 40.34076930
  jla_mock 0.296780 41.04855170 0.19716042 41.00636879
  jla_mock 0.208520 40.00696162 0.16317028 40.13750389
  jla_mock 0.251040 40.61027242 0.22085837 40.59142971
  jla_mock 0.250120 40.65064029 0.17967388 40.58233025
  jla_mock 0.117710 38.94301264 0.14551100 38.77612598
  jla_mock 0.219710 40.60398285 0.16999397 40.26439993
  jla_mock 0.149010 39.39979114 0.14890457 39.33107762
  jla_mock 0.287420 41.04352285 0.18840122 40.92649529
  jla_mock 0.143600 39.22860365 0.16639625 39.24363332
  jla_mock 0.328370 41.14136325 0.19601268 41.25983598
  jla_mock 0.246250 40.44056727 0.16506508 40.54369799
  jla_mock 0.119660 38.79063297 0.15026680 38.81480166
  jla_mock 0.328380 41.26347984 0.27642285 41.25991291
  jla_mock 0.215130 40.22318137 0.18366862 40.21325182
  jla_mock 0.144780 39.43686270 0.13616902 39.26270620
  jla_mock 0.132430 38.99643716 0.12839376 39.05220730
  jla_mock 0.210820 39.99080565 0.16235031 40.16386096
  jla_mock 0.203990 40.08566406 0.15780808 40.08384780
  jla_mock 0.279520 40.84003120 0.16701092 40.85709122
  jla_mock 0.044280 36.40653974 0.15509722 36.54352732
  jla_mock 0.180370 39.74829282 0.15078404 39.78684026
  jla_mock 0.260700 40.89395159 0.18972170 40.68447125
  jla_mock 0.056540 37.28729713 0.18696980 37.09160151
  jla_mock 0.212600 40.05328060 0.19194689 40.18425904
  jla_mock 0.369410 41.66434533 0.23700047 41.55775436
  jla_mock 0.173860 39.73294930 0.13051969 39.69889803
  jla_mock 0.142650 39.36769763 0.16862649 39.22827803
  jla_mock 0.177890 39.70679420 0.17323466 39.75355491
  jla_mock 0.328370 41.00049317 0.20656404 41.25983598
  jla_mock 0.253510 40.81353814 0.19560920 40.61531008
  jla_mock 0.300010 41.49257533 0.19320267 41.03330377
  jla_mock 0.105890 38.15886161 0.14607715 38.52910106
  jla_mock 0.223280 40.26772211 0.16843887 40.30385834
  jla_mock 0.118450 38.71463303 0.12252294 38.79113535
  jla_mock 0.176530 39.67500014 0.17118858 39.73530166
  jla_mock 0.182800 39.87001566 0.18906536 39.81945453
  jla_mock 0.297620 40.93451159 0.22708191 41.01337355
  jla_mock 0.196990 39.71601338 0.16336648 39.99934643
  jla_mock 0.152950 39.51047374 0.14755004 39.39286806
  jla_mock 0.248500 40.35584291 0.17447627 40.56615860
  jla_mock 0.138180 39.21060425 0.12408786 39.15224127
  jla_mock 0.207040 40.28479650 0.17044837 40.12013097
  jla_mock 0.214680 40.24154573 0.18059604 40.20809500
  jla_mock 0.306320 41.26658429 0.21502986 41.08542547
  jla_mock 0.246950 40.89993193 0.17120148 40.55068574
  jla_mock 0.198010 39.75951331 0.14489973 40.01195956
  jla_mock 0.222560 40.36953210 0.15195110 40.29590034
  jla_mock 0.135080 39.19066758 0.15130600 39.09944962
  jla_mock 0.210540 40.02740316 0.18260591 40.16065228
  jla_mock 0.272580 40.90865918 0.16910743 40.79461419
  jla_mock 0.246600 40.58042017 0.16168519 40.54719186
  jla_mock 0.220680 40.43534958 0.19428942 40.27512112
  jla_mock 0.274470 41.03237699 0.19147108 40.81179838
  jla_mock 0.176560 39.38020729 0.15540451 39.73570430
  jla_mock 0.310880 41.18375031 0.22015615 41.12242051
  jla_mock 0.184350 39.62431046 0.17307932 39.83952780
  jla_mock 0.159350 39.54139774 0.14827050 39.49074512
  jla_mock 0.219760 40.22396465 0.16604587 40.26495257
  jla_mock 0.252050 40.62766338 0.18410044 40.60119456
  jla_mock 0.181220 39.89871616 0.14940352 39.79824854
  jla_mock 0.173730 39.67519698 0.13336424 39.69707572
  jla_mock 0.380470 41.76370618 0.24246083 41.63266739
  jla_mock 0.178650 39.63157310 0.17172186 39.76375526
  jla_mock 0.245680 40.76707416 0.18910008 40.53800797
  jla_mock 0.209100 40.09335760 0.16102286 40.14415046
  jla_mock 0.249470 40.47054911 0.20970726 40.57584163
  jla_mock 0.133920 39.01175412 0.16606211 39.07901608
  jla_mock 0.177060 39.60196901 0.16039966 39.74241506
  jla_mock 0.281110 41.09906282 0.18775324 40.87112706
  jla_mock 0.173830 39.90720160 0.15186906 39.69847750
  jla_mock 0.196540 39.81835450 0.16513423 39.99378181
  jla_mock 0.363970 41.43175677 0.22724835 41.51991492
  jla_mock 0.378350 41.59678212 0.26733097 41.61851927
  jla_mock 0.316460 41.26263621 0.21038880 41.16699585
  jla_mock 0.183220 39.96029319 0.13519430 39.82498164
  jla_mock 0.241020 40.73822932 0.16773658 40.49113042
  jla_mock 0.202030 40.16781913 0.19953174 40.06053140
  jla_mock 0.168690 39.70981208 0.16511959 39.62642627
  jla_mock 0.197940 39.75142729 0.17492454 40.01109396
  jla_mock 0.122760 38.89056155 0.14574653 38.87391751
  jla_mock 0.203180 40.37840719 0.16105255 40.07421194
  jla_mock 0.127390 38.88925841 0.14895509 38.96152523
  jla_mock 0.275490 40.80067097 0.19972760 40.82107239
  jla_mock 0.144680 39.38322616 0.14721731 39.26108985
  jla_mock 0.334360 41.59422800 0.24977783 41.30538443
  jla_mock 0.195800 40.14907956 0.15392559 39.98463111
  jla_mock 0.193920 40.13767353 0.16374737 39.96138337
  jla_mock 0.249730 40.48267289 0.18580683 40.57843707
  jla_mock 0.148600 39.34992507 0.14879989 39.32445060
  jla_mock 0.155960 39.77549984 0.14872192 39.43916213
  jla_mock 0.095820 38.45070176 0.15034816 38.29891732
  jla_mock 0.150650 39.60871894 0.15872946 39.35749386
  jla_mock 0.309330 40.91131832 0.24715745 41.10984544
  jla_mock 0.248570 40.47107362 0.17340396 40.56685738
  jla_mock 0.365540 41.18280850 0.24311996 41.53084345
  jla_mock 0.117710 38.85773728 0.12847626 38.77612598
  jla_mock 0.191760 39.91419475 0.14428474 39.93467320
  jla_mock 0.182550 39.68916789 0.16171197 39.81609915
  jla_mock 0.234720 40.32130185 0.18444964 40.42613542
  jla_mock 0.246470 40.32805928 0.19927669 40.54589414
  jla_mock 0.288450 41.11385055 0.18873457 40.93532948
  jla_mock 0.209600 40.23058018 0.19927022 40.14988026
  jla_mock 0.191980 39.89120502 0.17965405 39.93739368
  jla_mock 0.114020 38.49825333 0.12215388 38.70128192
  jla_mock 0.113890 38.90051020 0.18397194 38.69864513
  jla_mock 0.198800 39.96678083 0.20967258 40.02172856
  jla_mock 0.220580 40.55178967 0.22796022 40.27401584
  jla_mock 0.182570 39.85255393 0.16453718 39.81636758
  jla_mock 0.158950 39.64378762 0.16372575 39.48487792
  jla_mock 0.078490 37.79010524 0.14911597 37.83830424
  jla_mock 0.138640 39.33413806 0.13217046 39.16007487
  jla_mock 0.180790 40.03409477 0.15445548 39.79247729
  jla_mock 0.177570 39.87304000 0.18629282 39.74926003
  jla_mock 0.170660 39.45875808 0.16102003 39.65404123
  jla_mock 0.233810 40.81508978 0.20858516 40.41674726
  jla_mock 0.071530 37.39517555 0.17410666 37.62633113
  jla_mock 0.154630 39.51226235 0.18791656 39.41870661
  jla_mock 0.090100 38.11206051 0.15950858 38.15556956
  jla_mock 0.176580 39.84600562 0.20448697 39.73597273
  jla_mock 0.130450 39.30578188 0.16440638 39.01658220
  jla_mock 0.182040 39.59896495 0.17166998 39.80925418
  jla_mock 0.256170 40.49686191 0.17261330 40.64102739
  jla_mock 0.138110 39.08720170 0.14854031 39.15104920
  jla_mock 0.170700 39.71955345 0.16749506 39.65460194
  jla_mock 0.216740 40.24359261 0.14793120 40.23157319
  jla_mock 0.245550 40.28351087 0.17887642 40.53671024
  jla_mock 0.143820 38.87014244 0.16709807 39.24718928
  jla_mock 0.248620 40.68012666 0.18856198 40.56735650
  jla_mock 0.145330 39.41103531 0.17138622 39.27159610
  jla_mock 0.135880 39.13736836 0.12760365 39.11307327
  jla_mock 0.058740 37.24935995 0.12754402 37.18054381
  jla_mock 0.036520 36.01468814 0.15191506 36.11467233
  jla_mock 0.277490 40.96844754 0.22703402 40.83917126
  jla_mock 0.205150 39.87132105 0.29701418 40.09764730
  jla_mock 0.280510 41.01288364 0.20078942 40.86583052
  jla_mock 0.198670 40.02313172 0.16215673 40.02012100
  jla_mock 0.159990 39.68801932 0.15164286 39.50013264
  jla_mock 0.210750 40.27615814 0.18113105 40.16305879
  jla_mock 0.071950 37.48756556 0.17245857 37.64010622
  jla_mock 0.237820 40.21592835 0.19074175 40.45811709
  jla_mock 0.141390 39.14783551 0.17359013 39.20690618
  jla_mock 0.155060 39.06073077 0.15760876 39.42532005
  jla_mock 0.370130 41.59758906 0.22886799 41.56264818
  jla_mock 0.093910 38.30564198 0.17056414 38.25106025
  jla_mock 0.118630 38.78804236 0.17057943 38.79478628
  jla_mock 0.153630 39.43445089 0.15381057 39.40332652
  jla_mock 0.253560 40.75129818 0.16809525 40.61579348
  jla_mock 0.107250 38.36805547 0.14420228 38.55855910
  jla_mock 0.129610 38.68284112 0.15302154 39.00146852
  jla_mock 0.266650 40.73769451 0.19376454 40.74023408
  jla_mock 0.212260 40.14777247 0.16262819 40.18036278
  jla_mock 0.278220 40.96918577 0.18167466 40.84561538
  jla_mock 0.245400 40.53443070 0.16811689 40.53521287
  jla_mock 0.133620 39.15912451 0.15059378 39.07361834
  jla_mock 0.176560 39.49897618 0.16208219 39.73570430
  jla_mock 0.113680 39.12299337 0.14584429 38.69438572
  jla_mock 0.320380 41.31783304 0.26368273 41.19795536
  jla_mock 0.112710 38.66577036 0.12253270 38.67471126
  jla_mock 0.106020 38.56220523 0.14472955 38.53191691
  jla_mock 0.391350 42.12157753 0.26610488 41.70446868
  jla_mock 0.155750 39.66122887 0.14611530 39.43593231
  jla_mock 0.186670 39.77061260 0.16762102 39.86939250
  jla_mock 0.196710 40.06440089 0.16669908 39.99588400
  jla_mock 0.191910 40.38841818 0.17339098 39.93652807
  jla_mock 0.190840 39.97060044 0.15087610 39.92307171
  jla_mock 0.176250 39.56866659 0.15361286 39.73154363
  jla_mock 0.128370 38.94775816 0.15035584 38.97915785
  jla_mock 0.122620 38.89968998 0.14734428 38.87124776
  jla_mock 0.127150 39.07139113 0.14706216 38.95720703
  jla_mock 0.213230 40.09353368 0.17620944 40.19147859
  jla_mock 0.218610 40.07584714 0.18110338 40.25224188
  jla_mock 0.268560 40.80269176 0.19152223 40.75806368
  jla_mock 0.204660 40.11995045 0.16518790 40.09181820
  jla_mock 0.267100 40.63435302 0.17377576 40.74445143
  jla_mock 0.217570 40.16980919 0.17264916 40.24074699
  jla_mock 0.241850 40.56544416 0.17151433 40.49969325
  jla_mock 0.293500 40.85135058 0.20071643 40.97864273
  jla_mock 0.353460 41.67645301 0.23113786 41.44568194
  jla_mock 0.185630 39.94729471 0.15494760 39.85600487
  jla_mock 0.285430 40.86062649 0.19928385 40.90926217
  jla_mock 0.194940 39.83443474 0.16836015 39.97399650
  jla_mock 0.075920 37.92041712 0.14499851 37.76188071
  jla_mock 0.163570 39.36559489 0.15777754 39.55264407
  jla_mock 0.257210 40.67231564 0.20821329 40.65108228
  jla_mock 0.219550 40.38584597 0.18725136 40.26263149
  jla_mock 0.175580 39.75932523 0.15163366 39.72255122
  jla_mock 0.226670 40.88449896 0.18608202 40.34066257
  jla_mock 0.153220 39.44376693 0.15082218 39.39702068
  jla_mock 0.210250 40.12684714 0.19550076 40.15732899
  jla_mock 0.121640 38.83668485 0.12361443 38.85255952
  jla_mock 0.291350 41.03335755 0.19904915 40.96020244
  jla_mock 0.294480 41.16271422 0.27859702 40.98704807
  jla_mock 0.164550 39.47412121 0.12599124 39.56701870
  jla_mock 0.307020 41.18912674 0.20906564 41.09110453
  jla_mock 0.198630 39.80958953 0.16157737 40.01962637
  jla_mock 0.268210 40.83471480 0.21539519 40.75485425
  jla_mock 0.401280 41.19980382 0.24823001 41.76844708
  jla_mock 0.136680 39.30758700 0.15334431 39.12669692
  jla_mock 0.295420 40.92240571 0.24720467 40.99502774
  jla_mock 0.291920 41.09655289 0.19219946 40.96509126
  jla_mock 0.090070 38.01479730 0.12096556 38.15481767
  jla_mock 0.205570 40.11987860 0.18292629 40.10264367
  jla_mock 0.145820 39.28283736 0.14934529 39.27951619
  jla_mock 0.117670 38.85527385 0.14486540 38.77531466
  jla_mock 0.054990 36.99879646 0.14997934 37.02755570
  jla_mock 0.174200 39.71101906 0.15142908 39.70366406
  jla_mock 0.244950 40.44700870 0.18020903 40.53072075
  jla_mock 0.224520 40.38546098 0.18249954 40.31756378
  jla_mock 0.245580 40.37405354 0.16228277 40.53700972
  jla_mock 0.283510 41.08623017 0.21250233 40.89231323
  jla_mock 0.180560 39.57232758 0.17619167 39.78939034
  jla_mock 0.103910 38.61399838 0.12352191 38.48621362
  jla_mock 0.129610 39.21162295 0.15326847 39.00146852
  jla_mock 0.243520 40.43867259 0.16045597 40.51644578
  jla_mock 0.331360 41.09988518 0.26935111 41.28283761
  jla_mock 0.243480 40.32557283 0.19048000 40.51604648
  jla_mock 0.314680 41.39367466 0.17577640 41.15293771
  jla_mock 0.218650 40.26505049 0.18935500 40.25268399
  jla_mock 0.260140 40.63718859 0.21925656 40.67922298
  jla_mock 0.282430 40.99045877 0.19830733 40.88277946
  jla_mock 0.300410 41.03741710 0.20581539 41.03663937
  jla_mock 0.151860 39.14135133 0.14864409 39.37610376
  jla_mock 0.263570 41.01478044 0.18936772 40.71136861
  jla_mock 0.213820 39.89278147 0.20621233 40.19823975
  jla_mock 0.162840 39.46468196 0.16761662 39.54193643
  jla_mock 0.124400 38.84242922 0.17140549 38.90519170
  jla_mock 0.194650 39.89015175 0.13938689 39.97041042
  jla_mock 0.205540 40.05083563 0.18299408 40.10228679
  jla_mock 0.106670 38.46798254 0.14588621 38.54599612
  jla_mock 0.187720 40.02384615 0.18724598 39.88290884
  jla_mock 0.163870 39.57270095 0.15682059 39.55704447
  jla_mock 0.290210 41.13310652 0.19470283 40.95042479
  jla_mock 0.094010 38.38196298 0.12497638 38.25356657
  jla_mock 0.227860 40.40291819 0.18009820 40.35336304
  jla_mock 0.107510 38.46011655 0.14764565 38.56419079
  jla_mock 0.310650 41.07184339 0.22259423 41.12055454
  jla_mock 0.145640 39.34859339 0.15575872 39.27660677
  jla_mock 0.087840 38.21757952 0.12609586 38.09813443
  jla_mock 0.148390 39.44681042 0.15572534 39.32105628
  jla_mock 0.286620 41.02075050 0.19365541 40.91963379
  jla_mock 0.122810 39.13070481 0.13329108 38.87487099
  jla_mock 0.186550 39.86386084 0.20280242 39.86784777
  jla_mock 0.128930 39.39900115 0.15503539 38.98923364
  jla_mock 0.194220 40.04230803 0.16863568 39.96509311
  jla_mock 0.148000 39.50184879 0.14676099 39.31475253
  jla_mock 0.211790 40.13061929 0.22866165 40.17497677
  jla_mock 0.179620 39.75209242 0.17351314 39.77677412
  jla_mock 0.263490 40.87048460 0.18130204 40.71061886
  jla_mock 0.192150 39.85166665 0.15956887 39.93949587
  jla_mock 0.338800 41.68748648 0.22987627 41.33867240
  jla_mock 0.117410 38.69889572 0.14766783 38.77004109
  jla_mock 0.143100 39.26228210 0.16841647 39.23555159
  jla_mock 0.160350 39.53877604 0.13218212 39.50541312
  jla_mock 0.288720 40.92803232 0.21129560 40.93764524
  jla_mock 0.123030 39.00748385 0.15464992 38.87906631
  jla_mock 0.264050 40.82306361 0.18533646 40.71586713
  jla_mock 0.126080 38.74958485 0.17182656 38.93722867
  jla_mock 0.173740 39.59098047 0.14981160 39.69721590
  jla_mock 0.164400 39.14982845 0.14972618 39.56481851
  jla_mock 0.249610 40.65006982 0.16242204 40.57723917
  jla_mock 0.159990 39.40578787 0.15136580 39.50013264
  jla_mock 0.244480 40.27373428 0.15150476 40.52602897
  jla_mock 0.248510 40.50774341 0.17707716 40.56625843
  jla_mock 0.228930 40.48643029 0.16847625 40.36478279
  jla_mock 0.085280 37.87816135 0.14384543 38.02850211
  jla_mock 0.062818 37.26835801 0.14854713 37.32965972
  jla_mock 0.277450 40.71261588 0.23370164 40.83881815
  jla_mock 0.275440 40.83973877 0.21508178 40.82061778
  jla_mock 0.330510 40.91822137 0.21087893 41.27629868
  jla_mock 0.361930 41.65918847 0.24565378 41.50571480
  jla_mock 0.331030 40.98063483 0.21800830 41.28029897
  jla_mock 0.160500 39.48313111 0.12714994 39.50761332
  jla_mock 0.300210 40.87715542 0.20430208 41.03497157
  jla_mock 0.116350 38.79862423 0.12231010 38.74854117
  jla_mock 0.218290 40.03238945 0.16062208 40.24870499
  jla_mock 0.119670 38.99757210 0.12046332 38.81499236
  jla_mock 0.154730 39.61681539 0.12395445 39.42024462
  jla_mock 0.178100 40.05868959 0.16562813 39.75637343
  jla_mock 0.250370 40.38731547 0.16560962 40.58482587
  jla_mock 0.251740 40.53174636 0.14466362 40.59819743
  jla_mock 0.129530 38.85586478 0.14518911 39.00002912
  jla_mock 0.309290 41.25885544 0.18810950 41.10952092
  jla_mock 0.278520 40.79334474 0.17881943 40.84826365
  jla_mock 0.185810 39.94485477 0.13605911 39.85832196
  jla_mock 0.066510 37.23577935 0.17228058 37.46168597
  jla_mock 0.258000 40.49473565 0.18756945 40.65872012
  jla_mock 0.298880 40.88946400 0.21609463 41.02388070
  jla_mock 0.270440 40.78634391 0.22437165 40.77515695
  jla_mock 0.279160 40.91630167 0.17183675 40.85391330
  jla_mock 0.292870 40.54499579 0.21554431 40.97323930
  jla_mock 0.189650 40.27726414 0.15711153 39.90775318
  jla_mock 0.265760 41.06185931 0.19291042 40.73189308
  jla_mock 0.123760 38.85540890 0.14509081 38.89298713
  jla_mock 0.182550 39.64478103 0.14971699 39.81609915
  jla_mock 0.056340 36.93782887 0.14895035 37.08333754
  jla_mock 0.312880 41.29927466 0.18264477 41.13864641
  jla_mock 0.309150 41.35454141 0.22328713 41.10838511
  jla_mock 0.200610 39.89925274 0.15587566 40.04363891
  jla_mock 0.326400 41.33548358 0.20549386 41.24468106
  jla_mock 0.211630 40.25672006 0.13899445 40.17314324
  jla_mock 0.179690 39.76755022 0.15636245 39.77771363
  jla_mock 0.302400 41.07294270 0.19662226 41.05323399
  jla_mock 0.109240 38.43489211 0.14870399 38.60166315
  jla_mock 0.085220 38.10830545 0.15002378 38.02687010
  jla_mock 0.202310 39.88707658 0.16131988 40.06386231
  jla_mock 0.126490 38.72592008 0.15584855 38.94504722
  jla_mock 0.214570 40.19205879 0.16812914 40.20683444
  jla_mock 0.320450 41.12416674 0.19168742 41.19850820
  jla_mock 0.218350 40.21843581 0.17273249 40.24936815
  jla_mock 0.190100 40.06219818 0.15982384 39.91354590
  jla_mock 0.092430 38.23856824 0.15614025 38.21396675
  jla_mock 0.379860 41.79334034 0.18489314 41.62861712
  jla_mock 0.211340 40.15812808 0.16607978 40.16981995
  jla_mock 0.258330 40.52351470 0.18011571 40.66191062
  jla_mock 0.183270 39.80037680 0.16855779 39.82562527
  jla_mock 0.212950 39.97121053 0.17784935 40.18826990
  jla_mock 0.116510 38.33963645 0.15544019 38.75178644
  jla_mock 0.144010 39.13208954 0.17185674 39.25026033
  jla_mock 0.252490 40.53237882 0.18599877 40.60544855
  jla_mock 0.255390 40.63143457 0.21319916 40.63348622
  jla_mock 0.216980 39.96375454 0.18860575 40.23422585
  jla_mock 1.265901 44.99406962 0.22380442 44.79726150
  jla_mock 0.935774 43.58701656 0.22958872 43.98936774
  jla_mock 0.049519 37.26151652 0.20228994 36.79241934
  jla_mock 0.030325 35.57594726 0.18207848 35.69463564
  jla_mock 0.074579 37.69480261 0.21872943 37.72200368
  jla_mock 0.025198 35.16087723 0.22034080 35.27019548
  jla_mock 0.014411 34.23308757 0.20528439 34.03100129
  jla_mock 0.020792 34.94414655 0.19750056 34.84402582
  jla_mock 0.035218 36.19529019 0.20378488 36.02701442
  jla_mock 0.041657 36.58079328 0.21523275 36.40181746
  jla_mock 0.042400 36.59132420 0.20618664 36.44334925
  jla_mock 0.018902 34.51477574 0.18361956 34.61733569
  jla_mock 0.078840 38.12261406 0.21534076 37.84871212
  jla_mock 0.063345 37.18598091 0.20758765 37.34892997
  jla_mock 0.027637 35.25287016 0.23141589 35.48155629
  jla_mock 0.049325 36.82535454 0.21068097 36.78320287
  jla_mock 0.070153 37.28428656 0.22041411 37.58116850
  jla_mock 0.023909 35.25101962 0.18367797 35.15849228
  jla_mock 0.053126 37.06953521 0.22335947 36.95053545
  jla_mock 0.024951 35.15661792 0.18978288 35.24879075
  jla_mock 0.015664 34.13183657 0.20165316 34.22896394
  jla_mock 0.048984 36.93537848 0.15985830 36.76700280
  jla_mock 0.022399 35.16594912 0.18927946 35.02763749
  jla_mock 0.034854 35.99142292 0.23666209 36.00228810
  jla_mock 0.016966 34.66311993 0.20291443 34.38512824
  jla_mock 0.030721 35.51200039 0.18171781 35.72153570
  jla_mock 0.030482 35.64593291 0.18203752 35.70530056
  jla_mock 0.010550 33.47349826 0.21945028 33.27241718
  jla_mock 0.014256 34.20778931 0.17170736 34.00054790
  jla_mock 0.027688 35.45040008 0.18124529 35.48597589
  jla_mock 0.053860 37.15146959 0.15903793 36.98086424
  jla_mock 0.017672 34.33162891 0.19251135 34.46980720
  jla_mock 0.017450 34.51946974 0.17037052 34.44318011
  jla_mock 0.015573 34.06282533 0.20219934 34.21804923
  jla_mock 0.010060 33.59245410 0.23112569 33.17614517
  jla_mock 0.054931 36.88916691 0.18431298 37.02511783
  jla_mock 0.039083 36.14899798 0.16317419 36.25793746
  jla_mock 0.078317 37.67059621 0.18391968 37.83315978
  jla_mock 0.031764 35.60601819 0.15356487 35.79238611
  jla_mock 0.014440 34.33140265 0.22581465 34.03669902
  jla_mock 0.013533 34.21695301 0.22079334 33.85849757
  jla_mock 0.026677 35.44338808 0.19349962 35.39836385
  jla_mock 0.023360 35.10772085 0.17880596 35.11091660
  jla_mock 0.036934 36.17145998 0.19001518 36.13781387
  jla_mock 0.023552 34.92737083 0.17819828 35.12755509
  jla_mock 0.017483 34.34696291 0.19211831 34.44713819
  jla_mock 0.040259 36.22105957 0.17447686 36.32367284
  jla_mock 0.030381 35.87770972 0.20408145 35.69843968
  jla_mock 0.015504 33.95220866 0.20027602 34.20977324
  jla_mock 0.014151 34.03105219 0.18788306 33.97991818
  jla_mock 0.015487 34.74204869 0.18431337 34.20773422
  jla_mock 0.015554 34.25269782 0.19852180 34.21577033
  jla_mock 0.037075 36.11072279 0.15485493 36.14569541
  jla_mock 0.015482 33.91299878 0.20249750 34.20713452
  jla_mock 0.013324 34.08841892 0.18643777 33.81743462
  jla_mock 0.014575 34.15934352 0.20791179 34.06322294
  jla_mock 0.015791 34.52322816 0.19846605 34.24419655
  jla_mock 0.024746 35.34598604 0.17954713 35.23102570
  jla_mock 0.027748 35.51039575 0.17503344 35.49117542
  jla_mock 0.010888 33.22043045 0.25477943 33.33882522
  jla_mock 0.013652 33.93659821 0.18670962 33.88187792
  jla_mock 0.035755 36.04876245 0.16295663 36.06349253
  jla_mock 0.024725 35.34094460 0.17710562 35.22920587
  jla_mock 0.038086 36.26843779 0.17051564 36.20220772
  jla_mock 0.021541 35.16325423 0.17711857 34.93386228
  jla_mock 0.019581 34.68891400 0.17898631 34.69877622
  jla_mock 0.030416 35.71037142 0.17571774 35.70081721
  jla_mock 0.039219 36.38081480 0.17021381 36.26553951
  jla_mock 0.034971 36.09082803 0.15987848 36.01023585
  jla_mock 0.028561 35.74269001 0.17650121 35.56162903
  jla_mock 0.020997 34.71619750 0.18822756 34.86861390
  jla_mock 0.032538 35.74970468 0.18232286 35.84496350
  jla_mock 0.015469 34.00542865 0.19318910 34.20557527
  jla_mock 0.015678 33.91372297 0.20747940 34.23064312
  jla_mock 0.027499 35.15798377 0.15598630 35.46959738
  jla_mock 0.046856 36.72329171 0.17134850 36.66590675
  jla_mock 0.033173 36.24467654 0.18295753 35.88809870
  jla_mock 0.010291 32.98105729 0.23549671 33.22153055
  jla_mock 0.080103 38.00426218 0.17116407 37.88626968
  jla_mock 0.012317 33.59331173 0.20020781 33.61958582
  jla_mock 0.024586 34.95639014 0.20631378 35.21716029
  jla_mock 0.014467 34.03637446 0.20827809 34.04200380
  jla_mock 0.015154 34.14732155 0.18399751 34.16779358
  jla_mock 0.029086 35.52523519 0.17337203 35.60712490
  jla_mock 0.034781 36.48660952 0.17928903 35.99732925
  jla_mock 0.044920 36.50689277 0.14070569 36.57393215
  jla_mock 0.034074 35.75255040 0.16958177 35.94930313
  jla_mock 0.074870 37.88301081 0.14386215 37.73065708
  jla_mock 0.014960 33.98405953 0.19782876 34.13886523
  jla_mock 0.020396 34.80801856 0.17103812 34.79652884
  jla_mock 0.040689 36.23246221 0.17468105 36.34770874
  jla_mock 0.026567 35.13750778 0.18033141 35.38883138
  jla_mock 0.026881 35.26568688 0.15330990 35.41604224
  jla_mock 0.023471 34.54661093 0.17597781 35.12053573
  jla_mock 0.069122 37.67781044 0.19117659 37.54735393
  jla_mock 0.065193 37.42615936 0.15879632 37.41650383
  jla_mock 0.022980 35.06248066 0.17790505 35.07798626
  jla_mock 0.017387 34.40597665 0.19829162 34.43562377
  jla_mock 0.031485 35.46344629 0.15108749 35.77343379
  jla_mock 0.011184 33.53269378 0.19447979 33.39698137
  jla_mock 0.021956 35.19691350 0.17567209 34.98363815
  jla_mock 0.031484 35.79404959 0.15080691 35.77336586
  jla_mock 0.023321 35.07220255 0.20285194 35.10753691
  jla_mock 0.020390 34.91144121 0.18300723 34.79580919
  jla_mock 0.022466 35.10876404 0.18140785 35.03344363
  jla_mock 0.033614 35.86738985 0.18044129 35.91805559
  jla_mock 0.036969 36.27606516 0.17916902 36.13977028
  jla_mock 0.022629 34.82606913 0.18007478 35.04756902
  jla_mock 0.014700 34.54363516 0.18462322 34.08778212
  jla_mock 0.036950 36.34592451 0.14876338 36.13870823
  jla_mock 0.060959 37.15666551 0.12531329 37.26168363
  jla_mock 0.059289 37.12771805 0.12135718 37.20061851
  jla_mock 0.069751 37.58551943 0.15873536 37.56798377
  jla_mock 0.029526 35.40324324 0.17470465 35.64036001
  jla_mock 0.033255 36.00857200 0.17565362 35.89366892
  jla_mock 0.024159 35.02438227 0.18124182 35.18015698
  jla_mock 0.015999 34.25033223 0.19155982 34.26914446
  jla_mock 0.062961 37.21734688 0.16530929 37.33488865
  jla_mock 0.021706 34.84655090 0.19186355 34.95365268
  jla_mock 0.031638 35.70302230 0.18943844 35.78382700
  jla_mock 0.018599 34.54991703 0.17304818 34.58099331
  jla_mock 0.027064 35.27341165 0.17332763 35.43190080
  jla_mock 0.025468 35.37027576 0.18469991 35.29359335
  jla_mock 0.023810 35.62093229 0.19336693 35.14991306
  jla_mock 0.023867 35.36830283 0.18298494 35.15485261
  jla_mock 0.022068 34.79578341 0.16678206 34.99707164
