  jla_mock 0.503084 42.32540633 0.14571158 42.35108100
  jla_mock 0.580724 42.69905541 0.16122778 42.72552632
  jla_mock 0.494795 42.40180401 0.12070859 42.30795504
  jla_mock 0.345928 41.52277898 0.13253081 41.39118194
  jla_mock 0.677662 43.34397448 0.22871689 43.13175210
  jla_mock 0.610712 42.76016367 0.22548733 42.85765176
  jla_mock 0.866494 43.65767428 0.25803499 43.78417385
  jla_mock 0.330932 41.43275317 0.12801230 41.27954507
  jla_mock 0.798566 43.65729904 0.25919990 43.56688646
  jla_mock 0.449562 42.08380389 0.16139765 42.06009851
  jla_mock 0.371443 41.61474580 0.14921889 41.57157260
  jla_mock 0.291718 41.23805390 0.14231442 40.96335873
  jla_mock 0.355820 41.34726920 0.14101044 41.46251312
  jla_mock 0.461274 42.05799474 0.15587207 42.12639800
  jla_mock 0.283610 40.90755566 0.13055630 40.89319599
  jla_mock 0.632234 42.67139889 0.22182909 42.94875922
  jla_mock 0.466414 41.92916053 0.17243727 42.15507604
  jla_mock 0.268624 40.94447630 0.12820280 40.75864558
  jla_mock 0.946890 43.61939844 0.29224985 44.02088236
  jla_mock 0.924917 43.62106826 0.31213110 43.95825216
  jla_mock 0.693165 43.31109778 0.29243158 43.19149304
  jla_mock 0.625233 42.55834986 0.19088816 42.91943219
  jla_mock 0.896944 43.69142341 0.26745476 43.87629010
  jla_mock 0.608261 43.01070835 0.15987482 42.84713700
  jla_mock 0.789054 43.78201605 0.26932700 43.53500333
  jla_mock 0.578292 42.44108766 0.14637659 42.71452713
  jla_mock 0.590280 42.67477823 0.18966931 42.76830634
  jla_mock 0.719626 43.82372560 0.25305179 43.29065226
  jla_mock 0.210032 40.45138567 0.13132256 40.15483080
  jla_mock 0.766590 43.46197885 0.22576765 43.45828289
  jla_mock 0.858513 43.64363346 0.22289539 43.75956030
  jla_mock 0.367904 41.63851262 0.09931133 41.54729890
  jla_mock 0.558746 42.58946721 0.15678156 42.62454440
  jla_mock 0.848509 43.61030120 0.21739327 43.72833562
  jla_mock 0.996390 43.83882375 0.24266005 44.15702957
  jla_mock 0.776594 43.30376804 0.26449227 43.49271322
  jla_mock 0.582932 42.90186944 0.13306958 42.73551243
  jla_mock 0.583743 42.97498130 0.16752875 42.73918034
  jla_mock 0.796552 43.85862661 0.22887969 43.56021387
  jla_mock 0.588721 42.75352622 0.15579306 42.76137980
  jla_mock 0.913473 44.05098419 0.24294053 43.92502563
  jla_mock 0.768587 43.29032564 0.23905376 43.46520986
  jla_mock 0.948455 44.14223365 0.26528102 44.02529941
  jla_mock 0.513793 42.33136965 0.15287930 42.40582273
  jla_mock 0.733609 43.50716134 0.19294483 43.34167511
  jla_mock 0.637701 43.03189680 0.27010736 42.97142091
  jla_mock 0.765588 43.44943908 0.21113574 43.45480726
  jla_mock 0.434861 41.78077610 0.15772880 41.97448442
  jla_mock 0.983407 44.03272754 0.25879722 44.12197372
  jla_mock 0.583743 42.77712389 0.16232669 42.73918034
  jla_mock 0.700631 43.51112053 0.21687358 43.21987569
  jla_mock 0.662058 42.86432606 0.21294856 43.07025770
  jla_mock 0.838126 44.16297658 0.28077453 43.69551364
  jla_mock 0.621874 42.93893749 0.17546981 42.90526861
  jla_mock 0.370586 41.63023202 0.14291643 41.56574760
  jla_mock 0.416632 41.86810895 0.13815441 41.86461950
  jla_mock 0.358570 41.32078035 0.10704088 41.48212572
  jla_mock 0.451681 41.89600500 0.15278703 42.07216742
  jla_mock 0.522762 42.32907850 0.16112888 42.45088093
  jla_mock 0.733996 43.33946920 0.30408870 43.34308204
  jla_mock 0.701965 43.28660688 0.31176741 43.22488288
  jla_mock 0.742008 43.57005272 0.29013165 43.37180407
  jla_mock 0.746118 43.08085363 0.21822021 43.38651198
  jla_mock 0.349560 41.43907163 0.13472825 41.41773364
  jla_mock 0.591835 42.77416839 0.15357327 42.77521512
  jla_mock 0.514746 42.57677909 0.15561143 42.41063888
  jla_mock 0.620632 42.76591082 0.18447364 42.90003158
  jla_mock 0.643646 42.79394867 0.24392132 42.99587363
  jla_mock 1.002795 44.06402806 0.33216844 44.17412957
  jla_mock 0.470586 42.25755960 0.14420733 42.17805785
  jla_mock 0.610643 42.68943033 0.15877872 42.85735575
  jla_mock 0.263487 40.77311912 0.12804977 40.71059074
  jla_mock 0.358336 41.60378738 0.12918713 41.48045687
  jla_mock 0.742697 43.66013970 0.25908753 43.37426971
  jla_mock 0.451556 41.93457891 0.11538935 42.07145547
  jla_mock 0.910752 44.24602545 0.26164869 43.91705349
  jla_mock 0.552605 42.57156927 0.15821060 42.59574777
  jla_mock 0.337534 41.26542092 0.12813367 41.32918083
  jla_mock 0.750681 43.08939510 0.24281434 43.40263657
  jla_mock 0.983777 43.80153582 0.34665096 44.12297525
  jla_mock 0.822697 43.79256584 0.22175759 43.64609281
  jla_mock 0.813696 43.83705954 0.24256727 43.61677497
  jla_mock 0.950763 44.04233231 0.26472927 44.03181349
  jla_mock 0.817732 43.63316899 0.24643394 43.62994659
  jla_mock 0.340520 41.12237665 0.12574260 41.35156774
  jla_mock 0.960751 43.75494313 0.28766046 44.05969252
  jla_mock 0.810720 43.96931866 0.27275574 43.60706270
  jla_mock 0.756687 43.62453352 0.24755189 43.42379562
  jla_mock 0.611252 42.81573591 0.18572910 42.85996836
  jla_mock 0.877971 44.01512683 0.22378685 43.81925155
  jla_mock 0.548325 42.60106472 0.14258079 42.57535592
  jla_mock 0.809032 43.40801481 0.23222084 43.60155386
  jla_mock 1.028800 44.24762971 0.28337345 44.24255906
  jla_mock 0.627239 42.93703920 0.17555461 42.92789070
  jla_mock 0.422452 42.07680889 0.15606690 41.90009559
  jla_mock 0.933900 44.72288339 0.34999950 43.98400344
  jla_mock 0.701158 43.12403600 0.22740618 43.22185379
  jla_mock 0.697164 43.39464099 0.20952266 43.20674812
  jla_mock 0.685179 43.12996105 0.27044472 43.16089914
  jla_mock 0.767075 43.44049931 0.25233801 43.45996521
  jla_mock 0.931901 43.51295917 0.25136810 43.97828133
  jla_mock 0.863978 43.70930392 0.24510246 43.77643514
  jla_mock 0.749100 43.22044210 0.22590126 43.39706674
  jla_mock 0.514353 42.49140855 0.15357466 42.40865279
  jla_mock 0.468406 42.03883623 0.11440416 42.16613949
  jla_mock 0.470398 42.31040626 0.15654577 42.17703003
  jla_mock 0.958871 43.41604143 0.27681249 44.05446029
  jla_mock 0.927909 43.53365890 0.29724149 43.96685429
  jla_mock 0.840522 43.74251417 0.21913135 43.70310328
  jla_mock 0.630699 43.05988981 0.17083127 42.94239637
  jla_mock 0.562751 42.87892145 0.14440652 42.64332481
  jla_mock 0.615698 42.98710910 0.16969222 42.87904165
  jla_mock 0.828528 43.31407319 0.22446355 43.66483979
  jla_mock 0.564741 42.78247835 0.16042692 42.65249802
  jla_mock 0.578745 42.98982932 0.14758356 42.71657591
  jla_mock 0.557743 42.70423452 0.15831963 42.61984109
  jla_mock 0.864497 44.13794724 0.22870035 43.77803148
  jla_mock 0.735608 43.23839231 0.23468503 43.34890124
  jla_mock 0.858507 43.55918795 0.28336591 43.75954157
  jla_mock 0.261984 40.77844999 0.10443414 40.69650477
  jla_mock 0.585743 42.73018102 0.18660838 42.74814872
  jla_mock 0.761580 43.52049439 0.21598834 43.44090475
  jla_mock 0.488800 42.24447320 0.11155101 42.27645931
  jla_mock 0.858516 43.72107610 0.27431051 43.75956966
  jla_mock 0.688656 43.10414547 0.18053033 43.17429244
  jla_mock 0.558743 42.78067238 0.15491557 42.62453033
  jla_mock 0.324532 41.14658235 0.12601850 41.23031081
  jla_mock 0.480704 42.04868305 0.10839252 42.23310364
  jla_mock 0.185371 39.84991592 0.13095679 39.85267084
  jla_mock 0.922221 44.00663545 0.33854809 43.95042459
  jla_mock 0.681942 42.88571101 0.19640351 43.14834773
  jla_mock 0.475707 42.19192426 0.10811298 42.20605508
  jla_mock 0.922210 43.80307552 0.27644363 43.95039265
  jla_mock 0.893183 44.24496819 0.25783329 43.86505298
  jla_mock 0.428646 41.86770483 0.14143599 41.93756341
  jla_mock 0.631882 42.34610035 0.23474045 42.94730012
  jla_mock 0.699960 43.43169792 0.25834877 43.21735709
  jla_mock 0.736007 43.52791469 0.26468680 43.35032909
  jla_mock 0.575823 42.66629607 0.15953941 42.70336060
  jla_mock 0.418633 41.98486826 0.10651651 41.87691426
  jla_mock 0.511746 42.19431883 0.12000546 42.39547784
  jla_mock 0.535771 42.69030654 0.12653138 42.51490290
  jla_mock 0.641893 42.89629854 0.21547239 42.98872907
  jla_mock 0.734996 43.50121485 0.22720400 43.34671116
  jla_mock 0.351560 41.78306142 0.13079492 41.43213142
  jla_mock 0.609860 42.57430702 0.17401244 42.85399669
  jla_mock 0.349557 41.03620595 0.13436921 41.41771171
  jla_mock 0.701969 43.05177993 0.18819535 43.22489789
  jla_mock 0.355261 41.29153972 0.10427939 41.45852641
  jla_mock 0.983280 44.64453918 0.25756994 44.12162996
  jla_mock 0.872152 43.90497628 0.26597542 43.80157672
  jla_mock 0.759030 43.65614390 0.20819082 43.43204997
  jla_mock 0.926220 43.86384775 0.24599386 43.96201956
  jla_mock 0.643642 42.69402401 0.22846121 42.99585733
  jla_mock 0.419569 41.77175339 0.13772753 41.88259578
  jla_mock 0.515587 42.11044968 0.20313602 42.41488903
  jla_mock 0.890729 44.15560647 0.21057911 43.85772092
  jla_mock 0.805696 43.38644461 0.22987004 43.59050885
  jla_mock 0.480568 41.93361028 0.10874993 42.23237487
  jla_mock 0.800697 43.71695032 0.24546005 43.57394667
  jla_mock 0.580604 42.91809510 0.18881444 42.72498360
  jla_mock 0.715652 43.66135059 0.24396561 43.27597318
  jla_mock 0.805695 43.60441441 0.23276535 43.59050554
  jla_mock 0.766684 43.54279075 0.25283777 43.45860895
  jla_mock 0.664638 43.11731197 0.19578546 43.08055024
  jla_mock 0.901736 44.25392108 0.25190507 43.89049989
  jla_mock 0.745665 43.25300043 0.21142864 43.38489089
  jla_mock 0.718680 43.31320794 0.20380008 43.28715794
  jla_mock 0.736690 43.31783124 0.19636251 43.35277325
  jla_mock 0.579600 42.70447022 0.12084594 42.72044282
  jla_mock 0.370531 41.61068359 0.10256736 41.56537377
  jla_mock 0.960740 44.11205799 0.23956115 44.05966190
  jla_mock 0.850729 43.99081547 0.21179952 43.73526472
  jla_mock 0.648640 43.07176311 0.19254569 43.01622729
  jla_mock 0.219462 40.24385312 0.13036783 40.26165884
  jla_mock 0.936755 44.34296292 0.24129989 43.99217583
  jla_mock 0.647639 42.89777890 0.17876349 43.01214759
  jla_mock 0.461564 42.26096568 0.13341110 42.12801602
  jla_mock 0.600603 42.73163510 0.17945434 42.81380214
  jla_mock 0.670654 43.21552300 0.23100742 43.10426437
  jla_mock 0.760698 43.55863082 0.20946016 43.43784537
  jla_mock 0.246492 40.56390560 0.13212126 40.54611375
  jla_mock 0.470573 42.23820090 0.14759396 42.17798678
  jla_mock 0.169455 39.63314594 0.11209573 39.63714984
  jla_mock 0.497379 42.29141012 0.12912927 42.32153052
  jla_mock 0.638234 43.17053487 0.19688575 42.97363029
  jla_mock 0.507371 42.42440455 0.14542671 42.37316793
  jla_mock 0.535327 42.47547916 0.14229510 42.51274244
  jla_mock 0.587285 42.78511589 0.16639385 42.75499974
  jla_mock 0.773081 43.76265602 0.25620999 43.48071408
  jla_mock 0.699166 43.11340258 0.22210270 43.21437680
  jla_mock 0.370511 41.62178343 0.12736057 41.56523783
  jla_mock 0.761089 43.83351133 0.22808946 43.43920163
  jla_mock 0.699169 43.08541016 0.21959570 43.21438806
  jla_mock 0.788060 43.39769488 0.19242158 43.53165972
  jla_mock 0.373513 41.79664741 0.13202741 41.58564233
  jla_mock 0.405478 41.54017854 0.13198879 41.79507834
  jla_mock 0.852994 43.59432410 0.25729076 43.74233429
  jla_mock 0.808048 43.15351723 0.24185374 43.59830126
  jla_mock 0.603272 42.70074822 0.18397635 42.82545340
  jla_mock 0.583290 42.67711987 0.17902789 42.73713156
  jla_mock 0.534335 42.77277897 0.14774220 42.50791545
  jla_mock 0.720140 43.01627440 0.24070231 43.29255086
  jla_mock 0.400485 41.63202802 0.21060605 41.76340376
  jla_mock 0.837004 43.79786459 0.21502566 43.69195956
  jla_mock 0.371508 41.57844855 0.10193219 41.57201440
  jla_mock 0.806041 43.71402614 0.25907683 43.59165187
  jla_mock 0.840005 43.85160491 0.23506835 43.70146561
  jla_mock 0.500728 42.00179655 0.12981336 42.33894272
  jla_mock 0.532765 42.68475031 0.17422186 42.50027598
  jla_mock 0.533766 42.36143489 0.18215335 42.50514675
  jla_mock 0.932229 43.92212130 0.34152943 43.97922023
  jla_mock 0.822103 43.43973654 0.25790730 43.64418307
  jla_mock 0.553797 42.81066084 0.13544877 42.60133735
  jla_mock 0.125298 39.00831464 0.13709229 38.92231622
  jla_mock 0.842123 43.90227581 0.28302626 43.70817465
  jla_mock 0.443668 42.05611828 0.15186631 42.02604866
  jla_mock 0.727675 43.69961034 0.24978201 43.32010216
  jla_mock 0.683659 43.97963260 0.41253064 43.15500537
  jla_mock 0.442548 42.04284257 0.13367762 42.01953486
  jla_mock 0.726679 43.57125225 0.20021505 43.31648122
  jla_mock 0.282510 40.71941492 0.12747632 40.88348566
  jla_mock 0.404549 41.89283150 0.12965359 41.78918496
  jla_mock 0.519611 42.39232253 0.13964385 42.43522504
  jla_mock 0.690652 43.61956034 0.23214813 43.18190663
  jla_mock 1.060801 43.77867766 0.27869308 44.32447227
  jla_mock 0.576612 42.55349047 0.15376326 42.70692901
  jla_mock 0.268489 40.81851027 0.12614174 40.75741813
  jla_mock 0.720680 43.05007213 0.25106936 43.29454550
  jla_mock 0.250498 40.47710315 0.13111277 40.58610363
  jla_mock 0.760691 43.39529631 0.27664014 43.43782109
  jla_mock 0.698167 43.13066626 0.26129048 43.21057429
  jla_mock 0.550315 42.50992300 0.16854352 42.58486067
  jla_mock 0.730128 43.13983403 0.23524622 43.32902000
  jla_mock 0.847985 43.72478939 0.24702775 43.72670010
  jla_mock 0.997826 44.02386542 0.24705649 44.16086339
  jla_mock 0.435446 41.78309601 0.13052406 41.97795969
  jla_mock 0.409470 41.72152260 0.12922369 41.82018436
  jla_mock 0.301590 41.07771957 0.12598595 41.04647939
  jla_mock 1.299106 45.21314176 0.19340708 44.86649555
  jla_mock 1.020807 43.96940157 0.23668119 44.22175183
  jla_mock 0.839734 43.59640020 0.19264717 43.70060719
  jla_mock 1.120850 44.15358767 0.20807086 44.47175959
  jla_mock 1.230892 44.73260439 0.23900250 44.72227987
  jla_mock 0.974230 44.48019097 0.18427047 44.09690728
  jla_mock 0.970782 44.39301931 0.33863365 44.08744397
  jla_mock 0.064229 37.34530438 0.15072784 37.38125426
  jla_mock 0.129030 39.06773257 0.16416611 38.99103288
  jla_mock 0.102890 38.69188304 0.14983539 38.46320916
  jla_mock 0.044130 36.17289932 0.17359564 36.53640119
  jla_mock 0.113040 38.61536137 0.15276523 38.68140463
  jla_mock 0.256110 40.54617979 0.20496122 40.64044730
  jla_mock 0.380260 41.86144247 0.28702753 41.63127303
  jla_mock 0.145470 39.29253568 0.16218924 39.27385898
  jla_mock 0.088890 38.05473092 0.14636771 38.12524312
  jla_mock 0.260590 40.54918308 0.18294429 40.68344034
  jla_mock 0.078910 37.75478380 0.15602647 37.85079369
  jla_mock 0.083040 37.78281401 0.15331705 37.96757382
  jla_mock 0.165650 39.61540387 0.13854363 39.58315350
  jla_mock 0.168170 39.52997049 0.16196037 39.61913704
  jla_mock 0.170630 39.75969681 0.16520984 39.65362070
  jla_mock 0.170280 39.90009933 0.17035518 39.64871449
  jla_mock 0.120440 38.86862919 0.15109792 38.82967597
  jla_mock 0.276530 41.01392213 0.21443501 40.83052825
  jla_mock 0.231600 40.35053004 0.18253328 40.39327881
  jla_mock 0.305690 40.86385488 0.26735001 41.08031431
  jla_mock 0.079970 38.34519118 0.16566195 37.88231469
  jla_mock 0.174150 39.79664163 0.15831009 39.70296318
  jla_mock 0.138680 39.52182535 0.16604939 39.16075605
  jla_mock 0.146070 39.50012078 0.16391832 39.28355706
  jla_mock 0.081330 37.80969783 0.14393418 37.92106160
  jla_mock 0.233800 40.60842408 0.17178002 40.41664409
  jla_mock 0.256550 40.45576653 0.17733386 40.64470129
  jla_mock 0.245620 40.74293880 0.20041043 40.53740902
  jla_mock 0.125930 39.44700044 0.19132506 38.93436823
  jla_mock 0.223510 40.12290307 0.21582750 40.30640047
  jla_mock 0.102640 38.18665791 0.14663754 38.45739969
  jla_mock 0.119670 38.70450352 0.14566661 38.81499236
  jla_mock 0.180550 39.48123317 0.16851019 39.78925613
  jla_mock 0.197090 39.75325622 0.17389574 40.00058301
  jla_mock 0.229160 40.66139736 0.19939442 40.36723751
  jla_mock 0.264510 40.76111390 0.19876199 40.72017820
  jla_mock 0.103370 38.54022470 0.12264053 38.47436335
  jla_mock 0.364410 41.60328630 0.23042794 41.52297770
  jla_mock 0.205600 40.17549139 0.15584351 40.10300055
  jla_mock 0.179810 39.67126395 0.19620482 39.77932421
  jla_mock 0.199590 40.23982100 0.18224440 40.03149756
  jla_mock 0.156530 39.45412011 0.15012954 39.44792878
  jla_mock 0.161800 39.55610412 0.14760764 39.52668171
  jla_mock 0.209530 40.44603454 0.20608020 40.14907809
  jla_mock 0.241790 40.38837498 0.19813238 40.49907425
  jla_mock 0.236460 40.35634330 0.16266354 40.44408642
  jla_mock 0.226680 40.43849238 0.21050732 40.34076930
  jla_mock 0.296780 41.01404410 0.19716042 41.00636879
  jla_mock 0.208520 39.89522226 0.16317028 40.13750389
  jla_mock 0.251040 40.73151551 0.22085837 40.59142971
  jla_mock 0.250120 40.22196930 0.17967388 40.58233025
  jla_mock 0.117710 38.89420257 0.14551100 38.77612598
  jla_mock 0.219710 40.18341680 0.16999397 40.26439993
  jla_mock 0.149010 39.45099896 0.14890457 39.33107762
  jla_mock 0.287420 40.94310122 0.18840122 40.92649529
  jla_mock 0.143600 39.43715282 0.16639625 39.24363332
  jla_mock 0.328370 41.19268559 0.19601268 41.25983598
  jla_mock 0.246250 40.44899631 0.16506508 40.54369799
  jla_mock 0.119660 38.90577011 0.15026680 38.81480166
  jla_mock 0.328380 41.31546264 0.27642285 41.25991291
  jla_mock 0.215130 40.04841554 0.18366862 40.21325182
  jla_mock 0.144780 39.11620193 0.13616902 39.26270620
  jla_mock 0.132430 38.92647912 0.12839376 39.05220730
  jla_mock 0.210820 40.17044526 0.16235031 40.16386096
  jla_mock 0.203990 39.81063860 0.15780808 40.08384780
  jla_mock 0.279520 40.62369235 0.16701092 40.85709122
  jla_mock 0.044280 36.54800679 0.15509722 36.54352732
  jla_mock 0.180370 39.89427047 0.15078404 39.78684026
  jla_mock 0.260700 40.53323214 0.18972170 40.68447125
  jla_mock 0.056540 37.13101941 0.18696980 37.09160151
  jla_mock 0.212600 40.07250794 0.19194689 40.18425904
  jla_mock 0.369410 41.82862405 0.23700047 41.55775436
  jla_mock 0.173860 39.71116994 0.13051969 39.69889803
  jla_mock 0.142650 39.47943141 0.16862649 39.22827803
  jla_mock 0.177890 39.90464338 0.17323466 39.75355491
  jla_mock 0.328370 41.34564012 0.20656404 41.25983598
  jla_mock 0.253510 40.46533469 0.19560920 40.61531008
  jla_mock 0.300010 40.99030472 0.19320267 41.03330377
  jla_mock 0.105890 38.75800031 0.14607715 38.52910106
  jla_mock 0.223280 40.34008360 0.16843887 40.30385834
  jla_mock 0.118450 38.87782861 0.12252294 38.79113535
  jla_mock 0.176530 39.91776007 0.17118858 39.73530166
  jla_mock 0.182800 39.77537849 0.18906536 39.81945453
  jla_mock 0.297620 40.96612885 0.22708191 41.01337355
  jla_mock 0.196990 40.12029355 0.16336648 39.99934643
  jla_mock 0.152950 39.50620153 0.14755004 39.39286806
  jla_mock 0.248500 40.74562867 0.17447627 40.56615860
  jla_mock 0.138180 39.01414537 0.12408786 39.15224127
  jla_mock 0.207040 40.46599831 0.17044837 40.12013097
  jla_mock 0.214680 40.16819852 0.18059604 40.20809500
  jla_mock 0.306320 40.77119204 0.21502986 41.08542547
  jla_mock 0.246950 40.57041332 0.17120148 40.55068574
  jla_mock 0.198010 39.98559513 0.14489973 40.01195956
  jla_mock 0.222560 40.60158654 0.15195110 40.29590034
  jla_mock 0.135080 38.91049664 0.15130600 39.09944962
  jla_mock 0.210540 40.11569767 0.18260591 40.16065228
  jla_mock 0.272580 40.89489178 0.16910743 40.79461419
  jla_mock 0.246600 40.59402362 0.16168519 40.54719186
  jla_mock 0.220680 40.42795094 0.19428942 40.27512112
  jla_mock 0.274470 40.70903387 0.19147108 40.81179838
  jla_mock 0.176560 39.72290818 0.15540451 39.73570430
  jla_mock 0.310880 41.05740941 0.22015615 41.12242051
  jla_mock 0.184350 39.49445221 0.17307932 39.83952780
  jla_mock 0.159350 39.43236135 0.14827050 39.49074512
  jla_mock 0.219760 40.28623976 0.16604587 40.26495257
  jla_mock 0.252050 40.49770514 0.18410044 40.60119456
  jla_mock 0.181220 39.75177817 0.14940352 39.79824854
  jla_mock 0.173730 39.69106599 0.13336424 39.69707572
  jla_mock 0.380470 41.65935513 0.24246083 41.63266739
  jla_mock 0.178650 39.73671536 0.17172186 39.76375526
  jla_mock 0.245680 40.69456603 0.18910008 40.53800797
  jla_mock 0.209100 40.49774733 0.16102286 40.14415046
  jla_mock 0.249470 40.76321894 0.20970726 40.57584163
  jla_mock 0.133920 39.05495779 0.16606211 39.07901608
  jla_mock 0.177060 39.72038396 0.16039966 39.74241506
  jla_mock 0.281110 41.06292399 0.18775324 40.87112706
  jla_mock 0.173830 39.70715784 0.15186906 39.69847750
  jla_mock 0.196540 39.82127533 0.16513423 39.99378181
  jla_mock 0.363970 41.46597446 0.22724835 41.51991492
  jla_mock 0.378350 41.99771952 0.26733097 41.61851927
  jla_mock 0.316460 41.41444787 0.21038880 41.16699585
  jla_mock 0.183220 39.84821763 0.13519430 39.82498164
  jla_mock 0.241020 40.31268952 0.16773658 40.49113042
  jla_mock 0.202030 40.33540109 0.19953174 40.06053140
  jla_mock 0.168690 39.51991504 0.16511959 39.62642627
  jla_mock 0.197940 39.93631474 0.17492454 40.01109396
  jla_mock 0.122760 38.86234981 0.14574653 38.87391751
  jla_mock 0.203180 40.22282827 0.16105255 40.07421194
  jla_mock 0.127390 38.94823311 0.14895509 38.96152523
  jla_mock 0.275490 40.96664136 0.19972760 40.82107239
  jla_mock 0.144680 39.38486162 0.14721731 39.26108985
  jla_mock 0.334360 41.17374821 0.24977783 41.30538443
  jla_mock 0.195800 39.95664757 0.15392559 39.98463111
  jla_mock 0.193920 39.90865815 0.16374737 39.96138337
  jla_mock 0.249730 40.77133447 0.18580683 40.57843707
  jla_mock 0.148600 39.30012924 0.14879989 39.32445060
  jla_mock 0.155960 39.68463111 0.14872192 39.43916213
  jla_mock 0.095820 38.34238228 0.15034816 38.29891732
  jla_mock 0.150650 39.27099113 0.15872946 39.35749386
  jla_mock 0.309330 41.03511251 0.24715745 41.10984544
  jla_mock 0.248570 40.30997218 0.17340396 40.56685738
  jla_mock 0.365540 41.67535541 0.24311996 41.53084345
  jla_mock 0.117710 38.69054099 0.12847626 38.77612598
  jla_mock 0.191760 40.13038517 0.14428474 39.93467320
  jla_mock 0.182550 39.94016795 0.16171197 39.81609915
  jla_mock 0.234720 40.60210607 0.18444964 40.42613542
  jla_mock 0.246470 40.79823287 0.19927669 40.54589414
  jla_mock 0.288450 40.70283958 0.18873457 40.93532948
  jla_mock 0.209600 40.10057703 0.19927022 40.14988026
  jla_mock 0.191980 39.61934658 0.17965405 39.93739368
  jla_mock 0.114020 38.61796958 0.12215388 38.70128192
  jla_mock 0.113890 38.99918329 0.18397194 38.69864513
  jla_mock 0.198800 39.97577308 0.20967258 40.02172856
  jla_mock 0.220580 40.17047478 0.22796022 40.27401584
  jla_mock 0.182570 39.84239522 0.16453718 39.81636758
  jla_mock 0.158950 39.29093988 0.16372575 39.48487792
  jla_mock 0.078490 38.01111381 0.14911597 37.83830424
  jla_mock 0.138640 39.43166572 0.13217046 39.16007487
  jla_mock 0.180790 39.90239764 0.15445548 39.79247729
  jla_mock 0.177570 39.60672617 0.18629282 39.74926003
  jla_mock 0.170660 39.70870719 0.16102003 39.65404123
  jla_mock 0.233810 40.23851421 0.20858516 40.41674726
  jla_mock 0.071530 37.65852352 0.17410666 37.62633113
  jla_mock 0.154630 39.43138110 0.18791656 39.41870661
  jla_mock 0.090100 37.94086417 0.15950858 38.15556956
  jla_mock 0.176580 40.01114336 0.20448697 39.73597273
  jla_mock 0.130450 38.71342759 0.16440638 39.01658220
  jla_mock 0.182040 39.86667305 0.17166998 39.80925418
  jla_mock 0.256170 40.68460467 0.17261330 40.64102739
  jla_mock 0.138110 39.09631648 0.14854031 39.15104920
  jla_mock 0.170700 39.68067094 0.16749506 39.65460194
  jla_mock 0.216740 40.20316263 0.14793120 40.23157319
  jla_mock 0.245550 40.40972890 0.17887642 40.53671024
  jla_mock 0.143820 39.03596522 0.16709807 39.24718928
  jla_mock 0.248620 40.42890516 0.18856198 40.56735650
  jla_mock 0.145330 39.30731156 0.17138622 39.27159610
  jla_mock 0.135880 38.92811440 0.12760365 39.11307327
  jla_mock 0.058740 37.31473460 0.12754402 37.18054381
  jla_mock 0.036520 36.19557921 0.15191506 36.11467233
  jla_mock 0.277490 40.73727064 0.22703402 40.83917126
  jla_mock 0.205150 40.39968177 0.29701418 40.09764730
  jla_mock 0.280510 41.08452904 0.20078942 40.86583052
  jla_mock 0.198670 40.09584019 0.16215673 40.02012100
  jla_mock 0.159990 39.44650359 0.15164286 39.50013264
  jla_mock 0.210750 40.23245256 0.18113105 40.16305879
  jla_mock 0.071950 37.48263935 0.17245857 37.64010622
  jla_mock 0.237820 40.52325552 0.19074175 40.45811709
  jla_mock 0.141390 39.13397582 0.17359013 39.20690618
  jla_mock 0.155060 39.21621805 0.15760876 39.42532005
  jla_mock 0.370130 41.20851559 0.22886799 41.56264818
  jla_mock 0.093910 38.26887915 0.17056414 38.25106025
  jla_mock 0.118630 38.96845342 0.17057943 38.79478628
  jla_mock 0.153630 39.51676129 0.15381057 39.40332652
  jla_mock 0.253560 40.76281108 0.16809525 40.61579348
  jla_mock 0.107250 38.22772841 0.14420228 38.55855910
  jla_mock 0.129610 38.81058148 0.15302154 39.00146852
  jla_mock 0.266650 40.96728631 0.19376454 40.74023408
  jla_mock 0.212260 40.24091744 0.16262819 40.18036278
  jla_mock 0.278220 40.79501843 0.18167466 40.84561538
  jla_mock 0.245400 40.42220768 0.16811689 40.53521287
  jla_mock 0.133620 38.93708396 0.15059378 39.07361834
  jla_mock 0.176560 40.11668682 0.16208219 39.73570430
  jla_mock 0.113680 38.62747299 0.14584429 38.69438572
  jla_mock 0.320380 41.23688330 0.26368273 41.19795536
  jla_mock 0.112710 38.74100012 0.12253270 38.67471126
  jla_mock 0.106020 38.38970737 0.14472955 38.53191691
  jla_mock 0.391350 41.26618902 0.26610488 41.70446868
  jla_mock 0.155750 39.34419652 0.14611530 39.43593231
  jla_mock 0.186670 39.88695101 0.16762102 39.86939250
  jla_mock 0.196710 40.03314950 0.16669908 39.99588400
  jla_mock 0.191910 39.91827263 0.17339098 39.93652807
  jla_mock 0.190840 39.99751631 0.15087610 39.92307171
  jla_mock 0.176250 39.67922225 0.15361286 39.73154363
  jla_mock 0.128370 39.03375362 0.15035584 38.97915785
  jla_mock 0.122620 38.83168269 0.14734428 38.87124776
  jla_mock 0.127150 39.22235597 0.14706216 38.95720703
  jla_mock 0.213230 40.25438472 0.17620944 40.19147859
  jla_mock 0.218610 40.07813094 0.18110338 40.25224188
  jla_mock 0.268560 40.97287906 0.19152223 40.75806368
  jla_mock 0.204660 40.21613492 0.16518790 40.09181820
  jla_mock 0.267100 40.94245887 0.17377576 40.74445143
  jla_mock 0.217570 40.39348412 0.17264916 40.24074699
  jla_mock 0.241850 40.32366333 0.17151433 40.49969325
  jla_mock 0.293500 41.19851559 0.20071643 40.97864273
  jla_mock 0.353460 41.57494111 0.23113786 41.44568194
  jla_mock 0.185630 39.90506514 0.15494760 39.85600487
  jla_mock 0.285430 40.83074140 0.19928385 40.90926217
  jla_mock 0.194940 39.96809185 0.16836015 39.97399650
  jla_mock 0.075920 37.79253252 0.14499851 37.76188071
  jla_mock 0.163570 39.66047057 0.15777754 39.55264407
  jla_mock 0.257210 40.28675291 0.20821329 40.65108228
  jla_mock 0.219550 40.39042698 0.18725136 40.26263149
  jla_mock 0.175580 39.82413375 0.15163366 39.72255122
  jla_mock 0.226670 40.36220014 0.18608202 40.34066257
  jla_mock 0.153220 39.58071014 0.15082218 39.39702068
  jla_mock 0.210250 40.12612543 0.19550076 40.15732899
  jla_mock 0.121640 38.79886460 0.12361443 38.85255952
  jla_mock 0.291350 41.36399134 0.19904915 40.96020244
  jla_mock 0.294480 40.98554220 0.27859702 40.98704807
  jla_mock 0.164550 39.60175898 0.12599124 39.56701870
  jla_mock 0.307020 40.93626822 0.20906564 41.09110453
  jla_mock 0.198630 39.96640674 0.16157737 40.01962637
  jla_mock 0.268210 40.57391834 0.21539519 40.75485425
  jla_mock 0.401280 41.77542725 0.24823001 41.76844708
  jla_mock 0.136680 39.41951689 0.15334431 39.12669692
  jla_mock 0.295420 40.89921974 0.24720467 40.99502774
  jla_mock 0.291920 40.72426020 0.19219946 40.96509126
  jla_mock 0.090070 38.11728173 0.12096556 38.15481767
  jla_mock 0.205570 39.95485712 0.18292629 40.10264367
  jla_mock 0.145820 39.43329773 0.14934529 39.27951619
  jla_mock 0.117670 38.62457606 0.14486540 38.77531466
  jla_mock 0.054990 37.17180478 0.14997934 37.02755570
  jla_mock 0.174200 39.76770603 0.15142908 39.70366406
  jla_mock 0.244950 40.33625844 0.18020903 40.53072075
  jla_mock 0.224520 40.18566033 0.18249954 40.31756378
  jla_mock 0.245580 40.49512985 0.16228277 40.53700972
  jla_mock 0.283510 40.76714546 0.21250233 40.89231323
  jla_mock 0.180560 39.69245995 0.17619167 39.78939034
  jla_mock 0.103910 38.65790668 0.12352191 38.48621362
  jla_mock 0.129610 39.13761195 0.15326847 39.00146852
  jla_mock 0.243520 40.28038060 0.16045597 40.51644578
  jla_mock 0.331360 41.71853570 0.26935111 41.28283761
  jla_mock 0.243480 40.46727171 0.19048000 40.51604648
  jla_mock 0.314680 41.18879717 0.17577640 41.15293771
  jla_mock 0.218650 40.10215911 0.18935500 40.25268399
  jla_mock 0.260140 41.03315652 0.21925656 40.67922298
  jla_mock 0.282430 40.74800520 0.19830733 40.88277946
  jla_mock 0.300410 41.20382432 0.20581539 41.03663937
  jla_mock 0.151860 39.35144432 0.14864409 39.37610376
  jla_mock 0.263570 40.96122440 0.18936772 40.71136861
  jla_mock 0.213820 40.47883459 0.20621233 40.19823975
  jla_mock 0.162840 39.44432449 0.16761662 39.54193643
  jla_mock 0.124400 38.90923761 0.17140549 38.90519170
  jla_mock 0.194650 40.03187461 0.13938689 39.97041042
  jla_mock 0.205540 40.30640232 0.18299408 40.10228679
  jla_mock 0.106670 38.39247683 0.14588621 38.54599612
  jla_mock 0.187720 40.35634636 0.18724598 39.88290884
  jla_mock 0.163870 39.56098085 0.15682059 39.55704447
  jla_mock 0.290210 41.08176096 0.19470283 40.95042479
  jla_mock 0.094010 37.93882439 0.12497638 38.25356657
  jla_mock 0.227860 40.13034099 0.18009820 40.35336304
  jla_mock 0.107510 38.96694665 0.14764565 38.56419079
  jla_mock 0.310650 41.22885789 0.22259423 41.12055454
  jla_mock 0.145640 38.96004308 0.15575872 39.27660677
  jla_mock 0.087840 38.03792711 0.12609586 38.09813443
  jla_mock 0.148390 39.22945268 0.15572534 39.32105628
  jla_mock 0.286620 41.03055625 0.19365541 40.91963379
  jla_mock 0.122810 38.86029534 0.13329108 38.87487099
  jla_mock 0.186550 39.90806936 0.20280242 39.86784777
  jla_mock 0.128930 38.91403132 0.15503539 38.98923364
  jla_mock 0.194220 40.22619644 0.16863568 39.96509311
  jla_mock 0.148000 39.34123559 0.14676099 39.31475253
  jla_mock 0.211790 39.63877823 0.22866165 40.17497677
  jla_mock 0.179620 39.89018869 0.17351314 39.77677412
  jla_mock 0.263490 40.75217823 0.18130204 40.71061886
  jla_mock 0.192150 39.55877220 0.15956887 39.93949587
  jla_mock 0.338800 41.22191899 0.22987627 41.33867240
  jla_mock 0.117410 38.86282673 0.14766783 38.77004109
  jla_mock 0.143100 39.02290118 0.16841647 39.23555159
  jla_mock 0.160350 39.44054442 0.13218212 39.50541312
  jla_mock 0.288720 41.02089401 0.21129560 40.93764524
  jla_mock 0.123030 38.85838761 0.15464992 38.87906631
  jla_mock 0.264050 40.36823522 0.18533646 40.71586713
  jla_mock 0.126080 38.76134334 0.17182656 38.93722867
  jla_mock 0.173740 39.47010678 0.14981160 39.69721590
  jla_mock 0.164400 39.38886805 0.14972618 39.56481851
  jla_mock 0.249610 40.72162818 0.16242204 40.57723917
  jla_mock 0.159990 39.32148699 0.15136580 39.50013264
  jla_mock 0.244480 40.58520956 0.15150476 40.52602897
  jla_mock 0.248510 40.61548758 0.17707716 40.56625843
  jla_mock 0.228930 40.15632857 0.16847625 40.36478279
  jla_mock 0.085280 38.09423234 0.14384543 38.02850211
  jla_mock 0.062818 37.23605419 0.14854713 37.32965972
  jla_mock 0.277450 41.02574395 0.23370164 40.83881815
  jla_mock 0.275440 40.46759568 0.21508178 40.82061778
  jla_mock 0.330510 41.37542372 0.21087893 41.27629868
  jla_mock 0.361930 41.05495495 0.24565378 41.50571480
  jla_mock 0.331030 41.42725981 0.21800830 41.28029897
  jla_mock 0.160500 39.48853265 0.12714994 39.50761332
  jla_mock 0.300210 41.17075583 0.20430208 41.03497157
  jla_mock 0.116350 38.65299603 0.12231010 38.74854117
  jla_mock 0.218290 40.35636533 0.16062208 40.24870499
  jla_mock 0.119670 38.84883868 0.12046332 38.81499236
  jla_mock 0.154730 39.50368368 0.12395445 39.42024462
  jla_mock 0.178100 39.88067708 0.16562813 39.75637343
  jla_mock 0.250370 40.93909559 0.16560962 40.58482587
  jla_mock 0.251740 40.69676527 0.14466362 40.59819743
  jla_mock 0.129530 39.08046089 0.14518911 39.00002912
  jla_mock 0.309290 40.99199185 0.18810950 41.10952092
  jla_mock 0.278520 40.99459133 0.17881943 40.84826365
  jla_mock 0.185810 39.91663635 0.13605911 39.85832196
  jla_mock 0.066510 37.38902716 0.17228058 37.46168597
  jla_mock 0.258000 40.74939179 0.18756945 40.65872012
  jla_mock 0.298880 40.66800220 0.21609463 41.02388070
  jla_mock 0.270440 40.91359887 0.22437165 40.77515695
  jla_mock 0.279160 41.17661016 0.17183675 40.85391330
  jla_mock 0.292870 40.84917767 0.21554431 40.97323930
  jla_mock 0.189650 39.69228572 0.15711153 39.90775318
  jla_mock 0.265760 40.70880541 0.19291042 40.73189308
  jla_mock 0.123760 38.89076808 0.14509081 38.89298713
  jla_mock 0.182550 39.85366700 0.14971699 39.81609915
  jla_mock 0.056340 37.16276339 0.14895035 37.08333754
  jla_mock 0.312880 41.14053773 0.18264477 41.13864641
  jla_mock 0.309150 41.07364225 0.22328713 41.10838511
  jla_mock 0.200610 39.92511980 0.15587566 40.04363891
  jla_mock 0.326400 41.16753899 0.20549386 41.24468106
  jla_mock 0.211630 40.08049492 0.13899445 40.17314324
  jla_mock 0.179690 40.20274040 0.15636245 39.77771363
  jla_mock 0.302400 41.29820878 0.19662226 41.05323399
  jla_mock 0.109240 38.45214990 0.14870399 38.60166315
  jla_mock 0.085220 38.15150782 0.15002378 38.02687010
  jla_mock 0.202310 40.20145929 0.16131988 40.06386231
  jla_mock 0.126490 38.88905254 0.15584855 38.94504722
  jla_mock 0.214570 40.24098779 0.16812914 40.20683444
  jla_mock 0.320450 41.11485776 0.19168742 41.19850820
  jla_mock 0.218350 40.21169239 0.17273249 40.24936815
  jla_mock 0.190100 39.71349805 0.15982384 39.91354590
  jla_mock 0.092430 38.22008804 0.15614025 38.21396675
  jla_mock 0.379860 41.53458324 0.18489314 41.62861712
  jla_mock 0.211340 40.27771094 0.16607978 40.16981995
  jla_mock 0.258330 40.48080470 0.18011571 40.66191062
  jla_mock 0.183270 39.77636646 0.16855779 39.82562527
  jla_mock 0.212950 40.36485453 0.17784935 40.18826990
  jla_mock 0.116510 38.79478147 0.15544019 38.75178644
  jla_mock 0.144010 39.18018420 0.17185674 39.25026033
  jla_mock 0.252490 40.60174556 0.18599877 40.60544855
  jla_mock 0.255390 40.59300506 0.21319916 40.63348622
  jla_mock 0.216980 40.43432541 0.18860575 40.23422585
  jla_mock 1.265901 45.09407532 0.22380442 44.79726150
  jla_mock 0.935774 44.64382833 0.22958872 43.98936774
  jla_mock 0.049519 36.91710984 0.20228994 36.79241934
  jla_mock 0.030325 35.52575276 0.18207848 35.69463564
  jla_mock 0.074579 37.61714317 0.21872943 37.72200368
  jla_mock 0.025198 35.23476308 0.22034080 35.27019548
  jla_mock 0.014411 33.93775585 0.20528439 34.03100129
  jla_mock 0.020792 34.80262156 0.19750056 34.84402582
  jla_mock 0.035218 35.97970188 0.20378488 36.02701442
  jla_mock 0.041657 36.46053055 0.21523275 36.40181746
  jla_mock 0.042400 36.37370406 0.20618664 36.44334925
  jla_mock 0.018902 34.83185079 0.18361956 34.61733569
  jla_mock 0.078840 37.61858037 0.21534076 37.84871212
  jla_mock 0.063345 37.26833797 0.20758765 37.34892997
  jla_mock 0.027637 34.84152492 0.23141589 35.48155629
  jla_mock 0.049325 36.88609824 0.21068097 36.78320287
  jla_mock 0.070153 37.47932929 0.22041411 37.58116850
  jla_mock 0.023909 35.25476850 0.18367797 35.15849228
  jla_mock 0.053126 37.10080678 0.22335947 36.95053545
  jla_mock 0.024951 35.44774742 0.18978288 35.24879075
  jla_mock 0.015664 33.99522897 0.20165316 34.22896394
  jla_mock 0.048984 36.87594112 0.15985830 36.76700280
  jla_mock 0.022399 35.01480450 0.18927946 35.02763749
  jla_mock 0.034854 35.67402400 0.23666209 36.00228810
  jla_mock 0.016966 34.41388711 0.20291443 34.38512824
  jla_mock 0.030721 35.61442728 0.18171781 35.72153570
  jla_mock 0.030482 35.87768034 0.18203752 35.70530056
  jla_mock 0.010550 33.06855981 0.21945028 33.27241718
  jla_mock 0.014256 33.99737455 0.17170736 34.00054790
  jla_mock 0.027688 35.37626232 0.18124529 35.48597589
  jla_mock 0.053860 37.31837091 0.15903793 36.98086424
  jla_mock 0.017672 34.47295990 0.19251135 34.46980720
  jla_mock 0.017450 34.17142916 0.17037052 34.44318011
  jla_mock 0.015573 34.20492430 0.20219934 34.21804923
  jla_mock 0.010060 33.11777401 0.23112569 33.17614517
  jla_mock 0.054931 37.07973987 0.18431298 37.02511783
  jla_mock 0.039083 36.06229682 0.16317419 36.25793746
  jla_mock 0.078317 38.01255412 0.18391968 37.83315978
  jla_mock 0.031764 35.67542046 0.15356487 35.79238611
  jla_mock 0.014440 34.21898805 0.22581465 34.03669902
  jla_mock 0.013533 33.95795044 0.22079334 33.85849757
  jla_mock 0.026677 35.37944628 0.19349962 35.39836385
  jla_mock 0.023360 35.18391593 0.17880596 35.11091660
  jla_mock 0.036934 36.26740384 0.19001518 36.13781387
  jla_mock 0.023552 34.83026901 0.17819828 35.12755509
  jla_mock 0.017483 34.64009079 0.19211831 34.44713819
  jla_mock 0.040259 36.33258855 0.17447686 36.32367284
  jla_mock 0.030381 35.84680759 0.20408145 35.69843968
  jla_mock 0.015504 34.62781117 0.20027602 34.20977324
  jla_mock 0.014151 34.31900524 0.18788306 33.97991818
  jla_mock 0.015487 34.13318809 0.18431337 34.20773422
  jla_mock 0.015554 34.20797922 0.19852180 34.21577033
  jla_mock 0.037075 36.23823985 0.15485493 36.14569541
  jla_mock 0.015482 34.36917985 0.20249750 34.20713452
  jla_mock 0.013324 33.87302668 0.18643777 33.81743462
  jla_mock 0.014575 34.06478056 0.20791179 34.06322294
  jla_mock 0.015791 33.83745876 0.19846605 34.24419655
  jla_mock 0.024746 35.39630894 0.17954713 35.23102570
  jla_mock 0.027748 35.75874374 0.17503344 35.49117542
  jla_mock 0.010888 33.44228413 0.25477943 33.33882522
  jla_mock 0.013652 34.21035938 0.18670962 33.88187792
  jla_mock 0.035755 36.32486814 0.16295663 36.06349253
  jla_mock 0.024725 35.42255509 0.17710562 35.22920587
  jla_mock 0.038086 35.99000417 0.17051564 36.20220772
  jla_mock 0.021541 35.00703835 0.17711857 34.93386228
  jla_mock 0.019581 34.65229503 0.17898631 34.69877622
  jla_mock 0.030416 35.44117607 0.17571774 35.70081721
  jla_mock 0.039219 36.07115944 0.17021381 36.26553951
  jla_mock 0.034971 35.91190197 0.15987848 36.01023585
  jla_mock 0.028561 35.85528262 0.17650121 35.56162903
  jla_mock 0.020997 34.93182801 0.18822756 34.86861390
  jla_mock 0.032538 35.93878335 0.18232286 35.84496350
  jla_mock 0.015469 34.31238272 0.19318910 34.20557527
  jla_mock 0.015678 33.88245703 0.20747940 34.23064312
  jla_mock 0.027499 35.55423348 0.15598630 35.46959738
  jla_mock 0.046856 36.79287571 0.17134850 36.66590675
  jla_mock 0.033173 36.01804636 0.18295753 35.88809870
  jla_mock 0.010291 32.73025518 0.23549671 33.22153055
  jla_mock 0.080103 38.33847270 0.17116407 37.88626968
  jla_mock 0.012317 34.02670833 0.20020781 33.61958582
  jla_mock 0.024586 34.95723286 0.20631378 35.21716029
  jla_mock 0.014467 33.90090751 0.20827809 34.04200380
  jla_mock 0.015154 34.27107361 0.18399751 34.16779358
  jla_mock 0.029086 35.55743880 0.17337203 35.60712490
  jla_mock 0.034781 35.98668294 0.17928903 35.99732925
  jla_mock 0.044920 36.66721360 0.14070569 36.57393215
  jla_mock 0.034074 36.21096099 0.16958177 35.94930313
  jla_mock 0.074870 37.68757737 0.14386215 37.73065708
  jla_mock 0.014960 34.28963144 0.19782876 34.13886523
  jla_mock 0.020396 35.04091041 0.17103812 34.79652884
  jla_mock 0.040689 36.24243516 0.17468105 36.34770874
  jla_mock 0.026567 35.50111624 0.18033141 35.38883138
  jla_mock 0.026881 35.20797417 0.15330990 35.41604224
  jla_mock 0.023471 35.34982884 0.17597781 35.12053573
  jla_mock 0.069122 37.68763153 0.19117659 37.54735393
  jla_mock 0.065193 37.53178181 0.15879632 37.41650383
  jla_mock 0.022980 35.16111788 0.17790505 35.07798626
  jla_mock 0.017387 34.52565562 0.19829162 34.43562377
  jla_mock 0.031485 35.92754567 0.15108749 35.77343379
  jla_mock 0.011184 33.61360059 0.19447979 33.39698137
  jla_mock 0.021956 35.16799389 0.17567209 34.98363815
  jla_mock 0.031484 35.61181289 0.15080691 35.77336586
  jla_mock 0.023321 35.20507472 0.20285194 35.10753691
  jla_mock 0.020390 34.85789721 0.18300723 34.79580919
  jla_mock 0.022466 35.37489326 0.18140785 35.03344363
  jla_mock 0.033614 35.53826484 0.18044129 35.91805559
  jla_mock 0.036969 36.46410723 0.17916902 36.13977028
  jla_mock 0.022629 35.00396573 0.18007478 35.04756902
  jla_mock 0.014700 34.00828833 0.18462322 34.08778212
  jla_mock 0.036950 36.29735681 0.14876338 36.13870823
  jla_mock 0.060959 37.34913674 0.12531329 37.26168363
  jla_mock 0.059289 37.26268732 0.12135718 37.20061851
  jla_mock 0.069751 37.44186478 0.15873536 37.56798377
  jla_mock 0.029526 35.68166974 0.17470465 35.64036001
  jla_mock 0.033255 35.69898265 0.17565362 35.89366892
  jla_mock 0.024159 35.39296452 0.18124182 35.18015698
  jla_mock 0.015999 33.94145895 0.19155982 34.26914446
  jla_mock 0.062961 37.10415404 0.16530929 37.33488865
  jla_mock 0.021706 34.50243179 0.19186355 34.95365268
  jla_mock 0.031638 35.75362230 0.18943844 35.78382700
  jla_mock 0.018599 34.16263977 0.17304818 34.58099331
  jla_mock 0.027064 35.27282831 0.17332763 35.43190080
  jla_mock 0.025468 35.19586426 0.18469991 35.29359335
  jla_mock 0.023810 35.28328147 0.19336693 35.14991306
  jla_mock 0.023867 34.85381223 0.18298494 35.15485261
  jla_mock 0.022068 34.95602131 0.16678206 34.99707164
