  jla_mock 0.503084 42.45739238 0.14571158 42.35108100
  jla_mock 0.580724 42.68789010 0.16122778 42.72552632
  jla_mock 0.494795 42.24201373 0.12070859 42.30795504
  jla_mock 0.345928 41.57184371 0.13253081 41.39118194
  jla_mock 0.677662 43.17413206 0.22871689 43.13175210
  jla_mock 0.610712 42.91466178 0.22548733 42.85765176
  jla_mock 0.866494 43.85203084 0.25803499 43.78417385
  jla_mock 0.330932 41.27941462 0.12801230 41.27954507
  jla_mock 0.798566 43.95726915 0.25919990 43.56688646
  jla_mock 0.449562 41.93197194 0.16139765 42.06009851
  jla_mock 0.371443 41.52612459 0.14921889 41.57157260
  jla_mock 0.291718 41.14850095 0.14231442 40.96335873
  jla_mock 0.355820 41.27205198 0.14101044 41.46251312
  jla_mock 0.461274 42.02373699 0.15587207 42.12639800
  jla_mock 0.283610 40.93374983 0.13055630 40.89319599
  jla_mock 0.632234 42.61828268 0.22182909 42.94875922
  jla_mock 0.466414 42.13845216 0.17243727 42.15507604
  jla_mock 0.268624 40.58586683 0.12820280 40.75864558
  jla_mock 0.946890 43.78892205 0.29224985 44.02088236
  jla_mock 0.924917 43.61656084 0.31213110 43.95825216
  jla_mock 0.693165 43.56751485 0.29243158 43.19149304
  jla_mock 0.625233 42.70430273 0.19088816 42.91943219
  jla_mock 0.896944 43.55946383 0.26745476 43.87629010
  jla_mock 0.608261 43.13446692 0.15987482 42.84713700
  jla_mock 0.789054 43.74629109 0.26932700 43.53500333
  jla_mock 0.578292 42.83424393 0.14637659 42.71452713
  jla_mock 0.590280 42.51772740 0.18966931 42.76830634
  jla_mock 0.719626 43.31752658 0.25305179 43.29065226
  jla_mock 0.210032 39.96225626 0.13132256 40.15483080
  jla_mock 0.766590 44.12984225 0.22576765 43.45828289
  jla_mock 0.858513 43.65623703 0.22289539 43.75956030
  jla_mock 0.367904 41.77659433 0.09931133 41.54729890
  jla_mock 0.558746 42.76477680 0.15678156 42.62454440
  jla_mock 0.848509 44.21596888 0.21739327 43.72833562
  jla_mock 0.996390 44.13256216 0.24266005 44.15702957
  jla_mock 0.776594 43.86082029 0.26449227 43.49271322
  jla_mock 0.582932 42.84138305 0.13306958 42.73551243
  jla_mock 0.583743 42.62938257 0.16752875 42.73918034
  jla_mock 0.796552 43.76414545 0.22887969 43.56021387
  jla_mock 0.588721 42.79195271 0.15579306 42.76137980
  jla_mock 0.913473 44.14125679 0.24294053 43.92502563
  jla_mock 0.768587 43.34804510 0.23905376 43.46520986
  jla_mock 0.948455 43.71579167 0.26528102 44.02529941
  jla_mock 0.513793 42.29817280 0.15287930 42.40582273
  jla_mock 0.733609 43.39570784 0.19294483 43.34167511
  jla_mock 0.637701 43.22769142 0.27010736 42.97142091
  jla_mock 0.765588 43.59760610 0.21113574 43.45480726
  jla_mock 0.434861 41.93073624 0.15772880 41.97448442
  jla_mock 0.983407 43.63509003 0.25879722 44.12197372
  jla_mock 0.583743 42.80274013 0.16232669 42.73918034
  jla_mock 0.700631 43.26831644 0.21687358 43.21987569
  jla_mock 0.662058 43.25916520 0.21294856 43.07025770
  jla_mock 0.838126 43.86266170 0.28077453 43.69551364
  jla_mock 0.621874 42.80063334 0.17546981 42.90526861
  jla_mock 0.370586 41.39793169 0.14291643 41.56574760
  jla_mock 0.416632 42.05317089 0.13815441 41.86461950
  jla_mock 0.358570 41.61710368 0.10704088 41.48212572
  jla_mock 0.451681 42.22475112 0.15278703 42.07216742
  jla_mock 0.522762 42.79535485 0.16112888 42.45088093
  jla_mock 0.733996 43.13998290 0.30408870 43.34308204
  jla_mock 0.701965 43.49008945 0.31176741 43.22488288
  jla_mock 0.742008 43.10487677 0.29013165 43.37180407
  jla_mock 0.746118 43.58210311 0.21822021 43.38651198
  jla_mock 0.349560 41.24561602 0.13472825 41.41773364
  jla_mock 0.591835 42.62766941 0.15357327 42.77521512
  jla_mock 0.514746 42.72661097 0.15561143 42.41063888
  jla_mock 0.620632 43.06427045 0.18447364 42.90003158
  jla_mock 0.643646 42.71205070 0.24392132 42.99587363
  jla_mock 1.002795 44.54513058 0.33216844 44.17412957
  jla_mock 0.470586 41.97975999 0.14420733 42.17805785
  jla_mock 0.610643 42.63416998 0.15877872 42.85735575
  jla_mock 0.263487 40.77948042 0.12804977 40.71059074
  jla_mock 0.358336 41.39061623 0.12918713 41.48045687
  jla_mock 0.742697 43.38279668 0.25908753 43.37426971
  jla_mock 0.451556 42.13173226 0.11538935 42.07145547
  jla_mock 0.910752 43.71712196 0.26164869 43.91705349
  jla_mock 0.552605 42.48396251 0.15821060 42.59574777
  jla_mock 0.337534 41.22590294 0.12813367 41.32918083
  jla_mock 0.750681 43.07154320 0.24281434 43.40263657
  jla_mock 0.983777 43.48100643 0.34665096 44.12297525
  jla_mock 0.822697 43.89525206 0.22175759 43.64609281
  jla_mock 0.813696 43.48867212 0.24256727 43.61677497
  jla_mock 0.950763 43.59219850 0.26472927 44.03181349
  jla_mock 0.817732 43.68662444 0.24643394 43.62994659
  jla_mock 0.340520 41.23681136 0.12574260 41.35156774
  jla_mock 0.960751 44.00634754 0.28766046 44.05969252
  jla_mock 0.810720 43.72170049 0.27275574 43.60706270
  jla_mock 0.756687 43.10337476 0.24755189 43.42379562
  jla_mock 0.611252 42.85096302 0.18572910 42.85996836
  jla_mock 0.877971 43.71753801 0.22378685 43.81925155
  jla_mock 0.548325 42.63068812 0.14258079 42.57535592
  jla_mock 0.809032 43.48671541 0.23222084 43.60155386
  jla_mock 1.028800 44.29356001 0.28337345 44.24255906
  jla_mock 0.627239 43.01130188 0.17555461 42.92789070
  jla_mock 0.422452 42.21167846 0.15606690 41.90009559
  jla_mock 0.933900 44.10716486 0.34999950 43.98400344
  jla_mock 0.701158 43.26168799 0.22740618 43.22185379
  jla_mock 0.697164 43.33788221 0.20952266 43.20674812
  jla_mock 0.685179 42.78521214 0.27044472 43.16089914
  jla_mock 0.767075 43.39820606 0.25233801 43.45996521
  jla_mock 0.931901 43.89450004 0.25136810 43.97828133
  jla_mock 0.863978 43.94624690 0.24510246 43.77643514
  jla_mock 0.749100 43.36553681 0.22590126 43.39706674
  jla_mock 0.514353 42.26225848 0.15357466 42.40865279
  jla_mock 0.468406 42.08335366 0.11440416 42.16613949
  jla_mock 0.470398 42.10051585 0.15654577 42.17703003
  jla_mock 0.958871 44.11530150 0.27681249 44.05446029
  jla_mock 0.927909 43.96991429 0.29724149 43.96685429
  jla_mock 0.840522 43.80617256 0.21913135 43.70310328
  jla_mock 0.630699 42.75701169 0.17083127 42.94239637
  jla_mock 0.562751 42.45705016 0.14440652 42.64332481
  jla_mock 0.615698 42.89693806 0.16969222 42.87904165
  jla_mock 0.828528 43.60424613 0.22446355 43.66483979
  jla_mock 0.564741 42.61833496 0.16042692 42.65249802
  jla_mock 0.578745 42.86359271 0.14758356 42.71657591
  jla_mock 0.557743 42.42426226 0.15831963 42.61984109
  jla_mock 0.864497 43.72974046 0.22870035 43.77803148
  jla_mock 0.735608 43.58422749 0.23468503 43.34890124
  jla_mock 0.858507 43.90808636 0.28336591 43.75954157
  jla_mock 0.261984 40.76116140 0.10443414 40.69650477
  jla_mock 0.585743 42.52307412 0.18660838 42.74814872
  jla_mock 0.761580 43.50331975 0.21598834 43.44090475
  jla_mock 0.488800 42.23732121 0.11155101 42.27645931
  jla_mock 0.858516 43.60382827 0.27431051 43.75956966
  jla_mock 0.688656 42.85414630 0.18053033 43.17429244
  jla_mock 0.558743 42.34517104 0.15491557 42.62453033
  jla_mock 0.324532 41.31062706 0.12601850 41.23031081
  jla_mock 0.480704 42.13740262 0.10839252 42.23310364
  jla_mock 0.185371 39.85093718 0.13095679 39.85267084
  jla_mock 0.922221 43.43328459 0.33854809 43.95042459
  jla_mock 0.681942 42.97879923 0.19640351 43.14834773
  jla_mock 0.475707 42.10645657 0.10811298 42.20605508
  jla_mock 0.922210 44.01565038 0.27644363 43.95039265
  jla_mock 0.893183 43.76244409 0.25783329 43.86505298
  jla_mock 0.428646 41.80381443 0.14143599 41.93756341
  jla_mock 0.631882 42.47364389 0.23474045 42.94730012
  jla_mock 0.699960 43.25391586 0.25834877 43.21735709
  jla_mock 0.736007 43.62498428 0.26468680 43.35032909
  jla_mock 0.575823 42.79248155 0.15953941 42.70336060
  jla_mock 0.418633 41.79883147 0.10651651 41.87691426
  jla_mock 0.511746 42.22536349 0.12000546 42.39547784
  jla_mock 0.535771 42.28877935 0.12653138 42.51490290
  jla_mock 0.641893 42.96411417 0.21547239 42.98872907
  jla_mock 0.734996 43.60591813 0.22720400 43.34671116
  jla_mock 0.351560 41.48705769 0.13079492 41.43213142
  jla_mock 0.609860 42.88324839 0.17401244 42.85399669
  jla_mock 0.349557 41.38819412 0.13436921 41.41771171
  jla_mock 0.701969 42.93669511 0.18819535 43.22489789
  jla_mock 0.355261 41.47667740 0.10427939 41.45852641
  jla_mock 0.983280 44.43613803 0.25756994 44.12162996
  jla_mock 0.872152 43.78728530 0.26597542 43.80157672
  jla_mock 0.759030 43.56809079 0.20819082 43.43204997
  jla_mock 0.926220 43.95181163 0.24599386 43.96201956
  jla_mock 0.643642 43.02361771 0.22846121 42.99585733
  jla_mock 0.419569 41.82723374 0.13772753 41.88259578
  jla_mock 0.515587 42.38923580 0.20313602 42.41488903
  jla_mock 0.890729 43.81319609 0.21057911 43.85772092
  jla_mock 0.805696 43.86688684 0.22987004 43.59050885
  jla_mock 0.480568 42.08992842 0.10874993 42.23237487
  jla_mock 0.800697 43.73517666 0.24546005 43.57394667
  jla_mock 0.580604 42.75075148 0.18881444 42.72498360
  jla_mock 0.715652 43.52689113 0.24396561 43.27597318
  jla_mock 0.805695 43.65646925 0.23276535 43.59050554
  jla_mock 0.766684 43.42239465 0.25283777 43.45860895
  jla_mock 0.664638 43.30301655 0.19578546 43.08055024
  jla_mock 0.901736 44.18235645 0.25190507 43.89049989
  jla_mock 0.745665 43.63996362 0.21142864 43.38489089
  jla_mock 0.718680 43.10918122 0.20380008 43.28715794
  jla_mock 0.736690 43.21954286 0.19636251 43.35277325
  jla_mock 0.579600 42.93361371 0.12084594 42.72044282
  jla_mock 0.370531 41.75004593 0.10256736 41.56537377
  jla_mock 0.960740 44.37921879 0.23956115 44.05966190
  jla_mock 0.850729 43.84176311 0.21179952 43.73526472
  jla_mock 0.648640 43.05299170 0.19254569 43.01622729
  jla_mock 0.219462 40.26032912 0.13036783 40.26165884
  jla_mock 0.936755 43.72676460 0.24129989 43.99217583
  jla_mock 0.647639 42.83669123 0.17876349 43.01214759
  jla_mock 0.461564 42.28903745 0.13341110 42.12801602
  jla_mock 0.600603 42.91087799 0.17945434 42.81380214
  jla_mock 0.670654 42.94978515 0.23100742 43.10426437
  jla_mock 0.760698 43.71850716 0.20946016 43.43784537
  jla_mock 0.246492 40.39323571 0.13212126 40.54611375
  jla_mock 0.470573 42.18097536 0.14759396 42.17798678
  jla_mock 0.169455 39.60024766 0.11209573 39.63714984
  jla_mock 0.497379 42.23286876 0.12912927 42.32153052
  jla_mock 0.638234 42.94978159 0.19688575 42.97363029
  jla_mock 0.507371 42.28433958 0.14542671 42.37316793
  jla_mock 0.535327 42.47350022 0.14229510 42.51274244
  jla_mock 0.587285 42.82881299 0.16639385 42.75499974
  jla_mock 0.773081 44.11191250 0.25620999 43.48071408
  jla_mock 0.699166 43.01122352 0.22210270 43.21437680
  jla_mock 0.370511 41.38473106 0.12736057 41.56523783
  jla_mock 0.761089 43.68708623 0.22808946 43.43920163
  jla_mock 0.699169 43.18516949 0.21959570 43.21438806
  jla_mock 0.788060 43.34469126 0.19242158 43.53165972
  jla_mock 0.373513 41.49887604 0.13202741 41.58564233
  jla_mock 0.405478 41.72499926 0.13198879 41.79507834
  jla_mock 0.852994 44.07979890 0.25729076 43.74233429
  jla_mock 0.808048 43.67582142 0.24185374 43.59830126
  jla_mock 0.603272 42.43106139 0.18397635 42.82545340
  jla_mock 0.583290 42.70405745 0.17902789 42.73713156
  jla_mock 0.534335 42.34539832 0.14774220 42.50791545
  jla_mock 0.720140 43.32041681 0.24070231 43.29255086
  jla_mock 0.400485 42.01933131 0.21060605 41.76340376
  jla_mock 0.837004 43.46711425 0.21502566 43.69195956
  jla_mock 0.371508 41.66677889 0.10193219 41.57201440
  jla_mock 0.806041 43.59177136 0.25907683 43.59165187
  jla_mock 0.840005 43.56073532 0.23506835 43.70146561
  jla_mock 0.500728 42.67129961 0.12981336 42.33894272
  jla_mock 0.532765 42.69105982 0.17422186 42.50027598
  jla_mock 0.533766 42.61981423 0.18215335 42.50514675
  jla_mock 0.932229 44.39408430 0.34152943 43.97922023
  jla_mock 0.822103 43.25891867 0.25790730 43.64418307
  jla_mock 0.553797 42.49239917 0.13544877 42.60133735
  jla_mock 0.125298 38.93202320 0.13709229 38.92231622
  jla_mock 0.842123 43.14204406 0.28302626 43.70817465
  jla_mock 0.443668 42.38893376 0.15186631 42.02604866
  jla_mock 0.727675 43.80461462 0.24978201 43.32010216
  jla_mock 0.683659 42.79844077 0.41253064 43.15500537
  jla_mock 0.442548 42.08117703 0.13367762 42.01953486
  jla_mock 0.726679 43.24285615 0.20021505 43.31648122
  jla_mock 0.282510 40.57255983 0.12747632 40.88348566
  jla_mock 0.404549 41.76332781 0.12965359 41.78918496
  jla_mock 0.519611 42.11627809 0.13964385 42.43522504
  jla_mock 0.690652 43.24477985 0.23214813 43.18190663
  jla_mock 1.060801 44.15236810 0.27869308 44.32447227
  jla_mock 0.576612 42.91038686 0.15376326 42.70692901
  jla_mock 0.268489 40.84414523 0.12614174 40.75741813
  jla_mock 0.720680 43.24197783 0.25106936 43.29454550
  jla_mock 0.250498 40.61921778 0.13111277 40.58610363
  jla_mock 0.760691 43.68997976 0.27664014 43.43782109
  jla_mock 0.698167 43.33124885 0.26129048 43.21057429
  jla_mock 0.550315 42.80778962 0.16854352 42.58486067
  jla_mock 0.730128 43.22062818 0.23524622 43.32902000
  jla_mock 0.847985 43.61403156 0.24702775 43.72670010
  jla_mock 0.997826 44.53113393 0.24705649 44.16086339
  jla_mock 0.435446 41.86840392 0.13052406 41.97795969
  jla_mock 0.409470 41.86749890 0.12922369 41.82018436
  jla_mock 0.301590 41.15653250 0.12598595 41.04647939
  jla_mock 1.299106 44.81342753 0.19340708 44.86649555
  jla_mock 1.020807 44.10820113 0.23668119 44.22175183
  jla_mock 0.839734 43.88842333 0.19264717 43.70060719
  jla_mock 1.120850 44.82164378 0.20807086 44.47175959
  jla_mock 1.230892 44.63010286 0.23900250 44.72227987
  jla_mock 0.974230 44.33884912 0.18427047 44.09690728
  jla_mock 0.970782 43.75413511 0.33863365 44.08744397
  jla_mock 0.064229 37.28467451 0.15072784 37.38125426
  jla_mock 0.129030 38.95515096 0.16416611 38.99103288
  jla_mock 0.102890 38.36827939 0.14983539 38.46320916
  jla_mock 0.044130 36.41475220 0.17359564 36.53640119
  jla_mock 0.113040 38.72317019 0.15276523 38.68140463
  jla_mock 0.256110 40.50922880 0.20496122 40.64044730
  jla_mock 0.380260 41.45905333 0.28702753 41.63127303
  jla_mock 0.145470 39.00564544 0.16218924 39.27385898
  jla_mock 0.088890 37.97553870 0.14636771 38.12524312
  jla_mock 0.260590 40.99508227 0.18294429 40.68344034
  jla_mock 0.078910 37.96916163 0.15602647 37.85079369
  jla_mock 0.083040 37.77695190 0.15331705 37.96757382
  jla_mock 0.165650 39.64090293 0.13854363 39.58315350
  jla_mock 0.168170 39.63664151 0.16196037 39.61913704
  jla_mock 0.170630 39.68889270 0.16520984 39.65362070
  jla_mock 0.170280 39.72472684 0.17035518 39.64871449
  jla_mock 0.120440 38.45228295 0.15109792 38.82967597
  jla_mock 0.276530 41.06076401 0.21443501 40.83052825
  jla_mock 0.231600 40.23411615 0.18253328 40.39327881
  jla_mock 0.305690 40.91495346 0.26735001 41.08031431
  jla_mock 0.079970 37.57154556 0.16566195 37.88231469
  jla_mock 0.174150 39.75999515 0.15831009 39.70296318
  jla_mock 0.138680 39.06890970 0.16604939 39.16075605
  jla_mock 0.146070 39.27406738 0.16391832 39.28355706
  jla_mock 0.081330 37.83976923 0.14393418 37.92106160
  jla_mock 0.233800 40.27663253 0.17178002 40.41664409
  jla_mock 0.256550 40.67417322 0.17733386 40.64470129
  jla_mock 0.245620 40.44827659 0.20041043 40.53740902
  jla_mock 0.125930 39.14941822 0.19132506 38.93436823
  jla_mock 0.223510 40.70102419 0.21582750 40.30640047
  jla_mock 0.102640 38.35317432 0.14663754 38.45739969
  jla_mock 0.119670 38.98314045 0.14566661 38.81499236
  jla_mock 0.180550 40.05380088 0.16851019 39.78925613
  jla_mock 0.197090 39.90133363 0.17389574 40.00058301
  jla_mock 0.229160 40.32268970 0.19939442 40.36723751
  jla_mock 0.264510 40.89914749 0.19876199 40.72017820
  jla_mock 0.103370 38.53602616 0.12264053 38.47436335
  jla_mock 0.364410 41.19928960 0.23042794 41.52297770
  jla_mock 0.205600 40.26241506 0.15584351 40.10300055
  jla_mock 0.179810 39.66956690 0.19620482 39.77932421
  jla_mock 0.199590 40.07112172 0.18224440 40.03149756
  jla_mock 0.156530 39.41690602 0.15012954 39.44792878
  jla_mock 0.161800 39.65131938 0.14760764 39.52668171
  jla_mock 0.209530 40.21734469 0.20608020 40.14907809
  jla_mock 0.241790 40.18471144 0.19813238 40.49907425
  jla_mock 0.236460 40.41267752 0.16266354 40.44408642
  jla_mock 0.226680 40.16959809 0.21050732 40.34076930
  jla_mock 0.296780 41.14966615 0.19716042 41.00636879
  jla_mock 0.208520 40.11610297 0.16317028 40.13750389
  jla_mock 0.251040 40.48883925 0.22085837 40.59142971
  jla_mock 0.250120 40.90359074 0.17967388 40.58233025
  jla_mock 0.117710 38.61608550 0.14551100 38.77612598
  jla_mock 0.219710 40.58046491 0.16999397 40.26439993
  jla_mock 0.149010 39.51849816 0.14890457 39.33107762
  jla_mock 0.287420 40.94096212 0.18840122 40.92649529
  jla_mock 0.143600 39.31037890 0.16639625 39.24363332
  jla_mock 0.328370 41.12078419 0.19601268 41.25983598
  jla_mock 0.246250 40.47440594 0.16506508 40.54369799
  jla_mock 0.119660 38.54641939 0.15026680 38.81480166
  jla_mock 0.328380 41.18710345 0.27642285 41.25991291
  jla_mock 0.215130 40.11471854 0.18366862 40.21325182
  jla_mock 0.144780 39.32934391 0.13616902 39.26270620
  jla_mock 0.132430 39.13479726 0.12839376 39.05220730
  jla_mock 0.210820 40.09521142 0.16235031 40.16386096
  jla_mock 0.203990 39.87330518 0.15780808 40.08384780
  jla_mock 0.279520 40.68811106 0.16701092 40.85709122
  jla_mock 0.044280 36.31744109 0.15509722 36.54352732
  jla_mock 0.180370 39.98661456 0.15078404 39.78684026
  jla_mock 0.260700 41.00745701 0.18972170 40.68447125
  jla_mock 0.056540 37.17304111 0.18696980 37.09160151
  jla_mock 0.212600 40.56499755 0.19194689 40.18425904
  jla_mock 0.369410 41.47270417 0.23700047 41.55775436
  jla_mock 0.173860 39.72219137 0.13051969 39.69889803
  jla_mock 0.142650 39.04013742 0.16862649 39.22827803
  jla_mock 0.177890 39.60452746 0.17323466 39.75355491
  jla_mock 0.328370 41.08797119 0.20656404 41.25983598
  jla_mock 0.253510 40.99559492 0.19560920 40.61531008
  jla_mock 0.300010 40.98163527 0.19320267 41.03330377
  jla_mock 0.105890 38.51674507 0.14607715 38.52910106
  jla_mock 0.223280 40.46491001 0.16843887 40.30385834
  jla_mock 0.118450 38.65579644 0.12252294 38.79113535
  jla_mock 0.176530 39.83957344 0.17118858 39.73530166
  jla_mock 0.182800 39.81356186 0.18906536 39.81945453
  jla_mock 0.297620 40.93626695 0.22708191 41.01337355
  jla_mock 0.196990 39.75554310 0.16336648 39.99934643
  jla_mock 0.152950 39.24394899 0.14755004 39.39286806
  jla_mock 0.248500 40.57155841 0.17447627 40.56615860
  jla_mock 0.138180 39.13168658 0.12408786 39.15224127
  jla_mock 0.207040 40.10074987 0.17044837 40.12013097
  jla_mock 0.214680 40.05711422 0.18059604 40.20809500
  jla_mock 0.306320 41.08836233 0.21502986 41.08542547
  jla_mock 0.246950 41.02865365 0.17120148 40.55068574
  jla_mock 0.198010 40.00071325 0.14489973 40.01195956
  jla_mock 0.222560 40.19895098 0.15195110 40.29590034
  jla_mock 0.135080 38.90070089 0.15130600 39.09944962
  jla_mock 0.210540 40.04196036 0.18260591 40.16065228
  jla_mock 0.272580 40.51173958 0.16910743 40.79461419
  jla_mock 0.246600 40.71692055 0.16168519 40.54719186
  jla_mock 0.220680 40.26047348 0.19428942 40.27512112
  jla_mock 0.274470 40.70674392 0.19147108 40.81179838
  jla_mock 0.176560 39.84317362 0.15540451 39.73570430
  jla_mock 0.310880 41.23382866 0.22015615 41.12242051
  jla_mock 0.184350 39.87124763 0.17307932 39.83952780
  jla_mock 0.159350 39.65190355 0.14827050 39.49074512
  jla_mock 0.219760 39.83468919 0.16604587 40.26495257
  jla_mock 0.252050 40.61889415 0.18410044 40.60119456
  jla_mock 0.181220 39.68928441 0.14940352 39.79824854
  jla_mock 0.173730 39.79098435 0.13336424 39.69707572
  jla_mock 0.380470 41.23898232 0.24246083 41.63266739
  jla_mock 0.178650 39.77708022 0.17172186 39.76375526
  jla_mock 0.245680 40.11808652 0.18910008 40.53800797
  jla_mock 0.209100 40.15275834 0.16102286 40.14415046
  jla_mock 0.249470 40.42184820 0.20970726 40.57584163
  jla_mock 0.133920 39.08868874 0.16606211 39.07901608
  jla_mock 0.177060 39.73868331 0.16039966 39.74241506
  jla_mock 0.281110 41.02950749 0.18775324 40.87112706
  jla_mock 0.173830 39.70146861 0.15186906 39.69847750
  jla_mock 0.196540 40.26227333 0.16513423 39.99378181
  jla_mock 0.363970 41.92618471 0.22724835 41.51991492
  jla_mock 0.378350 42.00369558 0.26733097 41.61851927
  jla_mock 0.316460 41.40051305 0.21038880 41.16699585
  jla_mock 0.183220 39.81304352 0.13519430 39.82498164
  jla_mock 0.241020 40.96587724 0.16773658 40.49113042
  jla_mock 0.202030 39.92180102 0.19953174 40.06053140
  jla_mock 0.168690 39.69590394 0.16511959 39.62642627
  jla_mock 0.197940 40.00250053 0.17492454 40.01109396
  jla_mock 0.122760 38.79714706 0.14574653 38.87391751
  jla_mock 0.203180 39.95714135 0.16105255 40.07421194
  jla_mock 0.127390 38.90239851 0.14895509 38.96152523
  jla_mock 0.275490 40.65537022 0.19972760 40.82107239
  jla_mock 0.144680 39.38399133 0.14721731 39.26108985
  jla_mock 0.334360 41.60434302 0.24977783 41.30538443
  jla_mock 0.195800 39.98177256 0.15392559 39.98463111
  jla_mock 0.193920 39.84224879 0.16374737 39.96138337
  jla_mock 0.249730 40.86615260 0.18580683 40.57843707
  jla_mock 0.148600 39.29938709 0.14879989 39.32445060
  jla_mock 0.155960 39.59792510 0.14872192 39.43916213
  jla_mock 0.095820 38.13348224 0.15034816 38.29891732
  jla_mock 0.150650 39.36874175 0.15872946 39.35749386
  jla_mock 0.309330 40.80189518 0.24715745 41.10984544
  jla_mock 0.248570 40.47481202 0.17340396 40.56685738
  jla_mock 0.365540 41.61435092 0.24311996 41.53084345
  jla_mock 0.117710 38.75817632 0.12847626 38.77612598
  jla_mock 0.191760 40.00083892 0.14428474 39.93467320
  jla_mock 0.182550 39.85597982 0.16171197 39.81609915
  jla_mock 0.234720 40.66326552 0.18444964 40.42613542
  jla_mock 0.246470 40.69610638 0.19927669 40.54589414
  jla_mock 0.288450 40.78808445 0.18873457 40.93532948
  jla_mock 0.209600 40.20513537 0.19927022 40.14988026
  jla_mock 0.191980 39.74621968 0.17965405 39.93739368
  jla_mock 0.114020 38.92078688 0.12215388 38.70128192
  jla_mock 0.113890 38.59338975 0.18397194 38.69864513
  jla_mock 0.198800 40.13348755 0.20967258 40.02172856
  jla_mock 0.220580 40.49654949 0.22796022 40.27401584
  jla_mock 0.182570 40.00080557 0.16453718 39.81636758
  jla_mock 0.158950 39.61994089 0.16372575 39.48487792
  jla_mock 0.078490 37.88817303 0.14911597 37.83830424
  jla_mock 0.138640 38.99043873 0.13217046 39.16007487
  jla_mock 0.180790 39.87456185 0.15445548 39.79247729
  jla_mock 0.177570 40.02505221 0.18629282 39.74926003
  jla_mock 0.170660 39.76667889 0.16102003 39.65404123
  jla_mock 0.233810 40.17540568 0.20858516 40.41674726
  jla_mock 0.071530 37.73769313 0.17410666 37.62633113
  jla_mock 0.154630 39.46185544 0.18791656 39.41870661
  jla_mock 0.090100 38.27288265 0.15950858 38.15556956
  jla_mock 0.176580 39.89388908 0.20448697 39.73597273
  jla_mock 0.130450 39.24810613 0.16440638 39.01658220
  jla_mock 0.182040 39.72473304 0.17166998 39.80925418
  jla_mock 0.256170 40.42425634 0.17261330 40.64102739
  jla_mock 0.138110 39.11098328 0.14854031 39.15104920
  jla_mock 0.170700 39.72347126 0.16749506 39.65460194
  jla_mock 0.216740 40.24468880 0.14793120 40.23157319
  jla_mock 0.245550 40.73711642 0.17887642 40.53671024
  jla_mock 0.143820 39.46114195 0.16709807 39.24718928
  jla_mock 0.248620 40.52937913 0.18856198 40.56735650
  jla_mock 0.145330 39.08421974 0.17138622 39.27159610
  jla_mock 0.135880 39.38790148 0.12760365 39.11307327
  jla_mock 0.058740 37.08450750 0.12754402 37.18054381
  jla_mock 0.036520 35.74749938 0.15191506 36.11467233
  jla_mock 0.277490 41.05986394 0.22703402 40.83917126
  jla_mock 0.205150 40.09644819 0.29701418 40.09764730
  jla_mock 0.280510 41.12435279 0.20078942 40.86583052
  jla_mock 0.198670 40.05895433 0.16215673 40.02012100
  jla_mock 0.159990 39.43256043 0.15164286 39.50013264
  jla_mock 0.210750 40.21787751 0.18113105 40.16305879
  jla_mock 0.071950 37.61997670 0.17245857 37.64010622
  jla_mock 0.237820 40.19053387 0.19074175 40.45811709
  jla_mock 0.141390 39.26666070 0.17359013 39.20690618
  jla_mock 0.155060 39.41918653 0.15760876 39.42532005
  jla_mock 0.370130 41.75423394 0.22886799 41.56264818
  jla_mock 0.093910 38.22689642 0.17056414 38.25106025
  jla_mock 0.118630 38.96260202 0.17057943 38.79478628
  jla_mock 0.153630 39.25613719 0.15381057 39.40332652
  jla_mock 0.253560 40.53728638 0.16809525 40.61579348
  jla_mock 0.107250 38.54275429 0.14420228 38.55855910
  jla_mock 0.129610 39.17176049 0.15302154 39.00146852
  jla_mock 0.266650 40.50139368 0.19376454 40.74023408
  jla_mock 0.212260 40.17006717 0.16262819 40.18036278
  jla_mock 0.278220 40.62969483 0.18167466 40.84561538
  jla_mock 0.245400 40.40052604 0.16811689 40.53521287
  jla_mock 0.133620 39.51780344 0.15059378 39.07361834
  jla_mock 0.176560 39.53727547 0.16208219 39.73570430
  jla_mock 0.113680 38.61262671 0.14584429 38.69438572
  jla_mock 0.320380 41.13658410 0.26368273 41.19795536
  jla_mock 0.112710 38.60737838 0.12253270 38.67471126
  jla_mock 0.106020 38.37426173 0.14472955 38.53191691
  jla_mock 0.391350 42.06037364 0.26610488 41.70446868
  jla_mock 0.155750 39.28011652 0.14611530 39.43593231
  jla_mock 0.186670 40.10111670 0.16762102 39.86939250
  jla_mock 0.196710 39.79856722 0.16669908 39.99588400
  jla_mock 0.191910 39.85146870 0.17339098 39.93652807
  jla_mock 0.190840 39.89987614 0.15087610 39.92307171
  jla_mock 0.176250 39.91853177 0.15361286 39.73154363
  jla_mock 0.128370 39.18992374 0.15035584 38.97915785
  jla_mock 0.122620 39.16242315 0.14734428 38.87124776
  jla_mock 0.127150 39.06360696 0.14706216 38.95720703
  jla_mock 0.213230 39.77430382 0.17620944 40.19147859
  jla_mock 0.218610 40.12664457 0.18110338 40.25224188
  jla_mock 0.268560 40.38046431 0.19152223 40.75806368
  jla_mock 0.204660 40.16873524 0.16518790 40.09181820
  jla_mock 0.267100 40.73994059 0.17377576 40.74445143
  jla_mock 0.217570 40.27083206 0.17264916 40.24074699
  jla_mock 0.241850 40.69038687 0.17151433 40.49969325
  jla_mock 0.293500 41.10928895 0.20071643 40.97864273
  jla_mock 0.353460 41.06677640 0.23113786 41.44568194
  jla_mock 0.185630 39.57423688 0.15494760 39.85600487
  jla_mock 0.285430 40.80508525 0.19928385 40.90926217
  jla_mock 0.194940 40.11865493 0.16836015 39.97399650
  jla_mock 0.075920 37.66136927 0.14499851 37.76188071
  jla_mock 0.163570 39.45805389 0.15777754 39.55264407
  jla_mock 0.257210 40.59845678 0.20821329 40.65108228
  jla_mock 0.219550 39.96473423 0.18725136 40.26263149
  jla_mock 0.175580 39.69100644 0.15163366 39.72255122
  jla_mock 0.226670 40.67476640 0.18608202 40.34066257
  jla_mock 0.153220 39.67143504 0.15082218 39.39702068
  jla_mock 0.210250 40.44142701 0.19550076 40.15732899
  jla_mock 0.121640 38.96702539 0.12361443 38.85255952
  jla_mock 0.291350 40.68672643 0.19904915 40.96020244
  jla_mock 0.294480 40.90181126 0.27859702 40.98704807
  jla_mock 0.164550 39.66149571 0.12599124 39.56701870
  jla_mock 0.307020 41.01869141 0.20906564 41.09110453
  jla_mock 0.198630 39.93749073 0.16157737 40.01962637
  jla_mock 0.268210 41.04388563 0.21539519 40.75485425
  jla_mock 0.401280 41.79872570 0.24823001 41.76844708
  jla_mock 0.136680 39.43287896 0.15334431 39.12669692
  jla_mock 0.295420 41.18921241 0.24720467 40.99502774
  jla_mock 0.291920 41.07612356 0.19219946 40.96509126
  jla_mock 0.090070 38.01790299 0.12096556 38.15481767
  jla_mock 0.205570 40.06647610 0.18292629 40.10264367
  jla_mock 0.145820 39.21566520 0.14934529 39.27951619
  jla_mock 0.117670 38.92089760 0.14486540 38.77531466
  jla_mock 0.054990 37.23337041 0.14997934 37.02755570
  jla_mock 0.174200 39.72089730 0.15142908 39.70366406
  jla_mock 0.244950 40.62268077 0.18020903 40.53072075
  jla_mock 0.224520 40.48493880 0.18249954 40.31756378
  jla_mock 0.245580 40.73206556 0.16228277 40.53700972
  jla_mock 0.283510 40.89983086 0.21250233 40.89231323
  jla_mock 0.180560 39.57127851 0.17619167 39.78939034
  jla_mock 0.103910 38.46937829 0.12352191 38.48621362
  jla_mock 0.129610 39.22264806 0.15326847 39.00146852
  jla_mock 0.243520 40.61045269 0.16045597 40.51644578
  jla_mock 0.331360 40.72924536 0.26935111 41.28283761
  jla_mock 0.243480 40.43556016 0.19048000 40.51604648
  jla_mock 0.314680 41.15688945 0.17577640 41.15293771
  jla_mock 0.218650 39.62937090 0.18935500 40.25268399
  jla_mock 0.260140 40.75077599 0.21925656 40.67922298
  jla_mock 0.282430 40.72773474 0.19830733 40.88277946
  jla_mock 0.300410 41.00530419 0.20581539 41.03663937
  jla_mock 0.151860 39.42076093 0.14864409 39.37610376
  jla_mock 0.263570 40.99073451 0.18936772 40.71136861
  jla_mock 0.213820 40.12274913 0.20621233 40.19823975
  jla_mock 0.162840 39.58521721 0.16761662 39.54193643
  jla_mock 0.124400 38.87366115 0.17140549 38.90519170
  jla_mock 0.194650 40.17173946 0.13938689 39.97041042
  jla_mock 0.205540 40.22582791 0.18299408 40.10228679
  jla_mock 0.106670 38.47885815 0.14588621 38.54599612
  jla_mock 0.187720 40.20274149 0.18724598 39.88290884
  jla_mock 0.163870 39.32318150 0.15682059 39.55704447
  jla_mock 0.290210 40.76845387 0.19470283 40.95042479
  jla_mock 0.094010 38.16456590 0.12497638 38.25356657
  jla_mock 0.227860 40.31179607 0.18009820 40.35336304
  jla_mock 0.107510 38.44229351 0.14764565 38.56419079
  jla_mock 0.310650 41.67243948 0.22259423 41.12055454
  jla_mock 0.145640 39.35033285 0.15575872 39.27660677
  jla_mock 0.087840 38.12223069 0.12609586 38.09813443
  jla_mock 0.148390 39.24121556 0.15572534 39.32105628
  jla_mock 0.286620 40.84128542 0.19365541 40.91963379
  jla_mock 0.122810 38.76165638 0.13329108 38.87487099
  jla_mock 0.186550 39.68590979 0.20280242 39.86784777
  jla_mock 0.128930 38.91360798 0.15503539 38.98923364
  jla_mock 0.194220 40.14161897 0.16863568 39.96509311
  jla_mock 0.148000 39.46436238 0.14676099 39.31475253
  jla_mock 0.211790 40.26743087 0.22866165 40.17497677
  jla_mock 0.179620 39.49491249 0.17351314 39.77677412
  jla_mock 0.263490 40.86604359 0.18130204 40.71061886
  jla_mock 0.192150 39.84247160 0.15956887 39.93949587
  jla_mock 0.338800 41.14443138 0.22987627 41.33867240
  jla_mock 0.117410 38.77948751 0.14766783 38.77004109
  jla_mock 0.143100 39.53196390 0.16841647 39.23555159
  jla_mock 0.160350 39.25371929 0.13218212 39.50541312
  jla_mock 0.288720 40.70753840 0.21129560 40.93764524
  jla_mock 0.123030 38.85329049 0.15464992 38.87906631
  jla_mock 0.264050 40.66933129 0.18533646 40.71586713
  jla_mock 0.126080 38.98742455 0.17182656 38.93722867
  jla_mock 0.173740 39.59426313 0.14981160 39.69721590
  jla_mock 0.164400 39.66161448 0.14972618 39.56481851
  jla_mock 0.249610 40.94538049 0.16242204 40.57723917
  jla_mock 0.159990 39.53060461 0.15136580 39.50013264
  jla_mock 0.244480 40.55426470 0.15150476 40.52602897
  jla_mock 0.248510 40.70465504 0.17707716 40.56625843
  jla_mock 0.228930 40.32018081 0.16847625 40.36478279
  jla_mock 0.085280 38.14328280 0.14384543 38.02850211
  jla_mock 0.062818 37.29754853 0.14854713 37.32965972
  jla_mock 0.277450 40.53104915 0.23370164 40.83881815
  jla_mock 0.275440 40.63034272 0.21508178 40.82061778
  jla_mock 0.330510 41.57971796 0.21087893 41.27629868
  jla_mock 0.361930 41.53581778 0.24565378 41.50571480
  jla_mock 0.331030 41.20330638 0.21800830 41.28029897
  jla_mock 0.160500 39.15414098 0.12714994 39.50761332
  jla_mock 0.300210 41.12043795 0.20430208 41.03497157
  jla_mock 0.116350 38.68766315 0.12231010 38.74854117
  jla_mock 0.218290 40.20873594 0.16062208 40.24870499
  jla_mock 0.119670 38.84054784 0.12046332 38.81499236
  jla_mock 0.154730 39.21528172 0.12395445 39.42024462
  jla_mock 0.178100 39.71892417 0.16562813 39.75637343
  jla_mock 0.250370 40.55927924 0.16560962 40.58482587
  jla_mock 0.251740 40.76567465 0.14466362 40.59819743
  jla_mock 0.129530 39.14134935 0.14518911 39.00002912
  jla_mock 0.309290 40.96612530 0.18810950 41.10952092
  jla_mock 0.278520 41.06317913 0.17881943 40.84826365
  jla_mock 0.185810 40.15680355 0.13605911 39.85832196
  jla_mock 0.066510 37.31788015 0.17228058 37.46168597
  jla_mock 0.258000 40.70666329 0.18756945 40.65872012
  jla_mock 0.298880 41.12049104 0.21609463 41.02388070
  jla_mock 0.270440 40.93458541 0.22437165 40.77515695
  jla_mock 0.279160 40.97431658 0.17183675 40.85391330
  jla_mock 0.292870 41.29244446 0.21554431 40.97323930
  jla_mock 0.189650 39.84572433 0.15711153 39.90775318
  jla_mock 0.265760 40.76878154 0.19291042 40.73189308
  jla_mock 0.123760 39.04681107 0.14509081 38.89298713
  jla_mock 0.182550 39.63142416 0.14971699 39.81609915
  jla_mock 0.056340 37.27429696 0.14895035 37.08333754
  jla_mock 0.312880 41.08366695 0.18264477 41.13864641
  jla_mock 0.309150 40.94779287 0.22328713 41.10838511
  jla_mock 0.200610 40.07748559 0.15587566 40.04363891
  jla_mock 0.326400 41.52444634 0.20549386 41.24468106
  jla_mock 0.211630 39.67163978 0.13899445 40.17314324
  jla_mock 0.179690 39.89685576 0.15636245 39.77771363
  jla_mock 0.302400 40.62906160 0.19662226 41.05323399
  jla_mock 0.109240 38.91329757 0.14870399 38.60166315
  jla_mock 0.085220 37.97815737 0.15002378 38.02687010
  jla_mock 0.202310 39.98660871 0.16131988 40.06386231
  jla_mock 0.126490 38.92935202 0.15584855 38.94504722
  jla_mock 0.214570 40.20680473 0.16812914 40.20683444
  jla_mock 0.320450 41.12992913 0.19168742 41.19850820
  jla_mock 0.218350 40.66066036 0.17273249 40.24936815
  jla_mock 0.190100 40.27427813 0.15982384 39.91354590
  jla_mock 0.092430 38.24676255 0.15614025 38.21396675
  jla_mock 0.379860 41.73694206 0.18489314 41.62861712
  jla_mock 0.211340 40.00642198 0.16607978 40.16981995
  jla_mock 0.258330 40.80529697 0.18011571 40.66191062
  jla_mock 0.183270 39.70295119 0.16855779 39.82562527
  jla_mock 0.212950 40.05505556 0.17784935 40.18826990
  jla_mock 0.116510 38.63204648 0.15544019 38.75178644
  jla_mock 0.144010 39.32559619 0.17185674 39.25026033
  jla_mock 0.252490 40.43098559 0.18599877 40.60544855
  jla_mock 0.255390 40.57001396 0.21319916 40.63348622
  jla_mock 0.216980 39.85831048 0.18860575 40.23422585
  jla_mock 1.265901 44.98836192 0.22380442 44.79726150
  jla_mock 0.935774 44.28083358 0.22958872 43.98936774
  jla_mock 0.049519 36.98905431 0.20228994 36.79241934
  jla_mock 0.030325 35.61584085 0.18207848 35.69463564
  jla_mock 0.074579 37.83878821 0.21872943 37.72200368
  jla_mock 0.025198 35.25444158 0.22034080 35.27019548
  jla_mock 0.014411 34.00438069 0.20528439 34.03100129
  jla_mock 0.020792 34.84917780 0.19750056 34.84402582
  jla_mock 0.035218 36.20305668 0.20378488 36.02701442
  jla_mock 0.041657 36.44550883 0.21523275 36.40181746
  jla_mock 0.042400 36.33839966 0.20618664 36.44334925
  jla_mock 0.018902 34.68375357 0.18361956 34.61733569
  jla_mock 0.078840 37.77208789 0.21534076 37.84871212
  jla_mock 0.063345 37.97193981 0.20758765 37.34892997
  jla_mock 0.027637 35.31882845 0.23141589 35.48155629
  jla_mock 0.049325 36.48849143 0.21068097 36.78320287
  jla_mock 0.070153 37.61879687 0.22041411 37.58116850
  jla_mock 0.023909 35.29261604 0.18367797 35.15849228
  jla_mock 0.053126 37.11886561 0.22335947 36.95053545
  jla_mock 0.024951 35.03679256 0.18978288 35.24879075
  jla_mock 0.015664 34.12430885 0.20165316 34.22896394
  jla_mock 0.048984 36.60259204 0.15985830 36.76700280
  jla_mock 0.022399 34.95459267 0.18927946 35.02763749
  jla_mock 0.034854 35.77692585 0.23666209 36.00228810
  jla_mock 0.016966 34.23952909 0.20291443 34.38512824
  jla_mock 0.030721 35.69319313 0.18171781 35.72153570
  jla_mock 0.030482 35.76300199 0.18203752 35.70530056
  jla_mock 0.010550 33.07623444 0.21945028 33.27241718
  jla_mock 0.014256 34.08356633 0.17170736 34.00054790
  jla_mock 0.027688 35.53337283 0.18124529 35.48597589
  jla_mock 0.053860 37.02047559 0.15903793 36.98086424
  jla_mock 0.017672 34.26953572 0.19251135 34.46980720
  jla_mock 0.017450 34.39013284 0.17037052 34.44318011
  jla_mock 0.015573 34.33883202 0.20219934 34.21804923
  jla_mock 0.010060 33.47057759 0.23112569 33.17614517
  jla_mock 0.054931 37.11874160 0.18431298 37.02511783
  jla_mock 0.039083 36.28989484 0.16317419 36.25793746
  jla_mock 0.078317 38.15673247 0.18391968 37.83315978
  jla_mock 0.031764 35.68338164 0.15356487 35.79238611
  jla_mock 0.014440 34.35524476 0.22581465 34.03669902
  jla_mock 0.013533 34.27164970 0.22079334 33.85849757
  jla_mock 0.026677 35.34373646 0.19349962 35.39836385
  jla_mock 0.023360 34.95978734 0.17880596 35.11091660
  jla_mock 0.036934 36.35233594 0.19001518 36.13781387
  jla_mock 0.023552 35.39821093 0.17819828 35.12755509
  jla_mock 0.017483 34.50640031 0.19211831 34.44713819
  jla_mock 0.040259 36.60523690 0.17447686 36.32367284
  jla_mock 0.030381 36.16170204 0.20408145 35.69843968
  jla_mock 0.015504 34.30576314 0.20027602 34.20977324
  jla_mock 0.014151 34.03052438 0.18788306 33.97991818
  jla_mock 0.015487 34.39376003 0.18431337 34.20773422
  jla_mock 0.015554 33.79078845 0.19852180 34.21577033
  jla_mock 0.037075 36.15675823 0.15485493 36.14569541
  jla_mock 0.015482 34.04660677 0.20249750 34.20713452
  jla_mock 0.013324 33.70387707 0.18643777 33.81743462
  jla_mock 0.014575 34.25690927 0.20791179 34.06322294
  jla_mock 0.015791 34.35174400 0.19846605 34.24419655
  jla_mock 0.024746 35.47365646 0.17954713 35.23102570
  jla_mock 0.027748 35.35006520 0.17503344 35.49117542
  jla_mock 0.010888 33.70376986 0.25477943 33.33882522
  jla_mock 0.013652 34.10392318 0.18670962 33.88187792
  jla_mock 0.035755 35.87490363 0.16295663 36.06349253
  jla_mock 0.024725 35.16549644 0.17710562 35.22920587
  jla_mock 0.038086 36.06001451 0.17051564 36.20220772
  jla_mock 0.021541 34.83007847 0.17711857 34.93386228
  jla_mock 0.019581 34.63612938 0.17898631 34.69877622
  jla_mock 0.030416 35.68393652 0.17571774 35.70081721
  jla_mock 0.039219 36.43503337 0.17021381 36.26553951
  jla_mock 0.034971 35.89880596 0.15987848 36.01023585
  jla_mock 0.028561 35.67663978 0.17650121 35.56162903
  jla_mock 0.020997 34.63545887 0.18822756 34.86861390
  jla_mock 0.032538 35.83643837 0.18232286 35.84496350
  jla_mock 0.015469 34.36251553 0.19318910 34.20557527
  jla_mock 0.015678 34.22147238 0.20747940 34.23064312
  jla_mock 0.027499 35.44708046 0.15598630 35.46959738
  jla_mock 0.046856 36.75299947 0.17134850 36.66590675
  jla_mock 0.033173 35.85963377 0.18295753 35.88809870
  jla_mock 0.010291 33.27720852 0.23549671 33.22153055
  jla_mock 0.080103 37.72713454 0.17116407 37.88626968
  jla_mock 0.012317 33.44741989 0.20020781 33.61958582
  jla_mock 0.024586 35.18745336 0.20631378 35.21716029
  jla_mock 0.014467 33.81893900 0.20827809 34.04200380
  jla_mock 0.015154 34.08329339 0.18399751 34.16779358
  jla_mock 0.029086 35.58964597 0.17337203 35.60712490
  jla_mock 0.034781 35.66975601 0.17928903 35.99732925
  jla_mock 0.044920 36.41913781 0.14070569 36.57393215
  jla_mock 0.034074 35.72761148 0.16958177 35.94930313
  jla_mock 0.074870 37.49342196 0.14386215 37.73065708
  jla_mock 0.014960 34.32011347 0.19782876 34.13886523
  jla_mock 0.020396 34.80116619 0.17103812 34.79652884
  jla_mock 0.040689 36.26462452 0.17468105 36.34770874
  jla_mock 0.026567 35.61621519 0.18033141 35.38883138
  jla_mock 0.026881 35.42222145 0.15330990 35.41604224
  jla_mock 0.023471 35.32137425 0.17597781 35.12053573
  jla_mock 0.069122 37.65193883 0.19117659 37.54735393
  jla_mock 0.065193 37.40447471 0.15879632 37.41650383
  jla_mock 0.022980 35.31240154 0.17790505 35.07798626
  jla_mock 0.017387 34.67520266 0.19829162 34.43562377
  jla_mock 0.031485 35.85459669 0.15108749 35.77343379
  jla_mock 0.011184 33.58431590 0.19447979 33.39698137
  jla_mock 0.021956 35.07269065 0.17567209 34.98363815
  jla_mock 0.031484 35.67639619 0.15080691 35.77336586
  jla_mock 0.023321 34.91817357 0.20285194 35.10753691
  jla_mock 0.020390 34.75956469 0.18300723 34.79580919
  jla_mock 0.022466 35.31206520 0.18140785 35.03344363
  jla_mock 0.033614 35.78439496 0.18044129 35.91805559
  jla_mock 0.036969 36.14755398 0.17916902 36.13977028
  jla_mock 0.022629 35.16756052 0.18007478 35.04756902
  jla_mock 0.014700 34.16381620 0.18462322 34.08778212
  jla_mock 0.036950 36.01571891 0.14876338 36.13870823
  jla_mock 0.060959 37.31255866 0.12531329 37.26168363
  jla_mock 0.059289 37.04290537 0.12135718 37.20061851
  jla_mock 0.069751 37.76013417 0.15873536 37.56798377
  jla_mock 0.029526 35.82291061 0.17470465 35.64036001
  jla_mock 0.033255 35.93547807 0.17565362 35.89366892
  jla_mock 0.024159 35.18138898 0.18124182 35.18015698
  jla_mock 0.015999 34.43065729 0.19155982 34.26914446
  jla_mock 0.062961 37.48245600 0.16530929 37.33488865
  jla_mock 0.021706 34.62303397 0.19186355 34.95365268
  jla_mock 0.031638 35.59010463 0.18943844 35.78382700
  jla_mock 0.018599 34.64670142 0.17304818 34.58099331
  jla_mock 0.027064 35.08569133 0.17332763 35.43190080
  jla_mock 0.025468 35.28746310 0.18469991 35.29359335
  jla_mock 0.023810 35.17442085 0.19336693 35.14991306
  jla_mock 0.023867 35.26009748 0.18298494 35.15485261
  jla_mock 0.022068 34.97658999 0.16678206 34.99707164
