  jla_mock 0.503084 42.27990905 0.14571158 42.35108100
  jla_mock 0.580724 42.88299897 0.16122778 42.72552632
  jla_mock 0.494795 42.09568611 0.12070859 42.30795504
  jla_mock 0.345928 41.58024668 0.13253081 41.39118194
  jla_mock 0.677662 42.78629313 0.22871689 43.13175210
  jla_mock 0.610712 42.35142196 0.22548733 42.85765176
  jla_mock 0.866494 43.84635468 0.25803499 43.78417385
  jla_mock 0.330932 41.34742133 0.12801230 41.27954507
  jla_mock 0.798566 43.68768832 0.25919990 43.56688646
  jla_mock 0.449562 42.02726059 0.16139765 42.06009851
  jla_mock 0.371443 41.42477671 0.14921889 41.57157260
  jla_mock 0.291718 41.17982675 0.14231442 40.96335873
  jla_mock 0.355820 41.24342596 0.14101044 41.46251312
  jla_mock 0.461274 42.38638788 0.15587207 42.12639800
  jla_mock 0.283610 40.65436389 0.13055630 40.89319599
  jla_mock 0.632234 43.41189697 0.22182909 42.94875922
  jla_mock 0.466414 41.92868696 0.17243727 42.15507604
  jla_mock 0.268624 40.75394991 0.12820280 40.75864558
  jla_mock 0.946890 43.70160765 0.29224985 44.02088236
  jla_mock 0.924917 44.11264412 0.31213110 43.95825216
  jla_mock 0.693165 43.09544021 0.29243158 43.19149304
  jla_mock 0.625233 42.80095799 0.19088816 42.91943219
  jla_mock 0.896944 44.15628083 0.26745476 43.87629010
  jla_mock 0.608261 42.87121614 0.15987482 42.84713700
  jla_mock 0.789054 43.44548599 0.26932700 43.53500333
  jla_mock 0.578292 42.71677981 0.14637659 42.71452713
  jla_mock 0.590280 42.64897546 0.18966931 42.76830634
  jla_mock 0.719626 43.88879673 0.25305179 43.29065226
  jla_mock 0.210032 39.82798419 0.13132256 40.15483080
  jla_mock 0.766590 43.75756509 0.22576765 43.45828289
  jla_mock 0.858513 44.06066351 0.22289539 43.75956030
  jla_mock 0.367904 41.53970978 0.09931133 41.54729890
  jla_mock 0.558746 42.54958897 0.15678156 42.62454440
  jla_mock 0.848509 43.68592255 0.21739327 43.72833562
  jla_mock 0.996390 44.30731955 0.24266005 44.15702957
  jla_mock 0.776594 43.39777644 0.26449227 43.49271322
  jla_mock 0.582932 42.65190099 0.13306958 42.73551243
  jla_mock 0.583743 42.53940809 0.16752875 42.73918034
  jla_mock 0.796552 43.52702354 0.22887969 43.56021387
  jla_mock 0.588721 42.69775618 0.15579306 42.76137980
  jla_mock 0.913473 43.73030442 0.24294053 43.92502563
  jla_mock 0.768587 43.38796901 0.23905376 43.46520986
  jla_mock 0.948455 43.84442704 0.26528102 44.02529941
  jla_mock 0.513793 42.30281204 0.15287930 42.40582273
  jla_mock 0.733609 43.41530512 0.19294483 43.34167511
  jla_mock 0.637701 42.98089432 0.27010736 42.97142091
  jla_mock 0.765588 43.65764422 0.21113574 43.45480726
  jla_mock 0.434861 42.22746367 0.15772880 41.97448442
  jla_mock 0.983407 44.07670179 0.25879722 44.12197372
  jla_mock 0.583743 42.67980832 0.16232669 42.73918034
  jla_mock 0.700631 43.55662641 0.21687358 43.21987569
  jla_mock 0.662058 43.34234064 0.21294856 43.07025770
  jla_mock 0.838126 43.82314592 0.28077453 43.69551364
  jla_mock 0.621874 42.99243170 0.17546981 42.90526861
  jla_mock 0.370586 41.29389854 0.14291643 41.56574760
  jla_mock 0.416632 41.81159207 0.13815441 41.86461950
  jla_mock 0.358570 41.59870050 0.10704088 41.48212572
  jla_mock 0.451681 42.14360917 0.15278703 42.07216742
  jla_mock 0.522762 42.53672692 0.16112888 42.45088093
  jla_mock 0.733996 42.87195611 0.30408870 43.34308204
  jla_mock 0.701965 43.16289623 0.31176741 43.22488288
  jla_mock 0.742008 43.47192370 0.29013165 43.37180407
  jla_mock 0.746118 43.16803396 0.21822021 43.38651198
  jla_mock 0.349560 41.51997370 0.13472825 41.41773364
  jla_mock 0.591835 42.83963844 0.15357327 42.77521512
  jla_mock 0.514746 42.19835112 0.15561143 42.41063888
  jla_mock 0.620632 42.84306431 0.18447364 42.90003158
  jla_mock 0.643646 43.32306184 0.24392132 42.99587363
  jla_mock 1.002795 43.92651246 0.33216844 44.17412957
  jla_mock 0.470586 41.81891615 0.14420733 42.17805785
  jla_mock 0.610643 43.04878931 0.15877872 42.85735575
  jla_mock 0.263487 40.99838766 0.12804977 40.71059074
  jla_mock 0.358336 41.29332887 0.12918713 41.48045687
  jla_mock 0.742697 43.58517500 0.25908753 43.37426971
  jla_mock 0.451556 41.96052445 0.11538935 42.07145547
  jla_mock 0.910752 43.91532566 0.26164869 43.91705349
  jla_mock 0.552605 42.63498395 0.15821060 42.59574777
  jla_mock 0.337534 41.44686717 0.12813367 41.32918083
  jla_mock 0.750681 43.52158450 0.24281434 43.40263657
  jla_mock 0.983777 43.92913388 0.34665096 44.12297525
  jla_mock 0.822697 43.62576079 0.22175759 43.64609281
  jla_mock 0.813696 43.64617163 0.24256727 43.61677497
  jla_mock 0.950763 44.61956264 0.26472927 44.03181349
  jla_mock 0.817732 43.71065356 0.24643394 43.62994659
  jla_mock 0.340520 41.32675027 0.12574260 41.35156774
  jla_mock 0.960751 44.32420034 0.28766046 44.05969252
  jla_mock 0.810720 44.28747885 0.27275574 43.60706270
  jla_mock 0.756687 43.41091490 0.24755189 43.42379562
  jla_mock 0.611252 43.16722798 0.18572910 42.85996836
  jla_mock 0.877971 43.95047693 0.22378685 43.81925155
  jla_mock 0.548325 42.35377406 0.14258079 42.57535592
  jla_mock 0.809032 43.57296304 0.23222084 43.60155386
  jla_mock 1.028800 44.27079116 0.28337345 44.24255906
  jla_mock 0.627239 42.85937392 0.17555461 42.92789070
  jla_mock 0.422452 41.87370137 0.15606690 41.90009559
  jla_mock 0.933900 44.08004087 0.34999950 43.98400344
  jla_mock 0.701158 43.22234253 0.22740618 43.22185379
  jla_mock 0.697164 43.19439624 0.20952266 43.20674812
  jla_mock 0.685179 43.82528069 0.27044472 43.16089914
  jla_mock 0.767075 43.62898767 0.25233801 43.45996521
  jla_mock 0.931901 44.19569970 0.25136810 43.97828133
  jla_mock 0.863978 43.05750083 0.24510246 43.77643514
  jla_mock 0.749100 43.57380755 0.22590126 43.39706674
  jla_mock 0.514353 42.24929638 0.15357466 42.40865279
  jla_mock 0.468406 42.26795952 0.11440416 42.16613949
  jla_mock 0.470398 42.28607112 0.15654577 42.17703003
  jla_mock 0.958871 44.11230211 0.27681249 44.05446029
  jla_mock 0.927909 43.98211408 0.29724149 43.96685429
  jla_mock 0.840522 43.51024475 0.21913135 43.70310328
  jla_mock 0.630699 42.88309362 0.17083127 42.94239637
  jla_mock 0.562751 42.63209821 0.14440652 42.64332481
  jla_mock 0.615698 42.98729184 0.16969222 42.87904165
  jla_mock 0.828528 43.59014749 0.22446355 43.66483979
  jla_mock 0.564741 42.87920298 0.16042692 42.65249802
  jla_mock 0.578745 42.72390161 0.14758356 42.71657591
  jla_mock 0.557743 42.34477798 0.15831963 42.61984109
  jla_mock 0.864497 44.25493210 0.22870035 43.77803148
  jla_mock 0.735608 43.16593864 0.23468503 43.34890124
  jla_mock 0.858507 43.76156916 0.28336591 43.75954157
  jla_mock 0.261984 40.70458464 0.10443414 40.69650477
  jla_mock 0.585743 42.73803903 0.18660838 42.74814872
  jla_mock 0.761580 43.20676833 0.21598834 43.44090475
  jla_mock 0.488800 42.23925713 0.11155101 42.27645931
  jla_mock 0.858516 43.72407406 0.27431051 43.75956966
  jla_mock 0.688656 42.96381928 0.18053033 43.17429244
  jla_mock 0.558743 42.46477809 0.15491557 42.62453033
  jla_mock 0.324532 41.19175237 0.12601850 41.23031081
  jla_mock 0.480704 42.05255496 0.10839252 42.23310364
  jla_mock 0.185371 40.08268177 0.13095679 39.85267084
  jla_mock 0.922221 44.32619751 0.33854809 43.95042459
  jla_mock 0.681942 43.12584451 0.19640351 43.14834773
  jla_mock 0.475707 42.40065846 0.10811298 42.20605508
  jla_mock 0.922210 44.26060870 0.27644363 43.95039265
  jla_mock 0.893183 43.78740271 0.25783329 43.86505298
  jla_mock 0.428646 41.90400663 0.14143599 41.93756341
  jla_mock 0.631882 43.02145083 0.23474045 42.94730012
  jla_mock 0.699960 42.96550672 0.25834877 43.21735709
  jla_mock 0.736007 42.73255889 0.26468680 43.35032909
  jla_mock 0.575823 42.72172048 0.15953941 42.70336060
  jla_mock 0.418633 42.16884660 0.10651651 41.87691426
  jla_mock 0.511746 42.28912879 0.12000546 42.39547784
  jla_mock 0.535771 42.57714046 0.12653138 42.51490290
  jla_mock 0.641893 42.84438862 0.21547239 42.98872907
  jla_mock 0.734996 43.32799314 0.22720400 43.34671116
  jla_mock 0.351560 41.44186274 0.13079492 41.43213142
  jla_mock 0.609860 42.86060364 0.17401244 42.85399669
  jla_mock 0.349557 41.44137573 0.13436921 41.41771171
  jla_mock 0.701969 43.06228987 0.18819535 43.22489789
  jla_mock 0.355261 41.39615157 0.10427939 41.45852641
  jla_mock 0.983280 43.85531319 0.25756994 44.12162996
  jla_mock 0.872152 43.79821743 0.26597542 43.80157672
  jla_mock 0.759030 43.41045828 0.20819082 43.43204997
  jla_mock 0.926220 43.91190574 0.24599386 43.96201956
  jla_mock 0.643642 42.96360077 0.22846121 42.99585733
  jla_mock 0.419569 41.99904817 0.13772753 41.88259578
  jla_mock 0.515587 42.15930556 0.20313602 42.41488903
  jla_mock 0.890729 43.93234750 0.21057911 43.85772092
  jla_mock 0.805696 43.50961858 0.22987004 43.59050885
  jla_mock 0.480568 42.31153425 0.10874993 42.23237487
  jla_mock 0.800697 43.66799357 0.24546005 43.57394667
  jla_mock 0.580604 42.77059587 0.18881444 42.72498360
  jla_mock 0.715652 43.39174620 0.24396561 43.27597318
  jla_mock 0.805695 43.76575069 0.23276535 43.59050554
  jla_mock 0.766684 43.49844670 0.25283777 43.45860895
  jla_mock 0.664638 43.28419504 0.19578546 43.08055024
  jla_mock 0.901736 43.97772843 0.25190507 43.89049989
  jla_mock 0.745665 43.55481227 0.21142864 43.38489089
  jla_mock 0.718680 43.50655892 0.20380008 43.28715794
  jla_mock 0.736690 43.23572280 0.19636251 43.35277325
  jla_mock 0.579600 42.56405738 0.12084594 42.72044282
  jla_mock 0.370531 41.58964463 0.10256736 41.56537377
  jla_mock 0.960740 43.83181215 0.23956115 44.05966190
  jla_mock 0.850729 43.68477813 0.21179952 43.73526472
  jla_mock 0.648640 43.12700315 0.19254569 43.01622729
  jla_mock 0.219462 40.20345229 0.13036783 40.26165884
  jla_mock 0.936755 44.14323468 0.24129989 43.99217583
  jla_mock 0.647639 43.07950264 0.17876349 43.01214759
  jla_mock 0.461564 42.16803993 0.13341110 42.12801602
  jla_mock 0.600603 42.88023168 0.17945434 42.81380214
  jla_mock 0.670654 43.17652918 0.23100742 43.10426437
  jla_mock 0.760698 43.79561321 0.20946016 43.43784537
  jla_mock 0.246492 40.39070024 0.13212126 40.54611375
  jla_mock 0.470573 42.12321792 0.14759396 42.17798678
  jla_mock 0.169455 39.70068717 0.11209573 39.63714984
  jla_mock 0.497379 42.25284697 0.12912927 42.32153052
  jla_mock 0.638234 42.77304568 0.19688575 42.97363029
  jla_mock 0.507371 42.26947958 0.14542671 42.37316793
  jla_mock 0.535327 42.42593491 0.14229510 42.51274244
  jla_mock 0.587285 42.74549765 0.16639385 42.75499974
  jla_mock 0.773081 43.50504721 0.25620999 43.48071408
  jla_mock 0.699166 43.23060728 0.22210270 43.21437680
  jla_mock 0.370511 41.60612361 0.12736057 41.56523783
  jla_mock 0.761089 43.38117748 0.22808946 43.43920163
  jla_mock 0.699169 43.50706960 0.21959570 43.21438806
  jla_mock 0.788060 43.31640048 0.19242158 43.53165972
  jla_mock 0.373513 41.54015602 0.13202741 41.58564233
  jla_mock 0.405478 41.90146255 0.13198879 41.79507834
  jla_mock 0.852994 43.78412535 0.25729076 43.74233429
  jla_mock 0.808048 43.44352002 0.24185374 43.59830126
  jla_mock 0.603272 42.82459758 0.18397635 42.82545340
  jla_mock 0.583290 42.73630709 0.17902789 42.73713156
  jla_mock 0.534335 42.33523270 0.14774220 42.50791545
  jla_mock 0.720140 43.43770973 0.24070231 43.29255086
  jla_mock 0.400485 41.91913484 0.21060605 41.76340376
  jla_mock 0.837004 43.73857243 0.21502566 43.69195956
  jla_mock 0.371508 41.62166488 0.10193219 41.57201440
  jla_mock 0.806041 43.50420060 0.25907683 43.59165187
  jla_mock 0.840005 43.81449005 0.23506835 43.70146561
  jla_mock 0.500728 42.25622738 0.12981336 42.33894272
  jla_mock 0.532765 42.51905900 0.17422186 42.50027598
  jla_mock 0.533766 42.38956912 0.18215335 42.50514675
  jla_mock 0.932229 44.08801443 0.34152943 43.97922023
  jla_mock 0.822103 43.69143917 0.25790730 43.64418307
  jla_mock 0.553797 42.37365036 0.13544877 42.60133735
  jla_mock 0.125298 38.93592010 0.13709229 38.92231622
  jla_mock 0.842123 43.68410760 0.28302626 43.70817465
  jla_mock 0.443668 41.85674378 0.15186631 42.02604866
  jla_mock 0.727675 43.03165903 0.24978201 43.32010216
  jla_mock 0.683659 43.65803264 0.41253064 43.15500537
  jla_mock 0.442548 42.02796949 0.13367762 42.01953486
  jla_mock 0.726679 43.24830409 0.20021505 43.31648122
  jla_mock 0.282510 40.89410274 0.12747632 40.88348566
  jla_mock 0.404549 41.91929248 0.12965359 41.78918496
  jla_mock 0.519611 42.62652631 0.13964385 42.43522504
  jla_mock 0.690652 43.16031551 0.23214813 43.18190663
  jla_mock 1.060801 44.29025013 0.27869308 44.32447227
  jla_mock 0.576612 42.61542421 0.15376326 42.70692901
  jla_mock 0.268489 40.57139886 0.12614174 40.75741813
  jla_mock 0.720680 43.35324284 0.25106936 43.29454550
  jla_mock 0.250498 40.61500515 0.13111277 40.58610363
  jla_mock 0.760691 43.76528447 0.27664014 43.43782109
  jla_mock 0.698167 43.22843627 0.26129048 43.21057429
  jla_mock 0.550315 42.51909312 0.16854352 42.58486067
  jla_mock 0.730128 43.35682492 0.23524622 43.32902000
  jla_mock 0.847985 43.47844271 0.24702775 43.72670010
  jla_mock 0.997826 44.62567120 0.24705649 44.16086339
  jla_mock 0.435446 42.17289006 0.13052406 41.97795969
  jla_mock 0.409470 41.90994233 0.12922369 41.82018436
  jla_mock 0.301590 41.00127373 0.12598595 41.04647939
  jla_mock 1.299106 44.71862513 0.19340708 44.86649555
  jla_mock 1.020807 44.12183884 0.23668119 44.22175183
  jla_mock 0.839734 43.89094391 0.19264717 43.70060719
  jla_mock 1.120850 44.18100008 0.20807086 44.47175959
  jla_mock 1.230892 44.79854166 0.23900250 44.72227987
  jla_mock 0.974230 43.98916142 0.18427047 44.09690728
  jla_mock 0.970782 44.09819585 0.33863365 44.08744397
  jla_mock 0.064229 37.52973477 0.15072784 37.38125426
  jla_mock 0.129030 38.86278727 0.16416611 38.99103288
  jla_mock 0.102890 38.33091045 0.14983539 38.46320916
  jla_mock 0.044130 36.75000028 0.17359564 36.53640119
  jla_mock 0.113040 38.69046265 0.15276523 38.68140463
  jla_mock 0.256110 40.54784177 0.20496122 40.64044730
  jla_mock 0.380260 41.38334121 0.28702753 41.63127303
  jla_mock 0.145470 39.22517772 0.16218924 39.27385898
  jla_mock 0.088890 38.16663988 0.14636771 38.12524312
  jla_mock 0.260590 40.57204179 0.18294429 40.68344034
  jla_mock 0.078910 37.71749649 0.15602647 37.85079369
  jla_mock 0.083040 38.15449214 0.15331705 37.96757382
  jla_mock 0.165650 39.70187288 0.13854363 39.58315350
  jla_mock 0.168170 39.46687250 0.16196037 39.61913704
  jla_mock 0.170630 39.51909321 0.16520984 39.65362070
  jla_mock 0.170280 39.77902200 0.17035518 39.64871449
  jla_mock 0.120440 38.89139143 0.15109792 38.82967597
  jla_mock 0.276530 41.02287051 0.21443501 40.83052825
  jla_mock 0.231600 40.46938473 0.18253328 40.39327881
  jla_mock 0.305690 40.99441455 0.26735001 41.08031431
  jla_mock 0.079970 37.89929680 0.16566195 37.88231469
  jla_mock 0.174150 40.06336940 0.15831009 39.70296318
  jla_mock 0.138680 38.85274818 0.16604939 39.16075605
  jla_mock 0.146070 39.34612469 0.16391832 39.28355706
  jla_mock 0.081330 37.85560785 0.14393418 37.92106160
  jla_mock 0.233800 40.47865813 0.17178002 40.41664409
  jla_mock 0.256550 40.62366771 0.17733386 40.64470129
  jla_mock 0.245620 40.64017760 0.20041043 40.53740902
  jla_mock 0.125930 39.02358006 0.19132506 38.93436823
  jla_mock 0.223510 40.49871445 0.21582750 40.30640047
  jla_mock 0.102640 38.53695116 0.14663754 38.45739969
  jla_mock 0.119670 38.90073693 0.14566661 38.81499236
  jla_mock 0.180550 39.50463702 0.16851019 39.78925613
  jla_mock 0.197090 39.91374060 0.17389574 40.00058301
  jla_mock 0.229160 40.09703361 0.19939442 40.36723751
  jla_mock 0.264510 40.83311905 0.19876199 40.72017820
  jla_mock 0.103370 38.54497935 0.12264053 38.47436335
  jla_mock 0.364410 41.66226322 0.23042794 41.52297770
  jla_mock 0.205600 40.08100190 0.15584351 40.10300055
  jla_mock 0.179810 40.06333882 0.19620482 39.77932421
  jla_mock 0.199590 39.71239312 0.18224440 40.03149756
  jla_mock 0.156530 39.67341911 0.15012954 39.44792878
  jla_mock 0.161800 39.59518325 0.14760764 39.52668171
  jla_mock 0.209530 40.45848726 0.20608020 40.14907809
  jla_mock 0.241790 40.39406677 0.19813238 40.49907425
  jla_mock 0.236460 40.29303530 0.16266354 40.44408642
  jla_mock 0.226680 40.73752161 0.21050732 40.34076930
  jla_mock 0.296780 41.35304980 0.19716042 41.00636879
  jla_mock 0.208520 39.98783371 0.16317028 40.13750389
  jla_mock 0.251040 40.84060571 0.22085837 40.59142971
  jla_mock 0.250120 40.55344325 0.17967388 40.58233025
  jla_mock 0.117710 38.71530061 0.14551100 38.77612598
  jla_mock 0.219710 40.11765119 0.16999397 40.26439993
  jla_mock 0.149010 39.33449433 0.14890457 39.33107762
  jla_mock 0.287420 40.71808381 0.18840122 40.92649529
  jla_mock 0.143600 39.43445820 0.16639625 39.24363332
  jla_mock 0.328370 41.41451996 0.19601268 41.25983598
  jla_mock 0.246250 40.60680326 0.16506508 40.54369799
  jla_mock 0.119660 38.71206993 0.15026680 38.81480166
  jla_mock 0.328380 41.46347235 0.27642285 41.25991291
  jla_mock 0.215130 39.96816215 0.18366862 40.21325182
  jla_mock 0.144780 39.06429694 0.13616902 39.26270620
  jla_mock 0.132430 39.16718185 0.12839376 39.05220730
  jla_mock 0.210820 40.24202048 0.16235031 40.16386096
  jla_mock 0.203990 40.07253399 0.15780808 40.08384780
  jla_mock 0.279520 41.00017277 0.16701092 40.85709122
  jla_mock 0.044280 36.47231493 0.15509722 36.54352732
  jla_mock 0.180370 40.05838976 0.15078404 39.78684026
  jla_mock 0.260700 40.62855780 0.18972170 40.68447125
  jla_mock 0.056540 37.00008391 0.18696980 37.09160151
  jla_mock 0.212600 40.36406474 0.19194689 40.18425904
  jla_mock 0.369410 41.39516962 0.23700047 41.55775436
  jla_mock 0.173860 39.57171550 0.13051969 39.69889803
  jla_mock 0.142650 38.97314427 0.16862649 39.22827803
  jla_mock 0.177890 39.90167916 0.17323466 39.75355491
  jla_mock 0.328370 41.37318569 0.20656404 41.25983598
  jla_mock 0.253510 40.10351681 0.19560920 40.61531008
  jla_mock 0.300010 40.58999486 0.19320267 41.03330377
  jla_mock 0.105890 38.32308662 0.14607715 38.52910106
  jla_mock 0.223280 40.36791439 0.16843887 40.30385834
  jla_mock 0.118450 38.88914636 0.12252294 38.79113535
  jla_mock 0.176530 39.76868362 0.17118858 39.73530166
  jla_mock 0.182800 39.53123769 0.18906536 39.81945453
  jla_mock 0.297620 40.95158948 0.22708191 41.01337355
  jla_mock 0.196990 39.83539789 0.16336648 39.99934643
  jla_mock 0.152950 39.34003359 0.14755004 39.39286806
  jla_mock 0.248500 40.44292656 0.17447627 40.56615860
  jla_mock 0.138180 39.22948599 0.12408786 39.15224127
  jla_mock 0.207040 40.01639299 0.17044837 40.12013097
  jla_mock 0.214680 39.99492777 0.18059604 40.20809500
  jla_mock 0.306320 40.82631209 0.21502986 41.08542547
  jla_mock 0.246950 40.81332912 0.17120148 40.55068574
  jla_mock 0.198010 40.39481425 0.14489973 40.01195956
  jla_mock 0.222560 40.27819953 0.15195110 40.29590034
  jla_mock 0.135080 39.23008256 0.15130600 39.09944962
  jla_mock 0.210540 40.02448728 0.18260591 40.16065228
  jla_mock 0.272580 40.88253005 0.16910743 40.79461419
  jla_mock 0.246600 40.68127621 0.16168519 40.54719186
  jla_mock 0.220680 40.24806434 0.19428942 40.27512112
  jla_mock 0.274470 40.96652342 0.19147108 40.81179838
  jla_mock 0.176560 39.70445743 0.15540451 39.73570430
  jla_mock 0.310880 40.99843140 0.22015615 41.12242051
  jla_mock 0.184350 40.02360704 0.17307932 39.83952780
  jla_mock 0.159350 39.58773364 0.14827050 39.49074512
  jla_mock 0.219760 40.17361469 0.16604587 40.26495257
  jla_mock 0.252050 40.79498616 0.18410044 40.60119456
  jla_mock 0.181220 39.74337291 0.14940352 39.79824854
  jla_mock 0.173730 39.62081014 0.13336424 39.69707572
  jla_mock 0.380470 41.97962908 0.24246083 41.63266739
  jla_mock 0.178650 39.74794014 0.17172186 39.76375526
  jla_mock 0.245680 40.49215264 0.18910008 40.53800797
  jla_mock 0.209100 40.20348808 0.16102286 40.14415046
  jla_mock 0.249470 40.44135886 0.20970726 40.57584163
  jla_mock 0.133920 39.15783316 0.16606211 39.07901608
  jla_mock 0.177060 39.59803673 0.16039966 39.74241506
  jla_mock 0.281110 40.87797478 0.18775324 40.87112706
  jla_mock 0.173830 39.49263944 0.15186906 39.69847750
  jla_mock 0.196540 40.19472061 0.16513423 39.99378181
  jla_mock 0.363970 41.61982549 0.22724835 41.51991492
  jla_mock 0.378350 41.37437634 0.26733097 41.61851927
  jla_mock 0.316460 40.87031879 0.21038880 41.16699585
  jla_mock 0.183220 40.06942277 0.13519430 39.82498164
  jla_mock 0.241020 40.76704525 0.16773658 40.49113042
  jla_mock 0.202030 40.03138460 0.19953174 40.06053140
  jla_mock 0.168690 39.72985060 0.16511959 39.62642627
  jla_mock 0.197940 40.11824916 0.17492454 40.01109396
  jla_mock 0.122760 38.92383482 0.14574653 38.87391751
  jla_mock 0.203180 39.98724424 0.16105255 40.07421194
  jla_mock 0.127390 39.14732917 0.14895509 38.96152523
  jla_mock 0.275490 41.06350415 0.19972760 40.82107239
  jla_mock 0.144680 39.06888819 0.14721731 39.26108985
  jla_mock 0.334360 41.61304889 0.24977783 41.30538443
  jla_mock 0.195800 40.09636733 0.15392559 39.98463111
  jla_mock 0.193920 39.96621964 0.16374737 39.96138337
  jla_mock 0.249730 40.57891822 0.18580683 40.57843707
  jla_mock 0.148600 39.46331394 0.14879989 39.32445060
  jla_mock 0.155960 39.34434418 0.14872192 39.43916213
  jla_mock 0.095820 38.24415055 0.15034816 38.29891732
  jla_mock 0.150650 39.39863549 0.15872946 39.35749386
  jla_mock 0.309330 41.21866814 0.24715745 41.10984544
  jla_mock 0.248570 40.48579684 0.17340396 40.56685738
  jla_mock 0.365540 41.71001880 0.24311996 41.53084345
  jla_mock 0.117710 38.85104722 0.12847626 38.77612598
  jla_mock 0.191760 39.97004513 0.14428474 39.93467320
  jla_mock 0.182550 39.69456427 0.16171197 39.81609915
  jla_mock 0.234720 40.15938650 0.18444964 40.42613542
  jla_mock 0.246470 40.44837914 0.19927669 40.54589414
  jla_mock 0.288450 40.62563634 0.18873457 40.93532948
  jla_mock 0.209600 39.76872218 0.19927022 40.14988026
  jla_mock 0.191980 39.83127644 0.17965405 39.93739368
  jla_mock 0.114020 38.61508679 0.12215388 38.70128192
  jla_mock 0.113890 39.02305890 0.18397194 38.69864513
  jla_mock 0.198800 39.63225472 0.20967258 40.02172856
  jla_mock 0.220580 40.16515390 0.22796022 40.27401584
  jla_mock 0.182570 39.99589323 0.16453718 39.81636758
  jla_mock 0.158950 39.60744688 0.16372575 39.48487792
  jla_mock 0.078490 37.86603094 0.14911597 37.83830424
  jla_mock 0.138640 39.04765427 0.13217046 39.16007487
  jla_mock 0.180790 39.76890962 0.15445548 39.79247729
  jla_mock 0.177570 39.68686645 0.18629282 39.74926003
  jla_mock 0.170660 39.65612489 0.16102003 39.65404123
  jla_mock 0.233810 40.40888829 0.20858516 40.41674726
  jla_mock 0.071530 37.56666713 0.17410666 37.62633113
  jla_mock 0.154630 39.38900614 0.18791656 39.41870661
  jla_mock 0.090100 38.07053125 0.15950858 38.15556956
  jla_mock 0.176580 39.84206997 0.20448697 39.73597273
  jla_mock 0.130450 38.80772151 0.16440638 39.01658220
  jla_mock 0.182040 39.79700762 0.17166998 39.80925418
  jla_mock 0.256170 40.79687848 0.17261330 40.64102739
  jla_mock 0.138110 39.17631992 0.14854031 39.15104920
  jla_mock 0.170700 39.73532322 0.16749506 39.65460194
  jla_mock 0.216740 40.20247288 0.14793120 40.23157319
  jla_mock 0.245550 40.61874833 0.17887642 40.53671024
  jla_mock 0.143820 39.07061509 0.16709807 39.24718928
  jla_mock 0.248620 40.60378057 0.18856198 40.56735650
  jla_mock 0.145330 39.58818681 0.17138622 39.27159610
  jla_mock 0.135880 39.00507523 0.12760365 39.11307327
  jla_mock 0.058740 37.13773137 0.12754402 37.18054381
  jla_mock 0.036520 36.19768203 0.15191506 36.11467233
  jla_mock 0.277490 40.63326304 0.22703402 40.83917126
  jla_mock 0.205150 40.04590873 0.29701418 40.09764730
  jla_mock 0.280510 41.03521011 0.20078942 40.86583052
  jla_mock 0.198670 39.89263399 0.16215673 40.02012100
  jla_mock 0.159990 39.62269229 0.15164286 39.50013264
  jla_mock 0.210750 39.63889314 0.18113105 40.16305879
  jla_mock 0.071950 37.79812544 0.17245857 37.64010622
  jla_mock 0.237820 40.34468183 0.19074175 40.45811709
  jla_mock 0.141390 39.06419870 0.17359013 39.20690618
  jla_mock 0.155060 39.64484920 0.15760876 39.42532005
  jla_mock 0.370130 41.62032529 0.22886799 41.56264818
  jla_mock 0.093910 38.50413269 0.17056414 38.25106025
  jla_mock 0.118630 38.74975498 0.17057943 38.79478628
  jla_mock 0.153630 39.49784579 0.15381057 39.40332652
  jla_mock 0.253560 40.70427516 0.16809525 40.61579348
  jla_mock 0.107250 38.64762163 0.14420228 38.55855910
  jla_mock 0.129610 38.90989896 0.15302154 39.00146852
  jla_mock 0.266650 40.86864653 0.19376454 40.74023408
  jla_mock 0.212260 40.21576015 0.16262819 40.18036278
  jla_mock 0.278220 41.05211583 0.18167466 40.84561538
  jla_mock 0.245400 40.24775232 0.16811689 40.53521287
  jla_mock 0.133620 38.88849297 0.15059378 39.07361834
  jla_mock 0.176560 39.71273136 0.16208219 39.73570430
  jla_mock 0.113680 38.64713187 0.14584429 38.69438572
  jla_mock 0.320380 41.48236681 0.26368273 41.19795536
  jla_mock 0.112710 38.61951439 0.12253270 38.67471126
  jla_mock 0.106020 38.34278760 0.14472955 38.53191691
  jla_mock 0.391350 41.98289237 0.26610488 41.70446868
  jla_mock 0.155750 39.43204511 0.14611530 39.43593231
  jla_mock 0.186670 39.98349749 0.16762102 39.86939250
  jla_mock 0.196710 40.06612790 0.16669908 39.99588400
  jla_mock 0.191910 39.84353730 0.17339098 39.93652807
  jla_mock 0.190840 39.94523098 0.15087610 39.92307171
  jla_mock 0.176250 39.89966179 0.15361286 39.73154363
  jla_mock 0.128370 38.84668630 0.15035584 38.97915785
  jla_mock 0.122620 39.08002773 0.14734428 38.87124776
  jla_mock 0.127150 39.00113086 0.14706216 38.95720703
  jla_mock 0.213230 40.19162928 0.17620944 40.19147859
  jla_mock 0.218610 40.10749310 0.18110338 40.25224188
  jla_mock 0.268560 40.75835892 0.19152223 40.75806368
  jla_mock 0.204660 40.37451343 0.16518790 40.09181820
  jla_mock 0.267100 40.71526687 0.17377576 40.74445143
  jla_mock 0.217570 40.65354647 0.17264916 40.24074699
  jla_mock 0.241850 40.26740795 0.17151433 40.49969325
  jla_mock 0.293500 40.88251512 0.20071643 40.97864273
  jla_mock 0.353460 41.43695811 0.23113786 41.44568194
  jla_mock 0.185630 39.83491680 0.15494760 39.85600487
  jla_mock 0.285430 40.71663215 0.19928385 40.90926217
  jla_mock 0.194940 39.88800077 0.16836015 39.97399650
  jla_mock 0.075920 37.70389556 0.14499851 37.76188071
  jla_mock 0.163570 39.61366338 0.15777754 39.55264407
  jla_mock 0.257210 40.77123139 0.20821329 40.65108228
  jla_mock 0.219550 40.11190261 0.18725136 40.26263149
  jla_mock 0.175580 39.63313320 0.15163366 39.72255122
  jla_mock 0.226670 40.11323293 0.18608202 40.34066257
  jla_mock 0.153220 39.59573401 0.15082218 39.39702068
  jla_mock 0.210250 40.00213170 0.19550076 40.15732899
  jla_mock 0.121640 38.83391205 0.12361443 38.85255952
  jla_mock 0.291350 40.71783528 0.19904915 40.96020244
  jla_mock 0.294480 40.84331394 0.27859702 40.98704807
  jla_mock 0.164550 39.44421523 0.12599124 39.56701870
  jla_mock 0.307020 40.88751870 0.20906564 41.09110453
  jla_mock 0.198630 39.70241907 0.16157737 40.01962637
  jla_mock 0.268210 40.64223637 0.21539519 40.75485425
  jla_mock 0.401280 41.89172882 0.24823001 41.76844708
  jla_mock 0.136680 39.20487819 0.15334431 39.12669692
  jla_mock 0.295420 40.71892131 0.24720467 40.99502774
  jla_mock 0.291920 40.96129468 0.19219946 40.96509126
  jla_mock 0.090070 38.29610294 0.12096556 38.15481767
  jla_mock 0.205570 39.96350371 0.18292629 40.10264367
  jla_mock 0.145820 39.36684099 0.14934529 39.27951619
  jla_mock 0.117670 38.52278575 0.14486540 38.77531466
  jla_mock 0.054990 36.66929277 0.14997934 37.02755570
  jla_mock 0.174200 39.47183024 0.15142908 39.70366406
  jla_mock 0.244950 40.76357751 0.18020903 40.53072075
  jla_mock 0.224520 40.52922867 0.18249954 40.31756378
  jla_mock 0.245580 40.78988739 0.16228277 40.53700972
  jla_mock 0.283510 40.76361628 0.21250233 40.89231323
  jla_mock 0.180560 39.78958734 0.17619167 39.78939034
  jla_mock 0.103910 38.55056044 0.12352191 38.48621362
  jla_mock 0.129610 39.02553005 0.15326847 39.00146852
  jla_mock 0.243520 40.39290385 0.16045597 40.51644578
  jla_mock 0.331360 41.27054099 0.26935111 41.28283761
  jla_mock 0.243480 40.80478043 0.19048000 40.51604648
  jla_mock 0.314680 41.04056324 0.17577640 41.15293771
  jla_mock 0.218650 40.26449141 0.18935500 40.25268399
  jla_mock 0.260140 40.87558764 0.21925656 40.67922298
  jla_mock 0.282430 40.63939710 0.19830733 40.88277946
  jla_mock 0.300410 41.38237482 0.20581539 41.03663937
  jla_mock 0.151860 39.64816243 0.14864409 39.37610376
  jla_mock 0.263570 40.63429305 0.18936772 40.71136861
  jla_mock 0.213820 40.15060301 0.20621233 40.19823975
  jla_mock 0.162840 39.77240109 0.16761662 39.54193643
  jla_mock 0.124400 38.75190028 0.17140549 38.90519170
  jla_mock 0.194650 39.88550567 0.13938689 39.97041042
  jla_mock 0.205540 40.27791246 0.18299408 40.10228679
  jla_mock 0.106670 38.52459564 0.14588621 38.54599612
  jla_mock 0.187720 40.09763272 0.18724598 39.88290884
  jla_mock 0.163870 39.56300219 0.15682059 39.55704447
  jla_mock 0.290210 41.36417100 0.19470283 40.95042479
  jla_mock 0.094010 38.25551427 0.12497638 38.25356657
  jla_mock 0.227860 40.24133099 0.18009820 40.35336304
  jla_mock 0.107510 38.52743818 0.14764565 38.56419079
  jla_mock 0.310650 40.85866740 0.22259423 41.12055454
  jla_mock 0.145640 39.09469625 0.15575872 39.27660677
  jla_mock 0.087840 37.99572655 0.12609586 38.09813443
  jla_mock 0.148390 39.15833549 0.15572534 39.32105628
  jla_mock 0.286620 40.82656130 0.19365541 40.91963379
  jla_mock 0.122810 38.96358939 0.13329108 38.87487099
  jla_mock 0.186550 39.94451354 0.20280242 39.86784777
  jla_mock 0.128930 39.01548325 0.15503539 38.98923364
  jla_mock 0.194220 39.76942633 0.16863568 39.96509311
  jla_mock 0.148000 39.38951011 0.14676099 39.31475253
  jla_mock 0.211790 40.34152181 0.22866165 40.17497677
  jla_mock 0.179620 39.85686692 0.17351314 39.77677412
  jla_mock 0.263490 40.73281387 0.18130204 40.71061886
  jla_mock 0.192150 40.00060126 0.15956887 39.93949587
  jla_mock 0.338800 41.28070949 0.22987627 41.33867240
  jla_mock 0.117410 38.72192966 0.14766783 38.77004109
  jla_mock 0.143100 39.31928380 0.16841647 39.23555159
  jla_mock 0.160350 39.65774100 0.13218212 39.50541312
  jla_mock 0.288720 40.61435928 0.21129560 40.93764524
  jla_mock 0.123030 38.53146273 0.15464992 38.87906631
  jla_mock 0.264050 40.81845754 0.18533646 40.71586713
  jla_mock 0.126080 38.48368983 0.17182656 38.93722867
  jla_mock 0.173740 40.02472353 0.14981160 39.69721590
  jla_mock 0.164400 39.53497777 0.14972618 39.56481851
  jla_mock 0.249610 40.70074645 0.16242204 40.57723917
  jla_mock 0.159990 39.80756268 0.15136580 39.50013264
  jla_mock 0.244480 40.71373663 0.15150476 40.52602897
  jla_mock 0.248510 40.59615717 0.17707716 40.56625843
  jla_mock 0.228930 40.38761739 0.16847625 40.36478279
  jla_mock 0.085280 37.95761990 0.14384543 38.02850211
  jla_mock 0.062818 37.50381759 0.14854713 37.32965972
  jla_mock 0.277450 40.76609106 0.23370164 40.83881815
  jla_mock 0.275440 41.04592977 0.21508178 40.82061778
  jla_mock 0.330510 41.15489453 0.21087893 41.27629868
  jla_mock 0.361930 41.46484103 0.24565378 41.50571480
  jla_mock 0.331030 40.86759592 0.21800830 41.28029897
  jla_mock 0.160500 39.38044224 0.12714994 39.50761332
  jla_mock 0.300210 41.18701670 0.20430208 41.03497157
  jla_mock 0.116350 38.77352298 0.12231010 38.74854117
  jla_mock 0.218290 40.39321921 0.16062208 40.24870499
  jla_mock 0.119670 38.59064820 0.12046332 38.81499236
  jla_mock 0.154730 39.25343551 0.12395445 39.42024462
  jla_mock 0.178100 39.85502253 0.16562813 39.75637343
  jla_mock 0.250370 40.85120712 0.16560962 40.58482587
  jla_mock 0.251740 40.60021186 0.14466362 40.59819743
  jla_mock 0.129530 38.87985319 0.14518911 39.00002912
  jla_mock 0.309290 40.97619705 0.18810950 41.10952092
  jla_mock 0.278520 40.87897236 0.17881943 40.84826365
  jla_mock 0.185810 39.87229500 0.13605911 39.85832196
  jla_mock 0.066510 37.38115967 0.17228058 37.46168597
  jla_mock 0.258000 40.90687020 0.18756945 40.65872012
  jla_mock 0.298880 40.66689454 0.21609463 41.02388070
  jla_mock 0.270440 40.84900533 0.22437165 40.77515695
  jla_mock 0.279160 40.56181310 0.17183675 40.85391330
  jla_mock 0.292870 41.20852608 0.21554431 40.97323930
  jla_mock 0.189650 39.88242596 0.15711153 39.90775318
  jla_mock 0.265760 40.85679968 0.19291042 40.73189308
  jla_mock 0.123760 39.05285678 0.14509081 38.89298713
  jla_mock 0.182550 39.73249387 0.14971699 39.81609915
  jla_mock 0.056340 37.33669386 0.14895035 37.08333754
  jla_mock 0.312880 41.35519364 0.18264477 41.13864641
  jla_mock 0.309150 40.94088925 0.22328713 41.10838511
  jla_mock 0.200610 40.13035375 0.15587566 40.04363891
  jla_mock 0.326400 41.15752867 0.20549386 41.24468106
  jla_mock 0.211630 40.24562362 0.13899445 40.17314324
  jla_mock 0.179690 39.41239605 0.15636245 39.77771363
  jla_mock 0.302400 41.01353646 0.19662226 41.05323399
  jla_mock 0.109240 38.71535912 0.14870399 38.60166315
  jla_mock 0.085220 38.21770895 0.15002378 38.02687010
  jla_mock 0.202310 40.29707202 0.16131988 40.06386231
  jla_mock 0.126490 39.12562766 0.15584855 38.94504722
  jla_mock 0.214570 40.26047479 0.16812914 40.20683444
  jla_mock 0.320450 41.24090308 0.19168742 41.19850820
  jla_mock 0.218350 40.36499079 0.17273249 40.24936815
  jla_mock 0.190100 39.80157890 0.15982384 39.91354590
  jla_mock 0.092430 38.15281726 0.15614025 38.21396675
  jla_mock 0.379860 41.63585192 0.18489314 41.62861712
  jla_mock 0.211340 40.29367613 0.16607978 40.16981995
  jla_mock 0.258330 40.69873335 0.18011571 40.66191062
  jla_mock 0.183270 39.88975377 0.16855779 39.82562527
  jla_mock 0.212950 39.93060156 0.17784935 40.18826990
  jla_mock 0.116510 38.84198411 0.15544019 38.75178644
  jla_mock 0.144010 39.37137042 0.17185674 39.25026033
  jla_mock 0.252490 40.45690070 0.18599877 40.60544855
  jla_mock 0.255390 40.50301777 0.21319916 40.63348622
  jla_mock 0.216980 39.97351265 0.18860575 40.23422585
  jla_mock 1.265901 44.98721860 0.22380442 44.79726150
  jla_mock 0.935774 43.58122612 0.22958872 43.98936774
  jla_mock 0.049519 36.34282161 0.20228994 36.79241934
  jla_mock 0.030325 35.59355799 0.18207848 35.69463564
  jla_mock 0.074579 37.82818325 0.21872943 37.72200368
  jla_mock 0.025198 35.25231928 0.22034080 35.27019548
  jla_mock 0.014411 34.25873081 0.20528439 34.03100129
  jla_mock 0.020792 34.50872490 0.19750056 34.84402582
  jla_mock 0.035218 35.80975998 0.20378488 36.02701442
  jla_mock 0.041657 36.25605930 0.21523275 36.40181746
  jla_mock 0.042400 36.21844026 0.20618664 36.44334925
  jla_mock 0.018902 34.56707029 0.18361956 34.61733569
  jla_mock 0.078840 38.08858288 0.21534076 37.84871212
  jla_mock 0.063345 37.47144051 0.20758765 37.34892997
  jla_mock 0.027637 35.18368193 0.23141589 35.48155629
  jla_mock 0.049325 36.59960039 0.21068097 36.78320287
  jla_mock 0.070153 37.54140117 0.22041411 37.58116850
  jla_mock 0.023909 35.39920863 0.18367797 35.15849228
  jla_mock 0.053126 37.27126018 0.22335947 36.95053545
  jla_mock 0.024951 35.27382611 0.18978288 35.24879075
  jla_mock 0.015664 34.05210103 0.20165316 34.22896394
  jla_mock 0.048984 36.65222998 0.15985830 36.76700280
  jla_mock 0.022399 35.02552659 0.18927946 35.02763749
  jla_mock 0.034854 36.09149725 0.23666209 36.00228810
  jla_mock 0.016966 34.70465037 0.20291443 34.38512824
  jla_mock 0.030721 35.79974508 0.18171781 35.72153570
  jla_mock 0.030482 35.58534530 0.18203752 35.70530056
  jla_mock 0.010550 33.30114884 0.21945028 33.27241718
  jla_mock 0.014256 33.70415199 0.17170736 34.00054790
  jla_mock 0.027688 35.78077379 0.18124529 35.48597589
  jla_mock 0.053860 37.06400844 0.15903793 36.98086424
  jla_mock 0.017672 34.48005363 0.19251135 34.46980720
  jla_mock 0.017450 34.35740373 0.17037052 34.44318011
  jla_mock 0.015573 34.10816633 0.20219934 34.21804923
  jla_mock 0.010060 33.72042429 0.23112569 33.17614517
  jla_mock 0.054931 36.92458221 0.18431298 37.02511783
  jla_mock 0.039083 36.20451018 0.16317419 36.25793746
  jla_mock 0.078317 37.70859922 0.18391968 37.83315978
  jla_mock 0.031764 35.73821003 0.15356487 35.79238611
  jla_mock 0.014440 34.21250705 0.22581465 34.03669902
  jla_mock 0.013533 33.77621313 0.22079334 33.85849757
  jla_mock 0.026677 35.13211979 0.19349962 35.39836385
  jla_mock 0.023360 35.14585613 0.17880596 35.11091660
  jla_mock 0.036934 36.49076283 0.19001518 36.13781387
  jla_mock 0.023552 35.06989176 0.17819828 35.12755509
  jla_mock 0.017483 34.45258019 0.19211831 34.44713819
  jla_mock 0.040259 36.45839173 0.17447686 36.32367284
  jla_mock 0.030381 35.62683724 0.20408145 35.69843968
  jla_mock 0.015504 34.11345390 0.20027602 34.20977324
  jla_mock 0.014151 33.88874529 0.18788306 33.97991818
  jla_mock 0.015487 34.09213342 0.18431337 34.20773422
  jla_mock 0.015554 34.31135677 0.19852180 34.21577033
  jla_mock 0.037075 36.04311903 0.15485493 36.14569541
  jla_mock 0.015482 34.28869739 0.20249750 34.20713452
  jla_mock 0.013324 33.72524595 0.18643777 33.81743462
  jla_mock 0.014575 34.11775336 0.20791179 34.06322294
  jla_mock 0.015791 34.17178992 0.19846605 34.24419655
  jla_mock 0.024746 35.01450228 0.17954713 35.23102570
  jla_mock 0.027748 35.49616869 0.17503344 35.49117542
  jla_mock 0.010888 33.52468645 0.25477943 33.33882522
  jla_mock 0.013652 34.05077706 0.18670962 33.88187792
  jla_mock 0.035755 36.32586915 0.16295663 36.06349253
  jla_mock 0.024725 35.26989803 0.17710562 35.22920587
  jla_mock 0.038086 36.06716376 0.17051564 36.20220772
  jla_mock 0.021541 34.76808528 0.17711857 34.93386228
  jla_mock 0.019581 34.85938651 0.17898631 34.69877622
  jla_mock 0.030416 35.64667848 0.17571774 35.70081721
  jla_mock 0.039219 36.26821334 0.17021381 36.26553951
  jla_mock 0.034971 36.02732019 0.15987848 36.01023585
  jla_mock 0.028561 35.72589047 0.17650121 35.56162903
  jla_mock 0.020997 34.95278262 0.18822756 34.86861390
  jla_mock 0.032538 35.84087011 0.18232286 35.84496350
  jla_mock 0.015469 34.05365490 0.19318910 34.20557527
  jla_mock 0.015678 33.62538820 0.20747940 34.23064312
  jla_mock 0.027499 35.45925634 0.15598630 35.46959738
  jla_mock 0.046856 36.69355329 0.17134850 36.66590675
  jla_mock 0.033173 36.01236970 0.18295753 35.88809870
  jla_mock 0.010291 33.69791589 0.23549671 33.22153055
  jla_mock 0.080103 37.75850304 0.17116407 37.88626968
  jla_mock 0.012317 33.30881613 0.20020781 33.61958582
  jla_mock 0.024586 35.02346107 0.20631378 35.21716029
  jla_mock 0.014467 33.98285180 0.20827809 34.04200380
  jla_mock 0.015154 33.97864406 0.18399751 34.16779358
  jla_mock 0.029086 35.51947258 0.17337203 35.60712490
  jla_mock 0.034781 36.08633847 0.17928903 35.99732925
  jla_mock 0.044920 36.74265416 0.14070569 36.57393215
  jla_mock 0.034074 35.91484698 0.16958177 35.94930313
  jla_mock 0.074870 37.68735875 0.14386215 37.73065708
  jla_mock 0.014960 34.58616468 0.19782876 34.13886523
  jla_mock 0.020396 34.65760749 0.17103812 34.79652884
  jla_mock 0.040689 36.34327387 0.17468105 36.34770874
  jla_mock 0.026567 35.32781266 0.18033141 35.38883138
  jla_mock 0.026881 35.56161936 0.15330990 35.41604224
  jla_mock 0.023471 35.03212533 0.17597781 35.12053573
  jla_mock 0.069122 37.86767099 0.19117659 37.54735393
  jla_mock 0.065193 37.21521164 0.15879632 37.41650383
  jla_mock 0.022980 34.94807845 0.17790505 35.07798626
  jla_mock 0.017387 34.20046697 0.19829162 34.43562377
  jla_mock 0.031485 35.71910625 0.15108749 35.77343379
  jla_mock 0.011184 32.92009709 0.19447979 33.39698137
  jla_mock 0.021956 34.87522272 0.17567209 34.98363815
  jla_mock 0.031484 35.72088417 0.15080691 35.77336586
  jla_mock 0.023321 35.30263382 0.20285194 35.10753691
  jla_mock 0.020390 34.76378353 0.18300723 34.79580919
  jla_mock 0.022466 35.35778866 0.18140785 35.03344363
  jla_mock 0.033614 35.79779494 0.18044129 35.91805559
  jla_mock 0.036969 35.87802732 0.17916902 36.13977028
  jla_mock 0.022629 34.87790359 0.18007478 35.04756902
  jla_mock 0.014700 34.01082837 0.18462322 34.08778212
  jla_mock 0.036950 36.22067955 0.14876338 36.13870823
  jla_mock 0.060959 36.95406374 0.12531329 37.26168363
  jla_mock 0.059289 37.23585142 0.12135718 37.20061851
  jla_mock 0.069751 37.60282964 0.15873536 37.56798377
  jla_mock 0.029526 35.75083809 0.17470465 35.64036001
  jla_mock 0.033255 35.85425202 0.17565362 35.89366892
  jla_mock 0.024159 35.30749431 0.18124182 35.18015698
  jla_mock 0.015999 34.17963996 0.19155982 34.26914446
  jla_mock 0.062961 37.49687134 0.16530929 37.33488865
  jla_mock 0.021706 34.71451171 0.19186355 34.95365268
  jla_mock 0.031638 35.68620987 0.18943844 35.78382700
  jla_mock 0.018599 34.34435991 0.17304818 34.58099331
  jla_mock 0.027064 35.38421341 0.17332763 35.43190080
  jla_mock 0.025468 35.12358189 0.18469991 35.29359335
  jla_mock 0.023810 35.42974777 0.19336693 35.14991306
  jla_mock 0.023867 35.26063798 0.18298494 35.15485261
  jla_mock 0.022068 35.17332788 0.16678206 34.99707164
