  jla_mock 0.503084 42.31875601 0.14571158 42.35108100
  jla_mock 0.580724 42.53150100 0.16122778 42.72552632
  jla_mock 0.494795 42.28613781 0.12070859 42.30795504
  jla_mock 0.345928 41.59325989 0.13253081 41.39118194
  jla_mock 0.677662 43.50680633 0.22871689 43.13175210
  jla_mock 0.610712 42.93582352 0.22548733 42.85765176
  jla_mock 0.866494 43.80345966 0.25803499 43.78417385
  jla_mock 0.330932 41.39884246 0.12801230 41.27954507
  jla_mock 0.798566 43.23723091 0.25919990 43.56688646
  jla_mock 0.449562 41.91223270 0.16139765 42.06009851
  jla_mock 0.371443 41.75015490 0.14921889 41.57157260
  jla_mock 0.291718 40.98263062 0.14231442 40.96335873
  jla_mock 0.355820 41.33895718 0.14101044 41.46251312
  jla_mock 0.461274 42.23886786 0.15587207 42.12639800
  jla_mock 0.283610 40.59297940 0.13055630 40.89319599
  jla_mock 0.632234 43.30020184 0.22182909 42.94875922
  jla_mock 0.466414 42.12726509 0.17243727 42.15507604
  jla_mock 0.268624 40.70744484 0.12820280 40.75864558
  jla_mock 0.946890 43.87725308 0.29224985 44.02088236
  jla_mock 0.924917 43.71621335 0.31213110 43.95825216
  jla_mock 0.693165 43.09090606 0.29243158 43.19149304
  jla_mock 0.625233 42.78827857 0.19088816 42.91943219
  jla_mock 0.896944 43.89891937 0.26745476 43.87629010
  jla_mock 0.608261 42.83841807 0.15987482 42.84713700
  jla_mock 0.789054 43.66028023 0.26932700 43.53500333
  jla_mock 0.578292 42.52828529 0.14637659 42.71452713
  jla_mock 0.590280 42.87882567 0.18966931 42.76830634
  jla_mock 0.719626 43.36649739 0.25305179 43.29065226
  jla_mock 0.210032 40.09123172 0.13132256 40.15483080
  jla_mock 0.766590 43.01839260 0.22576765 43.45828289
  jla_mock 0.858513 43.98767351 0.22289539 43.75956030
  jla_mock 0.367904 41.61750857 0.09931133 41.54729890
  jla_mock 0.558746 42.77859605 0.15678156 42.62454440
  jla_mock 0.848509 43.54277138 0.21739327 43.72833562
  jla_mock 0.996390 44.42527389 0.24266005 44.15702957
  jla_mock 0.776594 43.41430903 0.26449227 43.49271322
  jla_mock 0.582932 42.83421734 0.13306958 42.73551243
  jla_mock 0.583743 42.66176090 0.16752875 42.73918034
  jla_mock 0.796552 43.68012253 0.22887969 43.56021387
  jla_mock 0.588721 42.61294989 0.15579306 42.76137980
  jla_mock 0.913473 43.89614166 0.24294053 43.92502563
  jla_mock 0.768587 43.53381241 0.23905376 43.46520986
  jla_mock 0.948455 43.69776039 0.26528102 44.02529941
  jla_mock 0.513793 42.43366262 0.15287930 42.40582273
  jla_mock 0.733609 43.32291839 0.19294483 43.34167511
  jla_mock 0.637701 42.82716182 0.27010736 42.97142091
  jla_mock 0.765588 43.31407455 0.21113574 43.45480726
  jla_mock 0.434861 41.77970984 0.15772880 41.97448442
  jla_mock 0.983407 44.03405696 0.25879722 44.12197372
  jla_mock 0.583743 42.80807684 0.16232669 42.73918034
  jla_mock 0.700631 43.30137675 0.21687358 43.21987569
  jla_mock 0.662058 42.84416842 0.21294856 43.07025770
  jla_mock 0.838126 43.15672918 0.28077453 43.69551364
  jla_mock 0.621874 42.94322377 0.17546981 42.90526861
  jla_mock 0.370586 41.42932237 0.14291643 41.56574760
  jla_mock 0.416632 42.06306735 0.13815441 41.86461950
  jla_mock 0.358570 41.57438180 0.10704088 41.48212572
  jla_mock 0.451681 42.04732249 0.15278703 42.07216742
  jla_mock 0.522762 42.48416054 0.16112888 42.45088093
  jla_mock 0.733996 43.14359478 0.30408870 43.34308204
  jla_mock 0.701965 43.32445490 0.31176741 43.22488288
  jla_mock 0.742008 43.53680556 0.29013165 43.37180407
  jla_mock 0.746118 43.58156495 0.21822021 43.38651198
  jla_mock 0.349560 41.76259555 0.13472825 41.41773364
  jla_mock 0.591835 42.75822988 0.15357327 42.77521512
  jla_mock 0.514746 42.50363379 0.15561143 42.41063888
  jla_mock 0.620632 42.94568602 0.18447364 42.90003158
  jla_mock 0.643646 42.65404397 0.24392132 42.99587363
  jla_mock 1.002795 43.81008878 0.33216844 44.17412957
  jla_mock 0.470586 42.44537934 0.14420733 42.17805785
  jla_mock 0.610643 43.02294790 0.15877872 42.85735575
  jla_mock 0.263487 40.67860565 0.12804977 40.71059074
  jla_mock 0.358336 41.56483868 0.12918713 41.48045687
  jla_mock 0.742697 43.36103764 0.25908753 43.37426971
  jla_mock 0.451556 42.07447098 0.11538935 42.07145547
  jla_mock 0.910752 43.81911373 0.26164869 43.91705349
  jla_mock 0.552605 42.66301649 0.15821060 42.59574777
  jla_mock 0.337534 41.29907373 0.12813367 41.32918083
  jla_mock 0.750681 43.49750283 0.24281434 43.40263657
  jla_mock 0.983777 44.00625766 0.34665096 44.12297525
  jla_mock 0.822697 43.26111161 0.22175759 43.64609281
  jla_mock 0.813696 43.63050656 0.24256727 43.61677497
  jla_mock 0.950763 44.06511829 0.26472927 44.03181349
  jla_mock 0.817732 44.19589491 0.24643394 43.62994659
  jla_mock 0.340520 41.28988952 0.12574260 41.35156774
  jla_mock 0.960751 44.04247071 0.28766046 44.05969252
  jla_mock 0.810720 43.70158833 0.27275574 43.60706270
  jla_mock 0.756687 43.08028044 0.24755189 43.42379562
  jla_mock 0.611252 42.94589725 0.18572910 42.85996836
  jla_mock 0.877971 43.82906332 0.22378685 43.81925155
  jla_mock 0.548325 42.64433810 0.14258079 42.57535592
  jla_mock 0.809032 43.55034325 0.23222084 43.60155386
  jla_mock 1.028800 44.49085262 0.28337345 44.24255906
  jla_mock 0.627239 42.77693227 0.17555461 42.92789070
  jla_mock 0.422452 42.06505110 0.15606690 41.90009559
  jla_mock 0.933900 44.13978668 0.34999950 43.98400344
  jla_mock 0.701158 43.07000600 0.22740618 43.22185379
  jla_mock 0.697164 43.65806559 0.20952266 43.20674812
  jla_mock 0.685179 43.22604762 0.27044472 43.16089914
  jla_mock 0.767075 43.32492463 0.25233801 43.45996521
  jla_mock 0.931901 43.68095147 0.25136810 43.97828133
  jla_mock 0.863978 43.59286836 0.24510246 43.77643514
  jla_mock 0.749100 43.30939865 0.22590126 43.39706674
  jla_mock 0.514353 42.47165809 0.15357466 42.40865279
  jla_mock 0.468406 42.16348023 0.11440416 42.16613949
  jla_mock 0.470398 42.40762215 0.15654577 42.17703003
  jla_mock 0.958871 44.33393098 0.27681249 44.05446029
  jla_mock 0.927909 44.45942595 0.29724149 43.96685429
  jla_mock 0.840522 43.80007117 0.21913135 43.70310328
  jla_mock 0.630699 42.56606825 0.17083127 42.94239637
  jla_mock 0.562751 42.78620604 0.14440652 42.64332481
  jla_mock 0.615698 42.94695051 0.16969222 42.87904165
  jla_mock 0.828528 43.72605403 0.22446355 43.66483979
  jla_mock 0.564741 42.34942802 0.16042692 42.65249802
  jla_mock 0.578745 42.72001864 0.14758356 42.71657591
  jla_mock 0.557743 42.76169035 0.15831963 42.61984109
  jla_mock 0.864497 43.76719349 0.22870035 43.77803148
  jla_mock 0.735608 42.92685834 0.23468503 43.34890124
  jla_mock 0.858507 43.79196845 0.28336591 43.75954157
  jla_mock 0.261984 40.71231493 0.10443414 40.69650477
  jla_mock 0.585743 42.86933621 0.18660838 42.74814872
  jla_mock 0.761580 43.79753829 0.21598834 43.44090475
  jla_mock 0.488800 42.15709067 0.11155101 42.27645931
  jla_mock 0.858516 43.85308298 0.27431051 43.75956966
  jla_mock 0.688656 43.24042798 0.18053033 43.17429244
  jla_mock 0.558743 42.52245677 0.15491557 42.62453033
  jla_mock 0.324532 41.21396535 0.12601850 41.23031081
  jla_mock 0.480704 42.40778769 0.10839252 42.23310364
  jla_mock 0.185371 39.80280873 0.13095679 39.85267084
  jla_mock 0.922221 43.71115442 0.33854809 43.95042459
  jla_mock 0.681942 43.05746143 0.19640351 43.14834773
  jla_mock 0.475707 42.26084864 0.10811298 42.20605508
  jla_mock 0.922210 43.88226904 0.27644363 43.95039265
  jla_mock 0.893183 44.02824282 0.25783329 43.86505298
  jla_mock 0.428646 41.77179730 0.14143599 41.93756341
  jla_mock 0.631882 42.85894368 0.23474045 42.94730012
  jla_mock 0.699960 43.87334333 0.25834877 43.21735709
  jla_mock 0.736007 43.09093702 0.26468680 43.35032909
  jla_mock 0.575823 42.70002523 0.15953941 42.70336060
  jla_mock 0.418633 41.76262379 0.10651651 41.87691426
  jla_mock 0.511746 42.47469586 0.12000546 42.39547784
  jla_mock 0.535771 42.31751143 0.12653138 42.51490290
  jla_mock 0.641893 42.80805634 0.21547239 42.98872907
  jla_mock 0.734996 43.22109176 0.22720400 43.34671116
  jla_mock 0.351560 41.54815010 0.13079492 41.43213142
  jla_mock 0.609860 43.06442381 0.17401244 42.85399669
  jla_mock 0.349557 41.58987344 0.13436921 41.41771171
  jla_mock 0.701969 43.21382757 0.18819535 43.22489789
  jla_mock 0.355261 41.63809758 0.10427939 41.45852641
  jla_mock 0.983280 44.21733092 0.25756994 44.12162996
  jla_mock 0.872152 43.92168256 0.26597542 43.80157672
  jla_mock 0.759030 43.15992326 0.20819082 43.43204997
  jla_mock 0.926220 44.02359496 0.24599386 43.96201956
  jla_mock 0.643642 43.20439798 0.22846121 42.99585733
  jla_mock 0.419569 41.84468922 0.13772753 41.88259578
  jla_mock 0.515587 42.58802213 0.20313602 42.41488903
  jla_mock 0.890729 43.61077679 0.21057911 43.85772092
  jla_mock 0.805696 43.77771930 0.22987004 43.59050885
  jla_mock 0.480568 42.10587188 0.10874993 42.23237487
  jla_mock 0.800697 43.51510770 0.24546005 43.57394667
  jla_mock 0.580604 42.63526013 0.18881444 42.72498360
  jla_mock 0.715652 43.33929680 0.24396561 43.27597318
  jla_mock 0.805695 43.64208638 0.23276535 43.59050554
  jla_mock 0.766684 43.11533408 0.25283777 43.45860895
  jla_mock 0.664638 43.10432088 0.19578546 43.08055024
  jla_mock 0.901736 44.27084952 0.25190507 43.89049989
  jla_mock 0.745665 43.58523255 0.21142864 43.38489089
  jla_mock 0.718680 43.28246257 0.20380008 43.28715794
  jla_mock 0.736690 43.47929999 0.19636251 43.35277325
  jla_mock 0.579600 42.67767023 0.12084594 42.72044282
  jla_mock 0.370531 41.51734734 0.10256736 41.56537377
  jla_mock 0.960740 44.31908143 0.23956115 44.05966190
  jla_mock 0.850729 43.81392500 0.21179952 43.73526472
  jla_mock 0.648640 42.96839100 0.19254569 43.01622729
  jla_mock 0.219462 40.19102728 0.13036783 40.26165884
  jla_mock 0.936755 43.89529921 0.24129989 43.99217583
  jla_mock 0.647639 43.00217234 0.17876349 43.01214759
  jla_mock 0.461564 42.07542808 0.13341110 42.12801602
  jla_mock 0.600603 42.57573400 0.17945434 42.81380214
  jla_mock 0.670654 43.12486438 0.23100742 43.10426437
  jla_mock 0.760698 43.64162848 0.20946016 43.43784537
  jla_mock 0.246492 40.46926675 0.13212126 40.54611375
  jla_mock 0.470573 41.98296697 0.14759396 42.17798678
  jla_mock 0.169455 39.54604815 0.11209573 39.63714984
  jla_mock 0.497379 42.26269719 0.12912927 42.32153052
  jla_mock 0.638234 42.98811440 0.19688575 42.97363029
  jla_mock 0.507371 42.40655830 0.14542671 42.37316793
  jla_mock 0.535327 42.62113427 0.14229510 42.51274244
  jla_mock 0.587285 42.72422697 0.16639385 42.75499974
  jla_mock 0.773081 43.92988911 0.25620999 43.48071408
  jla_mock 0.699166 43.11280052 0.22210270 43.21437680
  jla_mock 0.370511 41.41526373 0.12736057 41.56523783
  jla_mock 0.761089 43.26696647 0.22808946 43.43920163
  jla_mock 0.699169 43.35854160 0.21959570 43.21438806
  jla_mock 0.788060 43.53509447 0.19242158 43.53165972
  jla_mock 0.373513 41.37376996 0.13202741 41.58564233
  jla_mock 0.405478 41.92693105 0.13198879 41.79507834
  jla_mock 0.852994 43.80829189 0.25729076 43.74233429
  jla_mock 0.808048 43.50549416 0.24185374 43.59830126
  jla_mock 0.603272 42.91358731 0.18397635 42.82545340
  jla_mock 0.583290 42.70924274 0.17902789 42.73713156
  jla_mock 0.534335 42.70540976 0.14774220 42.50791545
  jla_mock 0.720140 43.09997549 0.24070231 43.29255086
  jla_mock 0.400485 42.12255569 0.21060605 41.76340376
  jla_mock 0.837004 43.70782860 0.21502566 43.69195956
  jla_mock 0.371508 41.58403336 0.10193219 41.57201440
  jla_mock 0.806041 43.36671031 0.25907683 43.59165187
  jla_mock 0.840005 43.89775714 0.23506835 43.70146561
  jla_mock 0.500728 42.44120541 0.12981336 42.33894272
  jla_mock 0.532765 42.41675708 0.17422186 42.50027598
  jla_mock 0.533766 42.55245917 0.18215335 42.50514675
  jla_mock 0.932229 43.77134244 0.34152943 43.97922023
  jla_mock 0.822103 43.48221828 0.25790730 43.64418307
  jla_mock 0.553797 42.53304327 0.13544877 42.60133735
  jla_mock 0.125298 38.62559306 0.13709229 38.92231622
  jla_mock 0.842123 44.40368321 0.28302626 43.70817465
  jla_mock 0.443668 41.98667457 0.15186631 42.02604866
  jla_mock 0.727675 43.34691781 0.24978201 43.32010216
  jla_mock 0.683659 43.24940536 0.41253064 43.15500537
  jla_mock 0.442548 42.19804568 0.13367762 42.01953486
  jla_mock 0.726679 43.52486240 0.20021505 43.31648122
  jla_mock 0.282510 40.85165082 0.12747632 40.88348566
  jla_mock 0.404549 41.86251001 0.12965359 41.78918496
  jla_mock 0.519611 42.14895831 0.13964385 42.43522504
  jla_mock 0.690652 43.51175002 0.23214813 43.18190663
  jla_mock 1.060801 44.30701982 0.27869308 44.32447227
  jla_mock 0.576612 42.73946454 0.15376326 42.70692901
  jla_mock 0.268489 40.78823045 0.12614174 40.75741813
  jla_mock 0.720680 43.18982359 0.25106936 43.29454550
  jla_mock 0.250498 40.60563450 0.13111277 40.58610363
  jla_mock 0.760691 43.32934064 0.27664014 43.43782109
  jla_mock 0.698167 43.14411777 0.26129048 43.21057429
  jla_mock 0.550315 42.68335612 0.16854352 42.58486067
  jla_mock 0.730128 43.30851506 0.23524622 43.32902000
  jla_mock 0.847985 44.06108861 0.24702775 43.72670010
  jla_mock 0.997826 43.72026759 0.24705649 44.16086339
  jla_mock 0.435446 41.92018154 0.13052406 41.97795969
  jla_mock 0.409470 41.85108001 0.12922369 41.82018436
  jla_mock 0.301590 41.05732898 0.12598595 41.04647939
  jla_mock 1.299106 44.92787609 0.19340708 44.86649555
  jla_mock 1.020807 44.70551536 0.23668119 44.22175183
  jla_mock 0.839734 43.41821428 0.19264717 43.70060719
  jla_mock 1.120850 44.34915973 0.20807086 44.47175959
  jla_mock 1.230892 44.77530792 0.23900250 44.72227987
  jla_mock 0.974230 44.09666936 0.18427047 44.09690728
  jla_mock 0.970782 43.55096402 0.33863365 44.08744397
  jla_mock 0.064229 37.33713006 0.15072784 37.38125426
  jla_mock 0.129030 39.11232389 0.16416611 38.99103288
  jla_mock 0.102890 38.62718139 0.14983539 38.46320916
  jla_mock 0.044130 36.24644544 0.17359564 36.53640119
  jla_mock 0.113040 38.65236090 0.15276523 38.68140463
  jla_mock 0.256110 40.78211359 0.20496122 40.64044730
  jla_mock 0.380260 41.88633658 0.28702753 41.63127303
  jla_mock 0.145470 39.30410819 0.16218924 39.27385898
  jla_mock 0.088890 38.20672035 0.14636771 38.12524312
  jla_mock 0.260590 40.53240737 0.18294429 40.68344034
  jla_mock 0.078910 37.75473959 0.15602647 37.85079369
  jla_mock 0.083040 37.90475058 0.15331705 37.96757382
  jla_mock 0.165650 39.75347804 0.13854363 39.58315350
  jla_mock 0.168170 39.77756580 0.16196037 39.61913704
  jla_mock 0.170630 39.74252027 0.16520984 39.65362070
  jla_mock 0.170280 39.65446518 0.17035518 39.64871449
  jla_mock 0.120440 38.94696942 0.15109792 38.82967597
  jla_mock 0.276530 41.30373402 0.21443501 40.83052825
  jla_mock 0.231600 40.47602170 0.18253328 40.39327881
  jla_mock 0.305690 40.96123589 0.26735001 41.08031431
  jla_mock 0.079970 38.07599780 0.16566195 37.88231469
  jla_mock 0.174150 39.76492036 0.15831009 39.70296318
  jla_mock 0.138680 39.16371829 0.16604939 39.16075605
  jla_mock 0.146070 39.15879093 0.16391832 39.28355706
  jla_mock 0.081330 37.65167525 0.14393418 37.92106160
  jla_mock 0.233800 40.33687619 0.17178002 40.41664409
  jla_mock 0.256550 40.66937474 0.17733386 40.64470129
  jla_mock 0.245620 40.73294411 0.20041043 40.53740902
  jla_mock 0.125930 38.95394172 0.19132506 38.93436823
  jla_mock 0.223510 40.38477000 0.21582750 40.30640047
  jla_mock 0.102640 38.44011799 0.14663754 38.45739969
  jla_mock 0.119670 38.68174824 0.14566661 38.81499236
  jla_mock 0.180550 39.82885018 0.16851019 39.78925613
  jla_mock 0.197090 40.23780084 0.17389574 40.00058301
  jla_mock 0.229160 40.59416508 0.19939442 40.36723751
  jla_mock 0.264510 40.98049371 0.19876199 40.72017820
  jla_mock 0.103370 38.51597933 0.12264053 38.47436335
  jla_mock 0.364410 41.88714956 0.23042794 41.52297770
  jla_mock 0.205600 40.08617349 0.15584351 40.10300055
  jla_mock 0.179810 39.86189711 0.19620482 39.77932421
  jla_mock 0.199590 40.00347995 0.18224440 40.03149756
  jla_mock 0.156530 39.34570109 0.15012954 39.44792878
  jla_mock 0.161800 39.53445229 0.14760764 39.52668171
  jla_mock 0.209530 40.38916963 0.20608020 40.14907809
  jla_mock 0.241790 40.65297216 0.19813238 40.49907425
  jla_mock 0.236460 40.41968403 0.16266354 40.44408642
  jla_mock 0.226680 40.63715485 0.21050732 40.34076930
  jla_mock 0.296780 40.79992150 0.19716042 41.00636879
  jla_mock 0.208520 40.11496863 0.16317028 40.13750389
  jla_mock 0.251040 40.40796130 0.22085837 40.59142971
  jla_mock 0.250120 40.19629717 0.17967388 40.58233025
  jla_mock 0.117710 38.62624878 0.14551100 38.77612598
  jla_mock 0.219710 40.20203357 0.16999397 40.26439993
  jla_mock 0.149010 39.45601979 0.14890457 39.33107762
  jla_mock 0.287420 41.16087866 0.18840122 40.92649529
  jla_mock 0.143600 39.07338011 0.16639625 39.24363332
  jla_mock 0.328370 41.31416940 0.19601268 41.25983598
  jla_mock 0.246250 40.59640260 0.16506508 40.54369799
  jla_mock 0.119660 38.67991873 0.15026680 38.81480166
  jla_mock 0.328380 41.35330855 0.27642285 41.25991291
  jla_mock 0.215130 40.26617157 0.18366862 40.21325182
  jla_mock 0.144780 39.42540426 0.13616902 39.26270620
  jla_mock 0.132430 38.80048027 0.12839376 39.05220730
  jla_mock 0.210820 40.11748995 0.16235031 40.16386096
  jla_mock 0.203990 39.89892514 0.15780808 40.08384780
  jla_mock 0.279520 40.79242091 0.16701092 40.85709122
  jla_mock 0.044280 36.54750350 0.15509722 36.54352732
  jla_mock 0.180370 39.83098387 0.15078404 39.78684026
  jla_mock 0.260700 40.51827805 0.18972170 40.68447125
  jla_mock 0.056540 37.10014423 0.18696980 37.09160151
  jla_mock 0.212600 40.28482581 0.19194689 40.18425904
  jla_mock 0.369410 41.87126975 0.23700047 41.55775436
  jla_mock 0.173860 39.68052398 0.13051969 39.69889803
  jla_mock 0.142650 39.15466068 0.16862649 39.22827803
  jla_mock 0.177890 39.91239622 0.17323466 39.75355491
  jla_mock 0.328370 41.72532867 0.20656404 41.25983598
  jla_mock 0.253510 40.55534748 0.19560920 40.61531008
  jla_mock 0.300010 41.51189802 0.19320267 41.03330377
  jla_mock 0.105890 38.37162152 0.14607715 38.52910106
  jla_mock 0.223280 40.36672383 0.16843887 40.30385834
  jla_mock 0.118450 38.89850832 0.12252294 38.79113535
  jla_mock 0.176530 39.69642686 0.17118858 39.73530166
  jla_mock 0.182800 39.58025573 0.18906536 39.81945453
  jla_mock 0.297620 41.24927606 0.22708191 41.01337355
  jla_mock 0.196990 39.83149527 0.16336648 39.99934643
  jla_mock 0.152950 39.45975767 0.14755004 39.39286806
  jla_mock 0.248500 40.63597172 0.17447627 40.56615860
  jla_mock 0.138180 39.21145216 0.12408786 39.15224127
  jla_mock 0.207040 40.16103634 0.17044837 40.12013097
  jla_mock 0.214680 40.30098298 0.18059604 40.20809500
  jla_mock 0.306320 40.93335414 0.21502986 41.08542547
  jla_mock 0.246950 40.50729337 0.17120148 40.55068574
  jla_mock 0.198010 39.86605172 0.14489973 40.01195956
  jla_mock 0.222560 40.48507790 0.15195110 40.29590034
  jla_mock 0.135080 39.38595212 0.15130600 39.09944962
  jla_mock 0.210540 40.41352058 0.18260591 40.16065228
  jla_mock 0.272580 40.94148952 0.16910743 40.79461419
  jla_mock 0.246600 40.69293922 0.16168519 40.54719186
  jla_mock 0.220680 40.16068505 0.19428942 40.27512112
  jla_mock 0.274470 40.84396862 0.19147108 40.81179838
  jla_mock 0.176560 39.53033108 0.15540451 39.73570430
  jla_mock 0.310880 40.98674004 0.22015615 41.12242051
  jla_mock 0.184350 39.76688833 0.17307932 39.83952780
  jla_mock 0.159350 39.32617340 0.14827050 39.49074512
  jla_mock 0.219760 40.00692913 0.16604587 40.26495257
  jla_mock 0.252050 40.74209611 0.18410044 40.60119456
  jla_mock 0.181220 39.57954148 0.14940352 39.79824854
  jla_mock 0.173730 39.63240807 0.13336424 39.69707572
  jla_mock 0.380470 41.90346249 0.24246083 41.63266739
  jla_mock 0.178650 39.69153496 0.17172186 39.76375526
  jla_mock 0.245680 40.37357505 0.18910008 40.53800797
  jla_mock 0.209100 40.12827374 0.16102286 40.14415046
  jla_mock 0.249470 40.16988574 0.20970726 40.57584163
  jla_mock 0.133920 39.26697407 0.16606211 39.07901608
  jla_mock 0.177060 39.63130138 0.16039966 39.74241506
  jla_mock 0.281110 40.54791389 0.18775324 40.87112706
  jla_mock 0.173830 39.75823939 0.15186906 39.69847750
  jla_mock 0.196540 40.06424203 0.16513423 39.99378181
  jla_mock 0.363970 41.50813722 0.22724835 41.51991492
  jla_mock 0.378350 41.49313324 0.26733097 41.61851927
  jla_mock 0.316460 41.29179748 0.21038880 41.16699585
  jla_mock 0.183220 40.03182785 0.13519430 39.82498164
  jla_mock 0.241020 40.56625414 0.16773658 40.49113042
  jla_mock 0.202030 39.95638612 0.19953174 40.06053140
  jla_mock 0.168690 39.57921392 0.16511959 39.62642627
  jla_mock 0.197940 40.05245255 0.17492454 40.01109396
  jla_mock 0.122760 39.06328454 0.14574653 38.87391751
  jla_mock 0.203180 40.08043237 0.16105255 40.07421194
  jla_mock 0.127390 38.74532703 0.14895509 38.96152523
  jla_mock 0.275490 40.94805590 0.19972760 40.82107239
  jla_mock 0.144680 39.20446432 0.14721731 39.26108985
  jla_mock 0.334360 41.17287457 0.24977783 41.30538443
  jla_mock 0.195800 40.21713817 0.15392559 39.98463111
  jla_mock 0.193920 39.93956418 0.16374737 39.96138337
  jla_mock 0.249730 40.56451365 0.18580683 40.57843707
  jla_mock 0.148600 39.18805839 0.14879989 39.32445060
  jla_mock 0.155960 39.27358323 0.14872192 39.43916213
  jla_mock 0.095820 38.36061359 0.15034816 38.29891732
  jla_mock 0.150650 39.51379406 0.15872946 39.35749386
  jla_mock 0.309330 41.02987069 0.24715745 41.10984544
  jla_mock 0.248570 40.69237445 0.17340396 40.56685738
  jla_mock 0.365540 41.57378619 0.24311996 41.53084345
  jla_mock 0.117710 38.74884499 0.12847626 38.77612598
  jla_mock 0.191760 39.86088948 0.14428474 39.93467320
  jla_mock 0.182550 39.94449300 0.16171197 39.81609915
  jla_mock 0.234720 40.22948863 0.18444964 40.42613542
  jla_mock 0.246470 40.26805918 0.19927669 40.54589414
  jla_mock 0.288450 40.73751721 0.18873457 40.93532948
  jla_mock 0.209600 40.11248439 0.19927022 40.14988026
  jla_mock 0.191980 39.72263682 0.17965405 39.93739368
  jla_mock 0.114020 38.73822839 0.12215388 38.70128192
  jla_mock 0.113890 38.84291411 0.18397194 38.69864513
  jla_mock 0.198800 40.09694845 0.20967258 40.02172856
  jla_mock 0.220580 40.43264735 0.22796022 40.27401584
  jla_mock 0.182570 39.75841571 0.16453718 39.81636758
  jla_mock 0.158950 39.63673335 0.16372575 39.48487792
  jla_mock 0.078490 37.92905891 0.14911597 37.83830424
  jla_mock 0.138640 39.30084095 0.13217046 39.16007487
  jla_mock 0.180790 40.06246724 0.15445548 39.79247729
  jla_mock 0.177570 39.73523069 0.18629282 39.74926003
  jla_mock 0.170660 39.64754362 0.16102003 39.65404123
  jla_mock 0.233810 40.64905147 0.20858516 40.41674726
  jla_mock 0.071530 37.60892168 0.17410666 37.62633113
  jla_mock 0.154630 39.70801265 0.18791656 39.41870661
  jla_mock 0.090100 38.17826492 0.15950858 38.15556956
  jla_mock 0.176580 39.37014287 0.20448697 39.73597273
  jla_mock 0.130450 39.14297700 0.16440638 39.01658220
  jla_mock 0.182040 39.79428464 0.17166998 39.80925418
  jla_mock 0.256170 40.65228937 0.17261330 40.64102739
  jla_mock 0.138110 38.88152934 0.14854031 39.15104920
  jla_mock 0.170700 39.54192125 0.16749506 39.65460194
  jla_mock 0.216740 40.13516615 0.14793120 40.23157319
  jla_mock 0.245550 40.93104504 0.17887642 40.53671024
  jla_mock 0.143820 39.26393528 0.16709807 39.24718928
  jla_mock 0.248620 40.56894980 0.18856198 40.56735650
  jla_mock 0.145330 39.00173638 0.17138622 39.27159610
  jla_mock 0.135880 39.11754466 0.12760365 39.11307327
  jla_mock 0.058740 37.36737090 0.12754402 37.18054381
  jla_mock 0.036520 36.10921410 0.15191506 36.11467233
  jla_mock 0.277490 41.02214130 0.22703402 40.83917126
  jla_mock 0.205150 40.08353716 0.29701418 40.09764730
  jla_mock 0.280510 40.64360845 0.20078942 40.86583052
  jla_mock 0.198670 39.96531916 0.16215673 40.02012100
  jla_mock 0.159990 39.35210129 0.15164286 39.50013264
  jla_mock 0.210750 40.12192482 0.18113105 40.16305879
  jla_mock 0.071950 37.90967270 0.17245857 37.64010622
  jla_mock 0.237820 40.50881535 0.19074175 40.45811709
  jla_mock 0.141390 39.18203025 0.17359013 39.20690618
  jla_mock 0.155060 39.35374844 0.15760876 39.42532005
  jla_mock 0.370130 41.17578953 0.22886799 41.56264818
  jla_mock 0.093910 38.18581592 0.17056414 38.25106025
  jla_mock 0.118630 38.74734859 0.17057943 38.79478628
  jla_mock 0.153630 39.05965771 0.15381057 39.40332652
  jla_mock 0.253560 40.33303289 0.16809525 40.61579348
  jla_mock 0.107250 38.63250460 0.14420228 38.55855910
  jla_mock 0.129610 38.85315572 0.15302154 39.00146852
  jla_mock 0.266650 40.79055608 0.19376454 40.74023408
  jla_mock 0.212260 40.08866924 0.16262819 40.18036278
  jla_mock 0.278220 41.07511313 0.18167466 40.84561538
  jla_mock 0.245400 40.87037833 0.16811689 40.53521287
  jla_mock 0.133620 39.22948621 0.15059378 39.07361834
  jla_mock 0.176560 39.56711838 0.16208219 39.73570430
  jla_mock 0.113680 38.57692067 0.14584429 38.69438572
  jla_mock 0.320380 41.70198860 0.26368273 41.19795536
  jla_mock 0.112710 38.92881784 0.12253270 38.67471126
  jla_mock 0.106020 38.52274093 0.14472955 38.53191691
  jla_mock 0.391350 42.08631819 0.26610488 41.70446868
  jla_mock 0.155750 39.56504756 0.14611530 39.43593231
  jla_mock 0.186670 39.84074371 0.16762102 39.86939250
  jla_mock 0.196710 39.81282186 0.16669908 39.99588400
  jla_mock 0.191910 40.32401735 0.17339098 39.93652807
  jla_mock 0.190840 40.06318046 0.15087610 39.92307171
  jla_mock 0.176250 39.87558700 0.15361286 39.73154363
  jla_mock 0.128370 39.01289194 0.15035584 38.97915785
  jla_mock 0.122620 38.62342046 0.14734428 38.87124776
  jla_mock 0.127150 38.93939617 0.14706216 38.95720703
  jla_mock 0.213230 40.22299431 0.17620944 40.19147859
  jla_mock 0.218610 40.47713825 0.18110338 40.25224188
  jla_mock 0.268560 40.78546423 0.19152223 40.75806368
  jla_mock 0.204660 40.05479830 0.16518790 40.09181820
  jla_mock 0.267100 40.87913785 0.17377576 40.74445143
  jla_mock 0.217570 40.25080145 0.17264916 40.24074699
  jla_mock 0.241850 40.76728264 0.17151433 40.49969325
  jla_mock 0.293500 40.52378647 0.20071643 40.97864273
  jla_mock 0.353460 41.43219183 0.23113786 41.44568194
  jla_mock 0.185630 39.87821870 0.15494760 39.85600487
  jla_mock 0.285430 41.08574635 0.19928385 40.90926217
  jla_mock 0.194940 39.64509023 0.16836015 39.97399650
  jla_mock 0.075920 37.59201640 0.14499851 37.76188071
  jla_mock 0.163570 39.54171585 0.15777754 39.55264407
  jla_mock 0.257210 40.89458210 0.20821329 40.65108228
  jla_mock 0.219550 40.31033340 0.18725136 40.26263149
  jla_mock 0.175580 39.55355852 0.15163366 39.72255122
  jla_mock 0.226670 40.29644760 0.18608202 40.34066257
  jla_mock 0.153220 39.53585677 0.15082218 39.39702068
  jla_mock 0.210250 39.85808552 0.19550076 40.15732899
  jla_mock 0.121640 38.74646744 0.12361443 38.85255952
  jla_mock 0.291350 40.67486871 0.19904915 40.96020244
  jla_mock 0.294480 40.86762775 0.27859702 40.98704807
  jla_mock 0.164550 39.57303085 0.12599124 39.56701870
  jla_mock 0.307020 41.06481397 0.20906564 41.09110453
  jla_mock 0.198630 39.81394861 0.16157737 40.01962637
  jla_mock 0.268210 40.96042135 0.21539519 40.75485425
  jla_mock 0.401280 42.08920647 0.24823001 41.76844708
  jla_mock 0.136680 39.23272464 0.15334431 39.12669692
  jla_mock 0.295420 41.12513958 0.24720467 40.99502774
  jla_mock 0.291920 40.90135840 0.19219946 40.96509126
  jla_mock 0.090070 38.15878557 0.12096556 38.15481767
  jla_mock 0.205570 40.11288787 0.18292629 40.10264367
  jla_mock 0.145820 39.26512684 0.14934529 39.27951619
  jla_mock 0.117670 38.93108075 0.14486540 38.77531466
  jla_mock 0.054990 37.04961935 0.14997934 37.02755570
  jla_mock 0.174200 39.86244629 0.15142908 39.70366406
  jla_mock 0.244950 40.35921685 0.18020903 40.53072075
  jla_mock 0.224520 40.53839696 0.18249954 40.31756378
  jla_mock 0.245580 40.50445795 0.16228277 40.53700972
  jla_mock 0.283510 40.61326062 0.21250233 40.89231323
  jla_mock 0.180560 40.08336052 0.17619167 39.78939034
  jla_mock 0.103910 38.48176862 0.12352191 38.48621362
  jla_mock 0.129610 38.91634477 0.15326847 39.00146852
  jla_mock 0.243520 40.63698306 0.16045597 40.51644578
  jla_mock 0.331360 41.31601591 0.26935111 41.28283761
  jla_mock 0.243480 40.94134229 0.19048000 40.51604648
  jla_mock 0.314680 41.35642774 0.17577640 41.15293771
  jla_mock 0.218650 39.98748064 0.18935500 40.25268399
  jla_mock 0.260140 40.46901664 0.21925656 40.67922298
  jla_mock 0.282430 41.19468034 0.19830733 40.88277946
  jla_mock 0.300410 40.56803502 0.20581539 41.03663937
  jla_mock 0.151860 39.41343130 0.14864409 39.37610376
  jla_mock 0.263570 40.60012636 0.18936772 40.71136861
  jla_mock 0.213820 40.50543149 0.20621233 40.19823975
  jla_mock 0.162840 39.56404578 0.16761662 39.54193643
  jla_mock 0.124400 39.16899448 0.17140549 38.90519170
  jla_mock 0.194650 40.28235665 0.13938689 39.97041042
  jla_mock 0.205540 39.76537367 0.18299408 40.10228679
  jla_mock 0.106670 38.41416013 0.14588621 38.54599612
  jla_mock 0.187720 39.64932069 0.18724598 39.88290884
  jla_mock 0.163870 39.80076320 0.15682059 39.55704447
  jla_mock 0.290210 40.54354169 0.19470283 40.95042479
  jla_mock 0.094010 38.35149345 0.12497638 38.25356657
  jla_mock 0.227860 40.37226330 0.18009820 40.35336304
  jla_mock 0.107510 38.46891651 0.14764565 38.56419079
  jla_mock 0.310650 41.08526891 0.22259423 41.12055454
  jla_mock 0.145640 39.33857024 0.15575872 39.27660677
  jla_mock 0.087840 37.91558743 0.12609586 38.09813443
  jla_mock 0.148390 39.48892131 0.15572534 39.32105628
  jla_mock 0.286620 40.49156046 0.19365541 40.91963379
  jla_mock 0.122810 39.10680106 0.13329108 38.87487099
  jla_mock 0.186550 40.48310362 0.20280242 39.86784777
  jla_mock 0.128930 39.15122946 0.15503539 38.98923364
  jla_mock 0.194220 39.99524715 0.16863568 39.96509311
  jla_mock 0.148000 39.23734204 0.14676099 39.31475253
  jla_mock 0.211790 40.10548101 0.22866165 40.17497677
  jla_mock 0.179620 39.69042256 0.17351314 39.77677412
  jla_mock 0.263490 40.82786054 0.18130204 40.71061886
  jla_mock 0.192150 39.84570124 0.15956887 39.93949587
  jla_mock 0.338800 41.33801961 0.22987627 41.33867240
  jla_mock 0.117410 38.72473911 0.14766783 38.77004109
  jla_mock 0.143100 39.15866164 0.16841647 39.23555159
  jla_mock 0.160350 39.58498783 0.13218212 39.50541312
  jla_mock 0.288720 40.69534042 0.21129560 40.93764524
  jla_mock 0.123030 38.78632588 0.15464992 38.87906631
  jla_mock 0.264050 40.57004052 0.18533646 40.71586713
  jla_mock 0.126080 38.85057135 0.17182656 38.93722867
  jla_mock 0.173740 39.79302136 0.14981160 39.69721590
  jla_mock 0.164400 39.60062453 0.14972618 39.56481851
  jla_mock 0.249610 40.58924386 0.16242204 40.57723917
  jla_mock 0.159990 39.56323798 0.15136580 39.50013264
  jla_mock 0.244480 40.56810198 0.15150476 40.52602897
  jla_mock 0.248510 40.31269411 0.17707716 40.56625843
  jla_mock 0.228930 40.31314526 0.16847625 40.36478279
  jla_mock 0.085280 37.91166169 0.14384543 38.02850211
  jla_mock 0.062818 37.12308011 0.14854713 37.32965972
  jla_mock 0.277450 40.66122095 0.23370164 40.83881815
  jla_mock 0.275440 40.83724567 0.21508178 40.82061778
  jla_mock 0.330510 41.24662243 0.21087893 41.27629868
  jla_mock 0.361930 41.10748780 0.24565378 41.50571480
  jla_mock 0.331030 41.00002188 0.21800830 41.28029897
  jla_mock 0.160500 39.59139351 0.12714994 39.50761332
  jla_mock 0.300210 40.75854081 0.20430208 41.03497157
  jla_mock 0.116350 38.91493281 0.12231010 38.74854117
  jla_mock 0.218290 40.14765616 0.16062208 40.24870499
  jla_mock 0.119670 38.81347040 0.12046332 38.81499236
  jla_mock 0.154730 39.42302416 0.12395445 39.42024462
  jla_mock 0.178100 39.82602306 0.16562813 39.75637343
  jla_mock 0.250370 40.74211232 0.16560962 40.58482587
  jla_mock 0.251740 40.93872378 0.14466362 40.59819743
  jla_mock 0.129530 38.75742221 0.14518911 39.00002912
  jla_mock 0.309290 41.36063235 0.18810950 41.10952092
  jla_mock 0.278520 40.81567763 0.17881943 40.84826365
  jla_mock 0.185810 39.84892025 0.13605911 39.85832196
  jla_mock 0.066510 37.54001705 0.17228058 37.46168597
  jla_mock 0.258000 40.93756691 0.18756945 40.65872012
  jla_mock 0.298880 40.99128534 0.21609463 41.02388070
  jla_mock 0.270440 40.71228935 0.22437165 40.77515695
  jla_mock 0.279160 41.00877021 0.17183675 40.85391330
  jla_mock 0.292870 40.83076918 0.21554431 40.97323930
  jla_mock 0.189650 39.73891286 0.15711153 39.90775318
  jla_mock 0.265760 41.15156114 0.19291042 40.73189308
  jla_mock 0.123760 38.84014074 0.14509081 38.89298713
  jla_mock 0.182550 39.89323038 0.14971699 39.81609915
  jla_mock 0.056340 36.99299290 0.14895035 37.08333754
  jla_mock 0.312880 41.25826837 0.18264477 41.13864641
  jla_mock 0.309150 40.97425203 0.22328713 41.10838511
  jla_mock 0.200610 40.22529939 0.15587566 40.04363891
  jla_mock 0.326400 40.98648234 0.20549386 41.24468106
  jla_mock 0.211630 40.14915525 0.13899445 40.17314324
  jla_mock 0.179690 39.95271146 0.15636245 39.77771363
  jla_mock 0.302400 41.06392361 0.19662226 41.05323399
  jla_mock 0.109240 38.40712724 0.14870399 38.60166315
  jla_mock 0.085220 38.15664538 0.15002378 38.02687010
  jla_mock 0.202310 39.55189232 0.16131988 40.06386231
  jla_mock 0.126490 38.73811241 0.15584855 38.94504722
  jla_mock 0.214570 40.43994252 0.16812914 40.20683444
  jla_mock 0.320450 41.10681323 0.19168742 41.19850820
  jla_mock 0.218350 40.34278221 0.17273249 40.24936815
  jla_mock 0.190100 39.70064104 0.15982384 39.91354590
  jla_mock 0.092430 38.23073200 0.15614025 38.21396675
  jla_mock 0.379860 41.85749165 0.18489314 41.62861712
  jla_mock 0.211340 40.26239503 0.16607978 40.16981995
  jla_mock 0.258330 40.68279298 0.18011571 40.66191062
  jla_mock 0.183270 39.69298443 0.16855779 39.82562527
  jla_mock 0.212950 40.22737386 0.17784935 40.18826990
  jla_mock 0.116510 38.76626462 0.15544019 38.75178644
  jla_mock 0.144010 39.28415778 0.17185674 39.25026033
  jla_mock 0.252490 40.74945176 0.18599877 40.60544855
  jla_mock 0.255390 40.36581592 0.21319916 40.63348622
  jla_mock 0.216980 40.01407615 0.18860575 40.23422585
  jla_mock 1.265901 44.42131036 0.22380442 44.79726150
  jla_mock 0.935774 43.75964781 0.22958872 43.98936774
  jla_mock 0.049519 36.68214074 0.20228994 36.79241934
  jla_mock 0.030325 35.64377379 0.18207848 35.69463564
  jla_mock 0.074579 37.77192137 0.21872943 37.72200368
  jla_mock 0.025198 35.34122148 0.22034080 35.27019548
  jla_mock 0.014411 33.73989705 0.20528439 34.03100129
  jla_mock 0.020792 34.48975481 0.19750056 34.84402582
  jla_mock 0.035218 35.94417370 0.20378488 36.02701442
  jla_mock 0.041657 36.44495012 0.21523275 36.40181746
  jla_mock 0.042400 36.20777162 0.20618664 36.44334925
  jla_mock 0.018902 34.36133559 0.18361956 34.61733569
  jla_mock 0.078840 37.93298011 0.21534076 37.84871212
  jla_mock 0.063345 37.21931016 0.20758765 37.34892997
  jla_mock 0.027637 35.33128123 0.23141589 35.48155629
  jla_mock 0.049325 36.53985242 0.21068097 36.78320287
  jla_mock 0.070153 37.57310488 0.22041411 37.58116850
  jla_mock 0.023909 35.36003237 0.18367797 35.15849228
  jla_mock 0.053126 36.85478144 0.22335947 36.95053545
  jla_mock 0.024951 35.21101027 0.18978288 35.24879075
  jla_mock 0.015664 33.98158805 0.20165316 34.22896394
  jla_mock 0.048984 36.54062482 0.15985830 36.76700280
  jla_mock 0.022399 35.09045064 0.18927946 35.02763749
  jla_mock 0.034854 35.89113792 0.23666209 36.00228810
  jla_mock 0.016966 34.63662500 0.20291443 34.38512824
  jla_mock 0.030721 35.65297635 0.18171781 35.72153570
  jla_mock 0.030482 35.55899067 0.18203752 35.70530056
  jla_mock 0.010550 32.91312139 0.21945028 33.27241718
  jla_mock 0.014256 34.26732614 0.17170736 34.00054790
  jla_mock 0.027688 35.47283539 0.18124529 35.48597589
  jla_mock 0.053860 36.74877048 0.15903793 36.98086424
  jla_mock 0.017672 34.49829113 0.19251135 34.46980720
  jla_mock 0.017450 34.16196815 0.17037052 34.44318011
  jla_mock 0.015573 34.58472625 0.20219934 34.21804923
  jla_mock 0.010060 32.96207528 0.23112569 33.17614517
  jla_mock 0.054931 37.03507194 0.18431298 37.02511783
  jla_mock 0.039083 36.41434050 0.16317419 36.25793746
  jla_mock 0.078317 37.38137046 0.18391968 37.83315978
  jla_mock 0.031764 35.86882877 0.15356487 35.79238611
  jla_mock 0.014440 33.45464807 0.22581465 34.03669902
  jla_mock 0.013533 33.70731917 0.22079334 33.85849757
  jla_mock 0.026677 35.24129498 0.19349962 35.39836385
  jla_mock 0.023360 35.17829764 0.17880596 35.11091660
  jla_mock 0.036934 35.78789685 0.19001518 36.13781387
  jla_mock 0.023552 34.85424487 0.17819828 35.12755509
  jla_mock 0.017483 34.41510077 0.19211831 34.44713819
  jla_mock 0.040259 35.83545446 0.17447686 36.32367284
  jla_mock 0.030381 35.77627461 0.20408145 35.69843968
  jla_mock 0.015504 34.54814356 0.20027602 34.20977324
  jla_mock 0.014151 34.03204757 0.18788306 33.97991818
  jla_mock 0.015487 34.32091162 0.18431337 34.20773422
  jla_mock 0.015554 34.55287680 0.19852180 34.21577033
  jla_mock 0.037075 36.21724910 0.15485493 36.14569541
  jla_mock 0.015482 34.19626651 0.20249750 34.20713452
  jla_mock 0.013324 33.94131412 0.18643777 33.81743462
  jla_mock 0.014575 33.94915132 0.20791179 34.06322294
  jla_mock 0.015791 34.11196282 0.19846605 34.24419655
  jla_mock 0.024746 35.29048299 0.17954713 35.23102570
  jla_mock 0.027748 35.23184865 0.17503344 35.49117542
  jla_mock 0.010888 33.72678420 0.25477943 33.33882522
  jla_mock 0.013652 34.08247386 0.18670962 33.88187792
  jla_mock 0.035755 36.16178780 0.16295663 36.06349253
  jla_mock 0.024725 35.16429958 0.17710562 35.22920587
  jla_mock 0.038086 36.25349121 0.17051564 36.20220772
  jla_mock 0.021541 35.15235483 0.17711857 34.93386228
  jla_mock 0.019581 34.92871093 0.17898631 34.69877622
  jla_mock 0.030416 35.95459539 0.17571774 35.70081721
  jla_mock 0.039219 36.17585241 0.17021381 36.26553951
  jla_mock 0.034971 36.34183169 0.15987848 36.01023585
  jla_mock 0.028561 34.98154335 0.17650121 35.56162903
  jla_mock 0.020997 34.80944418 0.18822756 34.86861390
  jla_mock 0.032538 35.86097032 0.18232286 35.84496350
  jla_mock 0.015469 34.10057788 0.19318910 34.20557527
  jla_mock 0.015678 34.26780681 0.20747940 34.23064312
  jla_mock 0.027499 35.39704156 0.15598630 35.46959738
  jla_mock 0.046856 36.67860850 0.17134850 36.66590675
  jla_mock 0.033173 36.14738360 0.18295753 35.88809870
  jla_mock 0.010291 33.24556344 0.23549671 33.22153055
  jla_mock 0.080103 38.02176369 0.17116407 37.88626968
  jla_mock 0.012317 33.70546142 0.20020781 33.61958582
  jla_mock 0.024586 35.07272517 0.20631378 35.21716029
  jla_mock 0.014467 33.72263917 0.20827809 34.04200380
  jla_mock 0.015154 33.97299167 0.18399751 34.16779358
  jla_mock 0.029086 35.66144691 0.17337203 35.60712490
  jla_mock 0.034781 36.05634177 0.17928903 35.99732925
  jla_mock 0.044920 36.48240162 0.14070569 36.57393215
  jla_mock 0.034074 36.17926063 0.16958177 35.94930313
  jla_mock 0.074870 37.38793646 0.14386215 37.73065708
  jla_mock 0.014960 33.94287476 0.19782876 34.13886523
  jla_mock 0.020396 34.59757534 0.17103812 34.79652884
  jla_mock 0.040689 36.43220608 0.17468105 36.34770874
  jla_mock 0.026567 35.53961188 0.18033141 35.38883138
  jla_mock 0.026881 35.44104185 0.15330990 35.41604224
  jla_mock 0.023471 35.10291966 0.17597781 35.12053573
  jla_mock 0.069122 37.35304841 0.19117659 37.54735393
  jla_mock 0.065193 37.26361422 0.15879632 37.41650383
  jla_mock 0.022980 34.78489625 0.17790505 35.07798626
  jla_mock 0.017387 34.30517840 0.19829162 34.43562377
  jla_mock 0.031485 35.61498647 0.15108749 35.77343379
  jla_mock 0.011184 33.51344223 0.19447979 33.39698137
  jla_mock 0.021956 35.32476902 0.17567209 34.98363815
  jla_mock 0.031484 35.93989441 0.15080691 35.77336586
  jla_mock 0.023321 35.38829552 0.20285194 35.10753691
  jla_mock 0.020390 34.72287751 0.18300723 34.79580919
  jla_mock 0.022466 35.14610249 0.18140785 35.03344363
  jla_mock 0.033614 35.87681315 0.18044129 35.91805559
  jla_mock 0.036969 36.01639312 0.17916902 36.13977028
  jla_mock 0.022629 35.05370315 0.18007478 35.04756902
  jla_mock 0.014700 34.20519490 0.18462322 34.08778212
  jla_mock 0.036950 35.88838575 0.14876338 36.13870823
  jla_mock 0.060959 37.54818215 0.12531329 37.26168363
  jla_mock 0.059289 37.21026302 0.12135718 37.20061851
  jla_mock 0.069751 37.40605769 0.15873536 37.56798377
  jla_mock 0.029526 35.38051013 0.17470465 35.64036001
  jla_mock 0.033255 35.97932088 0.17565362 35.89366892
  jla_mock 0.024159 35.15698852 0.18124182 35.18015698
  jla_mock 0.015999 34.11465147 0.19155982 34.26914446
  jla_mock 0.062961 37.18666068 0.16530929 37.33488865
  jla_mock 0.021706 34.96699570 0.19186355 34.95365268
  jla_mock 0.031638 35.31323876 0.18943844 35.78382700
  jla_mock 0.018599 34.55393833 0.17304818 34.58099331
  jla_mock 0.027064 35.61783267 0.17332763 35.43190080
  jla_mock 0.025468 34.67596360 0.18469991 35.29359335
  jla_mock 0.023810 35.21005993 0.19336693 35.14991306
  jla_mock 0.023867 35.35422220 0.18298494 35.15485261
  jla_mock 0.022068 34.70397605 0.16678206 34.99707164
