  jla_mock 0.503084 42.32645105 0.14571158 42.35108100
  jla_mock 0.580724 42.66110500 0.16122778 42.72552632
  jla_mock 0.494795 42.22906486 0.12070859 42.30795504
  jla_mock 0.345928 41.32513010 0.13253081 41.39118194
  jla_mock 0.677662 43.35296302 0.22871689 43.13175210
  jla_mock 0.610712 43.03830976 0.22548733 42.85765176
  jla_mock 0.866494 43.71758017 0.25803499 43.78417385
  jla_mock 0.330932 41.24344946 0.12801230 41.27954507
  jla_mock 0.798566 43.49185880 0.25919990 43.56688646
  jla_mock 0.449562 42.07793817 0.16139765 42.06009851
  jla_mock 0.371443 41.69436340 0.14921889 41.57157260
  jla_mock 0.291718 41.03752987 0.14231442 40.96335873
  jla_mock 0.355820 41.41311768 0.14101044 41.46251312
  jla_mock 0.461274 42.16078771 0.15587207 42.12639800
  jla_mock 0.283610 40.75228109 0.13055630 40.89319599
  jla_mock 0.632234 43.00823062 0.22182909 42.94875922
  jla_mock 0.466414 42.36473768 0.17243727 42.15507604
  jla_mock 0.268624 40.59626801 0.12820280 40.75864558
  jla_mock 0.946890 43.73023778 0.29224985 44.02088236
  jla_mock 0.924917 44.12030390 0.31213110 43.95825216
  jla_mock 0.693165 43.19324301 0.29243158 43.19149304
  jla_mock 0.625233 42.96850854 0.19088816 42.91943219
  jla_mock 0.896944 43.78085546 0.26745476 43.87629010
  jla_mock 0.608261 43.01241251 0.15987482 42.84713700
  jla_mock 0.789054 43.28171039 0.26932700 43.53500333
  jla_mock 0.578292 42.70461713 0.14637659 42.71452713
  jla_mock 0.590280 42.75005646 0.18966931 42.76830634
  jla_mock 0.719626 43.45636724 0.25305179 43.29065226
  jla_mock 0.210032 40.06516789 0.13132256 40.15483080
  jla_mock 0.766590 43.25444842 0.22576765 43.45828289
  jla_mock 0.858513 43.82943744 0.22289539 43.75956030
  jla_mock 0.367904 41.43572472 0.09931133 41.54729890
  jla_mock 0.558746 42.84747690 0.15678156 42.62454440
  jla_mock 0.848509 43.49780947 0.21739327 43.72833562
  jla_mock 0.996390 44.31611556 0.24266005 44.15702957
  jla_mock 0.776594 43.51982481 0.26449227 43.49271322
  jla_mock 0.582932 42.92273643 0.13306958 42.73551243
  jla_mock 0.583743 42.82182824 0.16752875 42.73918034
  jla_mock 0.796552 43.41731683 0.22887969 43.56021387
  jla_mock 0.588721 42.72201654 0.15579306 42.76137980
  jla_mock 0.913473 43.87428237 0.24294053 43.92502563
  jla_mock 0.768587 43.50299952 0.23905376 43.46520986
  jla_mock 0.948455 43.75948744 0.26528102 44.02529941
  jla_mock 0.513793 42.13379940 0.15287930 42.40582273
  jla_mock 0.733609 43.50367624 0.19294483 43.34167511
  jla_mock 0.637701 42.79862782 0.27010736 42.97142091
  jla_mock 0.765588 43.28111404 0.21113574 43.45480726
  jla_mock 0.434861 41.73649350 0.15772880 41.97448442
  jla_mock 0.983407 43.90232822 0.25879722 44.12197372
  jla_mock 0.583743 42.99931161 0.16232669 42.73918034
  jla_mock 0.700631 43.43222800 0.21687358 43.21987569
  jla_mock 0.662058 43.24285301 0.21294856 43.07025770
  jla_mock 0.838126 43.41149371 0.28077453 43.69551364
  jla_mock 0.621874 43.03269476 0.17546981 42.90526861
  jla_mock 0.370586 41.83208044 0.14291643 41.56574760
  jla_mock 0.416632 41.91401609 0.13815441 41.86461950
  jla_mock 0.358570 41.38001215 0.10704088 41.48212572
  jla_mock 0.451681 41.72852998 0.15278703 42.07216742
  jla_mock 0.522762 42.16873673 0.16112888 42.45088093
  jla_mock 0.733996 43.35837546 0.30408870 43.34308204
  jla_mock 0.701965 42.93474501 0.31176741 43.22488288
  jla_mock 0.742008 43.54848179 0.29013165 43.37180407
  jla_mock 0.746118 43.29439402 0.21822021 43.38651198
  jla_mock 0.349560 41.61048638 0.13472825 41.41773364
  jla_mock 0.591835 42.91353135 0.15357327 42.77521512
  jla_mock 0.514746 42.20515915 0.15561143 42.41063888
  jla_mock 0.620632 43.06863986 0.18447364 42.90003158
  jla_mock 0.643646 43.15497225 0.24392132 42.99587363
  jla_mock 1.002795 43.84828556 0.33216844 44.17412957
  jla_mock 0.470586 42.28492270 0.14420733 42.17805785
  jla_mock 0.610643 42.85127952 0.15877872 42.85735575
  jla_mock 0.263487 40.84872285 0.12804977 40.71059074
  jla_mock 0.358336 41.54633550 0.12918713 41.48045687
  jla_mock 0.742697 43.33364553 0.25908753 43.37426971
  jla_mock 0.451556 41.88874804 0.11538935 42.07145547
  jla_mock 0.910752 43.88735856 0.26164869 43.91705349
  jla_mock 0.552605 42.55171294 0.15821060 42.59574777
  jla_mock 0.337534 41.36233788 0.12813367 41.32918083
  jla_mock 0.750681 43.84670261 0.24281434 43.40263657
  jla_mock 0.983777 44.12102872 0.34665096 44.12297525
  jla_mock 0.822697 43.67302905 0.22175759 43.64609281
  jla_mock 0.813696 43.69333297 0.24256727 43.61677497
  jla_mock 0.950763 44.43475007 0.26472927 44.03181349
  jla_mock 0.817732 43.99436557 0.24643394 43.62994659
  jla_mock 0.340520 41.39190791 0.12574260 41.35156774
  jla_mock 0.960751 44.18707146 0.28766046 44.05969252
  jla_mock 0.810720 43.38860003 0.27275574 43.60706270
  jla_mock 0.756687 42.96021469 0.24755189 43.42379562
  jla_mock 0.611252 42.59523963 0.18572910 42.85996836
  jla_mock 0.877971 44.09480720 0.22378685 43.81925155
  jla_mock 0.548325 42.25508511 0.14258079 42.57535592
  jla_mock 0.809032 43.83326894 0.23222084 43.60155386
  jla_mock 1.028800 44.26574182 0.28337345 44.24255906
  jla_mock 0.627239 42.74845305 0.17555461 42.92789070
  jla_mock 0.422452 42.08515568 0.15606690 41.90009559
  jla_mock 0.933900 43.91031811 0.34999950 43.98400344
  jla_mock 0.701158 43.32877064 0.22740618 43.22185379
  jla_mock 0.697164 43.38974528 0.20952266 43.20674812
  jla_mock 0.685179 43.17731750 0.27044472 43.16089914
  jla_mock 0.767075 43.75765135 0.25233801 43.45996521
  jla_mock 0.931901 43.96535315 0.25136810 43.97828133
  jla_mock 0.863978 43.93719512 0.24510246 43.77643514
  jla_mock 0.749100 43.53402603 0.22590126 43.39706674
  jla_mock 0.514353 42.29809142 0.15357466 42.40865279
  jla_mock 0.468406 42.02605487 0.11440416 42.16613949
  jla_mock 0.470398 42.41210044 0.15654577 42.17703003
  jla_mock 0.958871 43.69713847 0.27681249 44.05446029
  jla_mock 0.927909 44.13076357 0.29724149 43.96685429
  jla_mock 0.840522 43.91796167 0.21913135 43.70310328
  jla_mock 0.630699 42.94835565 0.17083127 42.94239637
  jla_mock 0.562751 42.59414653 0.14440652 42.64332481
  jla_mock 0.615698 43.01380398 0.16969222 42.87904165
  jla_mock 0.828528 43.57559553 0.22446355 43.66483979
  jla_mock 0.564741 42.77743276 0.16042692 42.65249802
  jla_mock 0.578745 42.83637005 0.14758356 42.71657591
  jla_mock 0.557743 42.63369921 0.15831963 42.61984109
  jla_mock 0.864497 43.86310202 0.22870035 43.77803148
  jla_mock 0.735608 43.36356264 0.23468503 43.34890124
  jla_mock 0.858507 43.85091316 0.28336591 43.75954157
  jla_mock 0.261984 40.74374884 0.10443414 40.69650477
  jla_mock 0.585743 43.18091547 0.18660838 42.74814872
  jla_mock 0.761580 43.55642687 0.21598834 43.44090475
  jla_mock 0.488800 42.19933641 0.11155101 42.27645931
  jla_mock 0.858516 43.49873532 0.27431051 43.75956966
  jla_mock 0.688656 43.13672649 0.18053033 43.17429244
  jla_mock 0.558743 42.63953612 0.15491557 42.62453033
  jla_mock 0.324532 41.17647738 0.12601850 41.23031081
  jla_mock 0.480704 42.16914370 0.10839252 42.23310364
  jla_mock 0.185371 40.21092833 0.13095679 39.85267084
  jla_mock 0.922221 43.42273249 0.33854809 43.95042459
  jla_mock 0.681942 42.95844341 0.19640351 43.14834773
  jla_mock 0.475707 42.29785516 0.10811298 42.20605508
  jla_mock 0.922210 43.59598203 0.27644363 43.95039265
  jla_mock 0.893183 44.14708533 0.25783329 43.86505298
  jla_mock 0.428646 41.67672973 0.14143599 41.93756341
  jla_mock 0.631882 43.36929719 0.23474045 42.94730012
  jla_mock 0.699960 42.69456095 0.25834877 43.21735709
  jla_mock 0.736007 43.33154325 0.26468680 43.35032909
  jla_mock 0.575823 42.68803984 0.15953941 42.70336060
  jla_mock 0.418633 41.97095026 0.10651651 41.87691426
  jla_mock 0.511746 42.48079762 0.12000546 42.39547784
  jla_mock 0.535771 42.39253751 0.12653138 42.51490290
  jla_mock 0.641893 43.22165247 0.21547239 42.98872907
  jla_mock 0.734996 43.23717685 0.22720400 43.34671116
  jla_mock 0.351560 41.41006302 0.13079492 41.43213142
  jla_mock 0.609860 42.74074299 0.17401244 42.85399669
  jla_mock 0.349557 41.45255326 0.13436921 41.41771171
  jla_mock 0.701969 43.46563375 0.18819535 43.22489789
  jla_mock 0.355261 41.61011960 0.10427939 41.45852641
  jla_mock 0.983280 44.62802386 0.25756994 44.12162996
  jla_mock 0.872152 43.78975900 0.26597542 43.80157672
  jla_mock 0.759030 43.54484482 0.20819082 43.43204997
  jla_mock 0.926220 43.80161865 0.24599386 43.96201956
  jla_mock 0.643642 42.83156028 0.22846121 42.99585733
  jla_mock 0.419569 41.95680896 0.13772753 41.88259578
  jla_mock 0.515587 42.32090053 0.20313602 42.41488903
  jla_mock 0.890729 43.82525938 0.21057911 43.85772092
  jla_mock 0.805696 43.70997264 0.22987004 43.59050885
  jla_mock 0.480568 42.38342145 0.10874993 42.23237487
  jla_mock 0.800697 43.72879522 0.24546005 43.57394667
  jla_mock 0.580604 42.96325497 0.18881444 42.72498360
  jla_mock 0.715652 43.27055427 0.24396561 43.27597318
  jla_mock 0.805695 43.77686403 0.23276535 43.59050554
  jla_mock 0.766684 42.96968126 0.25283777 43.45860895
  jla_mock 0.664638 43.06638878 0.19578546 43.08055024
  jla_mock 0.901736 43.71090106 0.25190507 43.89049989
  jla_mock 0.745665 43.10050882 0.21142864 43.38489089
  jla_mock 0.718680 43.19756172 0.20380008 43.28715794
  jla_mock 0.736690 43.39960983 0.19636251 43.35277325
  jla_mock 0.579600 42.85286913 0.12084594 42.72044282
  jla_mock 0.370531 41.45025742 0.10256736 41.56537377
  jla_mock 0.960740 44.14831678 0.23956115 44.05966190
  jla_mock 0.850729 44.20813390 0.21179952 43.73526472
  jla_mock 0.648640 42.69549797 0.19254569 43.01622729
  jla_mock 0.219462 40.20687139 0.13036783 40.26165884
  jla_mock 0.936755 44.32624255 0.24129989 43.99217583
  jla_mock 0.647639 43.37919892 0.17876349 43.01214759
  jla_mock 0.461564 42.00934293 0.13341110 42.12801602
  jla_mock 0.600603 42.76267933 0.17945434 42.81380214
  jla_mock 0.670654 42.79616877 0.23100742 43.10426437
  jla_mock 0.760698 43.23547963 0.20946016 43.43784537
  jla_mock 0.246492 40.49417015 0.13212126 40.54611375
  jla_mock 0.470573 42.10081463 0.14759396 42.17798678
  jla_mock 0.169455 39.67543408 0.11209573 39.63714984
  jla_mock 0.497379 42.47472764 0.12912927 42.32153052
  jla_mock 0.638234 42.59387342 0.19688575 42.97363029
  jla_mock 0.507371 42.03915640 0.14542671 42.37316793
  jla_mock 0.535327 42.43016656 0.14229510 42.51274244
  jla_mock 0.587285 42.77013010 0.16639385 42.75499974
  jla_mock 0.773081 43.66155645 0.25620999 43.48071408
  jla_mock 0.699166 42.91287397 0.22210270 43.21437680
  jla_mock 0.370511 41.48766343 0.12736057 41.56523783
  jla_mock 0.761089 43.63452950 0.22808946 43.43920163
  jla_mock 0.699169 43.18467472 0.21959570 43.21438806
  jla_mock 0.788060 43.43741235 0.19242158 43.53165972
  jla_mock 0.373513 41.67122021 0.13202741 41.58564233
  jla_mock 0.405478 41.84895068 0.13198879 41.79507834
  jla_mock 0.852994 43.97134912 0.25729076 43.74233429
  jla_mock 0.808048 43.73083846 0.24185374 43.59830126
  jla_mock 0.603272 42.75226501 0.18397635 42.82545340
  jla_mock 0.583290 42.19706280 0.17902789 42.73713156
  jla_mock 0.534335 42.39888790 0.14774220 42.50791545
  jla_mock 0.720140 43.28759952 0.24070231 43.29255086
  jla_mock 0.400485 41.54112204 0.21060605 41.76340376
  jla_mock 0.837004 43.78131975 0.21502566 43.69195956
  jla_mock 0.371508 41.70898609 0.10193219 41.57201440
  jla_mock 0.806041 43.30577787 0.25907683 43.59165187
  jla_mock 0.840005 43.68028126 0.23506835 43.70146561
  jla_mock 0.500728 42.14677335 0.12981336 42.33894272
  jla_mock 0.532765 42.66081171 0.17422186 42.50027598
  jla_mock 0.533766 42.51317768 0.18215335 42.50514675
  jla_mock 0.932229 44.09186401 0.34152943 43.97922023
  jla_mock 0.822103 43.54108575 0.25790730 43.64418307
  jla_mock 0.553797 42.72818768 0.13544877 42.60133735
  jla_mock 0.125298 38.94145075 0.13709229 38.92231622
  jla_mock 0.842123 43.51265863 0.28302626 43.70817465
  jla_mock 0.443668 41.87550916 0.15186631 42.02604866
  jla_mock 0.727675 43.70560709 0.24978201 43.32010216
  jla_mock 0.683659 42.49852606 0.41253064 43.15500537
  jla_mock 0.442548 42.05720613 0.13367762 42.01953486
  jla_mock 0.726679 43.17701900 0.20021505 43.31648122
  jla_mock 0.282510 40.98814357 0.12747632 40.88348566
  jla_mock 0.404549 41.90503719 0.12965359 41.78918496
  jla_mock 0.519611 42.71835222 0.13964385 42.43522504
  jla_mock 0.690652 43.46743862 0.23214813 43.18190663
  jla_mock 1.060801 44.81554406 0.27869308 44.32447227
  jla_mock 0.576612 42.98429289 0.15376326 42.70692901
  jla_mock 0.268489 40.77589511 0.12614174 40.75741813
  jla_mock 0.720680 42.88622115 0.25106936 43.29454550
  jla_mock 0.250498 40.68791157 0.13111277 40.58610363
  jla_mock 0.760691 43.70699545 0.27664014 43.43782109
  jla_mock 0.698167 43.09840555 0.26129048 43.21057429
  jla_mock 0.550315 42.65143985 0.16854352 42.58486067
  jla_mock 0.730128 42.87397048 0.23524622 43.32902000
  jla_mock 0.847985 43.64202621 0.24702775 43.72670010
  jla_mock 0.997826 44.49893328 0.24705649 44.16086339
  jla_mock 0.435446 42.20086408 0.13052406 41.97795969
  jla_mock 0.409470 41.75062894 0.12922369 41.82018436
  jla_mock 0.301590 41.20977969 0.12598595 41.04647939
  jla_mock 1.299106 44.42614538 0.19340708 44.86649555
  jla_mock 1.020807 44.44119923 0.23668119 44.22175183
  jla_mock 0.839734 43.77048586 0.19264717 43.70060719
  jla_mock 1.120850 44.32181576 0.20807086 44.47175959
  jla_mock 1.230892 44.29482252 0.23900250 44.72227987
  jla_mock 0.974230 44.11511147 0.18427047 44.09690728
  jla_mock 0.970782 43.61306013 0.33863365 44.08744397
  jla_mock 0.064229 37.47216271 0.15072784 37.38125426
  jla_mock 0.129030 38.98228218 0.16416611 38.99103288
  jla_mock 0.102890 38.57043291 0.14983539 38.46320916
  jla_mock 0.044130 36.61825588 0.17359564 36.53640119
  jla_mock 0.113040 38.62407274 0.15276523 38.68140463
  jla_mock 0.256110 40.62714106 0.20496122 40.64044730
  jla_mock 0.380260 41.60025521 0.28702753 41.63127303
  jla_mock 0.145470 39.42165171 0.16218924 39.27385898
  jla_mock 0.088890 38.19279858 0.14636771 38.12524312
  jla_mock 0.260590 40.51960282 0.18294429 40.68344034
  jla_mock 0.078910 38.05026928 0.15602647 37.85079369
  jla_mock 0.083040 37.94869308 0.15331705 37.96757382
  jla_mock 0.165650 39.51792995 0.13854363 39.58315350
  jla_mock 0.168170 39.81723355 0.16196037 39.61913704
  jla_mock 0.170630 39.72847869 0.16520984 39.65362070
  jla_mock 0.170280 39.49579742 0.17035518 39.64871449
  jla_mock 0.120440 38.75167252 0.15109792 38.82967597
  jla_mock 0.276530 40.99532479 0.21443501 40.83052825
  jla_mock 0.231600 40.22675297 0.18253328 40.39327881
  jla_mock 0.305690 40.77115758 0.26735001 41.08031431
  jla_mock 0.079970 37.79433419 0.16566195 37.88231469
  jla_mock 0.174150 39.93312119 0.15831009 39.70296318
  jla_mock 0.138680 39.27999568 0.16604939 39.16075605
  jla_mock 0.146070 39.18174376 0.16391832 39.28355706
  jla_mock 0.081330 38.08562033 0.14393418 37.92106160
  jla_mock 0.233800 40.44776127 0.17178002 40.41664409
  jla_mock 0.256550 40.33727182 0.17733386 40.64470129
  jla_mock 0.245620 40.84854681 0.20041043 40.53740902
  jla_mock 0.125930 38.91036449 0.19132506 38.93436823
  jla_mock 0.223510 40.25910609 0.21582750 40.30640047
  jla_mock 0.102640 38.60489645 0.14663754 38.45739969
  jla_mock 0.119670 38.78370333 0.14566661 38.81499236
  jla_mock 0.180550 39.78106553 0.16851019 39.78925613
  jla_mock 0.197090 40.05743954 0.17389574 40.00058301
  jla_mock 0.229160 40.38211454 0.19939442 40.36723751
  jla_mock 0.264510 40.70834663 0.19876199 40.72017820
  jla_mock 0.103370 38.40390486 0.12264053 38.47436335
  jla_mock 0.364410 41.53449434 0.23042794 41.52297770
  jla_mock 0.205600 40.02001636 0.15584351 40.10300055
  jla_mock 0.179810 39.63489910 0.19620482 39.77932421
  jla_mock 0.199590 40.02864076 0.18224440 40.03149756
  jla_mock 0.156530 39.47893759 0.15012954 39.44792878
  jla_mock 0.161800 39.67737483 0.14760764 39.52668171
  jla_mock 0.209530 40.40884102 0.20608020 40.14907809
  jla_mock 0.241790 40.12231391 0.19813238 40.49907425
  jla_mock 0.236460 40.34748646 0.16266354 40.44408642
  jla_mock 0.226680 40.68102154 0.21050732 40.34076930
  jla_mock 0.296780 41.23114506 0.19716042 41.00636879
  jla_mock 0.208520 40.25244472 0.16317028 40.13750389
  jla_mock 0.251040 40.51313097 0.22085837 40.59142971
  jla_mock 0.250120 40.59945589 0.17967388 40.58233025
  jla_mock 0.117710 38.64381787 0.14551100 38.77612598
  jla_mock 0.219710 40.32561537 0.16999397 40.26439993
  jla_mock 0.149010 39.41111703 0.14890457 39.33107762
  jla_mock 0.287420 41.09648765 0.18840122 40.92649529
  jla_mock 0.143600 39.21259920 0.16639625 39.24363332
  jla_mock 0.328370 41.12062261 0.19601268 41.25983598
  jla_mock 0.246250 40.73020594 0.16506508 40.54369799
  jla_mock 0.119660 38.66142022 0.15026680 38.81480166
  jla_mock 0.328380 41.20767921 0.27642285 41.25991291
  jla_mock 0.215130 39.86258248 0.18366862 40.21325182
  jla_mock 0.144780 39.16522725 0.13616902 39.26270620
  jla_mock 0.132430 39.20955808 0.12839376 39.05220730
  jla_mock 0.210820 39.89810670 0.16235031 40.16386096
  jla_mock 0.203990 40.22810253 0.15780808 40.08384780
  jla_mock 0.279520 40.73214122 0.16701092 40.85709122
  jla_mock 0.044280 36.55407552 0.15509722 36.54352732
  jla_mock 0.180370 39.83504507 0.15078404 39.78684026
  jla_mock 0.260700 40.29441278 0.18972170 40.68447125
  jla_mock 0.056540 37.01664683 0.18696980 37.09160151
  jla_mock 0.212600 40.04296795 0.19194689 40.18425904
  jla_mock 0.369410 41.61905755 0.23700047 41.55775436
  jla_mock 0.173860 39.66455450 0.13051969 39.69889803
  jla_mock 0.142650 39.19702317 0.16862649 39.22827803
  jla_mock 0.177890 39.85164471 0.17323466 39.75355491
  jla_mock 0.328370 41.16274231 0.20656404 41.25983598
  jla_mock 0.253510 40.60859262 0.19560920 40.61531008
  jla_mock 0.300010 41.10172454 0.19320267 41.03330377
  jla_mock 0.105890 38.26252809 0.14607715 38.52910106
  jla_mock 0.223280 40.43335998 0.16843887 40.30385834
  jla_mock 0.118450 38.76817866 0.12252294 38.79113535
  jla_mock 0.176530 39.77873242 0.17118858 39.73530166
  jla_mock 0.182800 39.76565780 0.18906536 39.81945453
  jla_mock 0.297620 40.87630415 0.22708191 41.01337355
  jla_mock 0.196990 39.88175293 0.16336648 39.99934643
  jla_mock 0.152950 39.42380489 0.14755004 39.39286806
  jla_mock 0.248500 40.45049659 0.17447627 40.56615860
  jla_mock 0.138180 39.03391981 0.12408786 39.15224127
  jla_mock 0.207040 40.05495542 0.17044837 40.12013097
  jla_mock 0.214680 40.20922418 0.18059604 40.20809500
  jla_mock 0.306320 41.16865777 0.21502986 41.08542547
  jla_mock 0.246950 40.42811812 0.17120148 40.55068574
  jla_mock 0.198010 39.90295888 0.14489973 40.01195956
  jla_mock 0.222560 40.57980475 0.15195110 40.29590034
  jla_mock 0.135080 38.95098613 0.15130600 39.09944962
  jla_mock 0.210540 40.44118157 0.18260591 40.16065228
  jla_mock 0.272580 40.53157508 0.16910743 40.79461419
  jla_mock 0.246600 40.60100611 0.16168519 40.54719186
  jla_mock 0.220680 40.02671790 0.19428942 40.27512112
  jla_mock 0.274470 40.77631416 0.19147108 40.81179838
  jla_mock 0.176560 39.97867820 0.15540451 39.73570430
  jla_mock 0.310880 41.17467838 0.22015615 41.12242051
  jla_mock 0.184350 39.76633425 0.17307932 39.83952780
  jla_mock 0.159350 39.63265424 0.14827050 39.49074512
  jla_mock 0.219760 40.42495390 0.16604587 40.26495257
  jla_mock 0.252050 40.57359628 0.18410044 40.60119456
  jla_mock 0.181220 39.68733951 0.14940352 39.79824854
  jla_mock 0.173730 39.79229073 0.13336424 39.69707572
  jla_mock 0.380470 41.76677570 0.24246083 41.63266739
  jla_mock 0.178650 39.53146842 0.17172186 39.76375526
  jla_mock 0.245680 40.51324266 0.18910008 40.53800797
  jla_mock 0.209100 40.12604081 0.16102286 40.14415046
  jla_mock 0.249470 40.63138370 0.20970726 40.57584163
  jla_mock 0.133920 39.02931475 0.16606211 39.07901608
  jla_mock 0.177060 39.60025816 0.16039966 39.74241506
  jla_mock 0.281110 41.00219489 0.18775324 40.87112706
  jla_mock 0.173830 39.45443625 0.15186906 39.69847750
  jla_mock 0.196540 40.09061955 0.16513423 39.99378181
  jla_mock 0.363970 41.89439418 0.22724835 41.51991492
  jla_mock 0.378350 41.96639268 0.26733097 41.61851927
  jla_mock 0.316460 41.24704466 0.21038880 41.16699585
  jla_mock 0.183220 39.75093709 0.13519430 39.82498164
  jla_mock 0.241020 40.68014692 0.16773658 40.49113042
  jla_mock 0.202030 39.79101276 0.19953174 40.06053140
  jla_mock 0.168690 39.61278714 0.16511959 39.62642627
  jla_mock 0.197940 40.13620026 0.17492454 40.01109396
  jla_mock 0.122760 38.69496544 0.14574653 38.87391751
  jla_mock 0.203180 40.44837274 0.16105255 40.07421194
  jla_mock 0.127390 38.83041747 0.14895509 38.96152523
  jla_mock 0.275490 40.91165456 0.19972760 40.82107239
  jla_mock 0.144680 39.15471868 0.14721731 39.26108985
  jla_mock 0.334360 41.65411879 0.24977783 41.30538443
  jla_mock 0.195800 39.86743399 0.15392559 39.98463111
  jla_mock 0.193920 39.93477567 0.16374737 39.96138337
  jla_mock 0.249730 40.49717948 0.18580683 40.57843707
  jla_mock 0.148600 39.49373998 0.14879989 39.32445060
  jla_mock 0.155960 39.42837107 0.14872192 39.43916213
  jla_mock 0.095820 38.25151988 0.15034816 38.29891732
  jla_mock 0.150650 39.16216302 0.15872946 39.35749386
  jla_mock 0.309330 41.43704458 0.24715745 41.10984544
  jla_mock 0.248570 40.69639825 0.17340396 40.56685738
  jla_mock 0.365540 41.40240043 0.24311996 41.53084345
  jla_mock 0.117710 38.73385319 0.12847626 38.77612598
  jla_mock 0.191760 39.83348269 0.14428474 39.93467320
  jla_mock 0.182550 39.70310627 0.16171197 39.81609915
  jla_mock 0.234720 40.63126900 0.18444964 40.42613542
  jla_mock 0.246470 40.46469156 0.19927669 40.54589414
  jla_mock 0.288450 40.61285803 0.18873457 40.93532948
  jla_mock 0.209600 40.21568733 0.19927022 40.14988026
  jla_mock 0.191980 39.94950239 0.17965405 39.93739368
  jla_mock 0.114020 38.81234298 0.12215388 38.70128192
  jla_mock 0.113890 38.92172889 0.18397194 38.69864513
  jla_mock 0.198800 39.80530527 0.20967258 40.02172856
  jla_mock 0.220580 39.95283107 0.22796022 40.27401584
  jla_mock 0.182570 40.14061271 0.16453718 39.81636758
  jla_mock 0.158950 39.55482211 0.16372575 39.48487792
  jla_mock 0.078490 37.94093100 0.14911597 37.83830424
  jla_mock 0.138640 38.89380071 0.13217046 39.16007487
  jla_mock 0.180790 39.82014698 0.15445548 39.79247729
  jla_mock 0.177570 39.62922940 0.18629282 39.74926003
  jla_mock 0.170660 39.41640680 0.16102003 39.65404123
  jla_mock 0.233810 40.17303186 0.20858516 40.41674726
  jla_mock 0.071530 37.45697587 0.17410666 37.62633113
  jla_mock 0.154630 39.42649340 0.18791656 39.41870661
  jla_mock 0.090100 38.24367435 0.15950858 38.15556956
  jla_mock 0.176580 40.03849692 0.20448697 39.73597273
  jla_mock 0.130450 39.24994173 0.16440638 39.01658220
  jla_mock 0.182040 39.50247515 0.17166998 39.80925418
  jla_mock 0.256170 40.54977159 0.17261330 40.64102739
  jla_mock 0.138110 39.10245657 0.14854031 39.15104920
  jla_mock 0.170700 40.07924504 0.16749506 39.65460194
  jla_mock 0.216740 40.25217072 0.14793120 40.23157319
  jla_mock 0.245550 40.45793862 0.17887642 40.53671024
  jla_mock 0.143820 39.26705392 0.16709807 39.24718928
  jla_mock 0.248620 40.67527683 0.18856198 40.56735650
  jla_mock 0.145330 39.44235232 0.17138622 39.27159610
  jla_mock 0.135880 39.18403702 0.12760365 39.11307327
  jla_mock 0.058740 37.10848479 0.12754402 37.18054381
  jla_mock 0.036520 36.18804988 0.15191506 36.11467233
  jla_mock 0.277490 41.08949645 0.22703402 40.83917126
  jla_mock 0.205150 40.29618006 0.29701418 40.09764730
  jla_mock 0.280510 40.88054823 0.20078942 40.86583052
  jla_mock 0.198670 39.99580926 0.16215673 40.02012100
  jla_mock 0.159990 39.80027161 0.15164286 39.50013264
  jla_mock 0.210750 40.38334835 0.18113105 40.16305879
  jla_mock 0.071950 37.74204027 0.17245857 37.64010622
  jla_mock 0.237820 40.28542019 0.19074175 40.45811709
  jla_mock 0.141390 39.33182510 0.17359013 39.20690618
  jla_mock 0.155060 39.32796286 0.15760876 39.42532005
  jla_mock 0.370130 41.41033456 0.22886799 41.56264818
  jla_mock 0.093910 38.42657226 0.17056414 38.25106025
  jla_mock 0.118630 38.70103501 0.17057943 38.79478628
  jla_mock 0.153630 39.70784829 0.15381057 39.40332652
  jla_mock 0.253560 40.71312247 0.16809525 40.61579348
  jla_mock 0.107250 38.64200609 0.14420228 38.55855910
  jla_mock 0.129610 39.07456762 0.15302154 39.00146852
  jla_mock 0.266650 40.72923230 0.19376454 40.74023408
  jla_mock 0.212260 40.20484022 0.16262819 40.18036278
  jla_mock 0.278220 40.62859794 0.18167466 40.84561538
  jla_mock 0.245400 40.56625783 0.16811689 40.53521287
  jla_mock 0.133620 38.93761693 0.15059378 39.07361834
  jla_mock 0.176560 39.56363249 0.16208219 39.73570430
  jla_mock 0.113680 38.63065135 0.14584429 38.69438572
  jla_mock 0.320380 40.86871002 0.26368273 41.19795536
  jla_mock 0.112710 38.87635268 0.12253270 38.67471126
  jla_mock 0.106020 38.38637769 0.14472955 38.53191691
  jla_mock 0.391350 41.34923450 0.26610488 41.70446868
  jla_mock 0.155750 39.29681058 0.14611530 39.43593231
  jla_mock 0.186670 39.82169372 0.16762102 39.86939250
  jla_mock 0.196710 40.00272677 0.16669908 39.99588400
  jla_mock 0.191910 39.80968868 0.17339098 39.93652807
  jla_mock 0.190840 39.77538586 0.15087610 39.92307171
  jla_mock 0.176250 39.91171684 0.15361286 39.73154363
  jla_mock 0.128370 39.14993264 0.15035584 38.97915785
  jla_mock 0.122620 38.82028888 0.14734428 38.87124776
  jla_mock 0.127150 38.99996618 0.14706216 38.95720703
  jla_mock 0.213230 39.88357863 0.17620944 40.19147859
  jla_mock 0.218610 40.53747429 0.18110338 40.25224188
  jla_mock 0.268560 40.71709025 0.19152223 40.75806368
  jla_mock 0.204660 40.31234183 0.16518790 40.09181820
  jla_mock 0.267100 40.49214756 0.17377576 40.74445143
  jla_mock 0.217570 40.35974680 0.17264916 40.24074699
  jla_mock 0.241850 40.52590761 0.17151433 40.49969325
  jla_mock 0.293500 41.02277953 0.20071643 40.97864273
  jla_mock 0.353460 41.20422742 0.23113786 41.44568194
  jla_mock 0.185630 39.80843366 0.15494760 39.85600487
  jla_mock 0.285430 41.02065375 0.19928385 40.90926217
  jla_mock 0.194940 40.06118844 0.16836015 39.97399650
  jla_mock 0.075920 37.83749173 0.14499851 37.76188071
  jla_mock 0.163570 39.83161293 0.15777754 39.55264407
  jla_mock 0.257210 40.57322253 0.20821329 40.65108228
  jla_mock 0.219550 40.57280904 0.18725136 40.26263149
  jla_mock 0.175580 39.64916796 0.15163366 39.72255122
  jla_mock 0.226670 40.27220694 0.18608202 40.34066257
  jla_mock 0.153220 39.45968462 0.15082218 39.39702068
  jla_mock 0.210250 40.16922908 0.19550076 40.15732899
  jla_mock 0.121640 38.86110793 0.12361443 38.85255952
  jla_mock 0.291350 41.26653573 0.19904915 40.96020244
  jla_mock 0.294480 40.98514083 0.27859702 40.98704807
  jla_mock 0.164550 39.67094743 0.12599124 39.56701870
  jla_mock 0.307020 40.93044529 0.20906564 41.09110453
  jla_mock 0.198630 39.77231353 0.16157737 40.01962637
  jla_mock 0.268210 40.86326782 0.21539519 40.75485425
  jla_mock 0.401280 41.71737270 0.24823001 41.76844708
  jla_mock 0.136680 38.98144317 0.15334431 39.12669692
  jla_mock 0.295420 40.98543696 0.24720467 40.99502774
  jla_mock 0.291920 41.02406638 0.19219946 40.96509126
  jla_mock 0.090070 38.13446152 0.12096556 38.15481767
  jla_mock 0.205570 40.02526666 0.18292629 40.10264367
  jla_mock 0.145820 39.16516229 0.14934529 39.27951619
  jla_mock 0.117670 38.96496197 0.14486540 38.77531466
  jla_mock 0.054990 36.92363906 0.14997934 37.02755570
  jla_mock 0.174200 39.59108626 0.15142908 39.70366406
  jla_mock 0.244950 40.43155661 0.18020903 40.53072075
  jla_mock 0.224520 40.08336780 0.18249954 40.31756378
  jla_mock 0.245580 40.53276296 0.16228277 40.53700972
  jla_mock 0.283510 41.12943436 0.21250233 40.89231323
  jla_mock 0.180560 39.63928541 0.17619167 39.78939034
  jla_mock 0.103910 38.47692879 0.12352191 38.48621362
  jla_mock 0.129610 38.80259902 0.15326847 39.00146852
  jla_mock 0.243520 40.42636180 0.16045597 40.51644578
  jla_mock 0.331360 40.92603155 0.26935111 41.28283761
  jla_mock 0.243480 40.23833148 0.19048000 40.51604648
  jla_mock 0.314680 41.25025604 0.17577640 41.15293771
  jla_mock 0.218650 40.07229090 0.18935500 40.25268399
  jla_mock 0.260140 40.93861872 0.21925656 40.67922298
  jla_mock 0.282430 40.87298741 0.19830733 40.88277946
  jla_mock 0.300410 41.13494086 0.20581539 41.03663937
  jla_mock 0.151860 39.61438684 0.14864409 39.37610376
  jla_mock 0.263570 40.26412128 0.18936772 40.71136861
  jla_mock 0.213820 40.45320241 0.20621233 40.19823975
  jla_mock 0.162840 39.52427270 0.16761662 39.54193643
  jla_mock 0.124400 39.02063030 0.17140549 38.90519170
  jla_mock 0.194650 39.79410391 0.13938689 39.97041042
  jla_mock 0.205540 40.24975395 0.18299408 40.10228679
  jla_mock 0.106670 38.70559139 0.14588621 38.54599612
  jla_mock 0.187720 39.81222697 0.18724598 39.88290884
  jla_mock 0.163870 39.45802238 0.15682059 39.55704447
  jla_mock 0.290210 41.16133067 0.19470283 40.95042479
  jla_mock 0.094010 38.17824201 0.12497638 38.25356657
  jla_mock 0.227860 40.45092825 0.18009820 40.35336304
  jla_mock 0.107510 38.36903457 0.14764565 38.56419079
  jla_mock 0.310650 40.98872998 0.22259423 41.12055454
  jla_mock 0.145640 39.24977797 0.15575872 39.27660677
  jla_mock 0.087840 38.09350276 0.12609586 38.09813443
  jla_mock 0.148390 39.35525458 0.15572534 39.32105628
  jla_mock 0.286620 41.05246942 0.19365541 40.91963379
  jla_mock 0.122810 38.87286144 0.13329108 38.87487099
  jla_mock 0.186550 39.97945764 0.20280242 39.86784777
  jla_mock 0.128930 38.86968850 0.15503539 38.98923364
  jla_mock 0.194220 39.80794452 0.16863568 39.96509311
  jla_mock 0.148000 39.45209839 0.14676099 39.31475253
  jla_mock 0.211790 40.12245348 0.22866165 40.17497677
  jla_mock 0.179620 39.85680136 0.17351314 39.77677412
  jla_mock 0.263490 40.38891447 0.18130204 40.71061886
  jla_mock 0.192150 40.16312678 0.15956887 39.93949587
  jla_mock 0.338800 41.64695829 0.22987627 41.33867240
  jla_mock 0.117410 38.55914779 0.14766783 38.77004109
  jla_mock 0.143100 39.19232172 0.16841647 39.23555159
  jla_mock 0.160350 39.38011832 0.13218212 39.50541312
  jla_mock 0.288720 40.76222193 0.21129560 40.93764524
  jla_mock 0.123030 38.91072567 0.15464992 38.87906631
  jla_mock 0.264050 40.53673996 0.18533646 40.71586713
  jla_mock 0.126080 38.75654541 0.17182656 38.93722867
  jla_mock 0.173740 39.86634167 0.14981160 39.69721590
  jla_mock 0.164400 39.67753568 0.14972618 39.56481851
  jla_mock 0.249610 40.52186340 0.16242204 40.57723917
  jla_mock 0.159990 39.61566020 0.15136580 39.50013264
  jla_mock 0.244480 40.54549483 0.15150476 40.52602897
  jla_mock 0.248510 41.08196960 0.17707716 40.56625843
  jla_mock 0.228930 40.40663296 0.16847625 40.36478279
  jla_mock 0.085280 37.98153760 0.14384543 38.02850211
  jla_mock 0.062818 37.58689239 0.14854713 37.32965972
  jla_mock 0.277450 40.62900258 0.23370164 40.83881815
  jla_mock 0.275440 41.15645052 0.21508178 40.82061778
  jla_mock 0.330510 41.57332472 0.21087893 41.27629868
  jla_mock 0.361930 41.47491623 0.24565378 41.50571480
  jla_mock 0.331030 41.01409801 0.21800830 41.28029897
  jla_mock 0.160500 39.30442514 0.12714994 39.50761332
  jla_mock 0.300210 41.01597660 0.20430208 41.03497157
  jla_mock 0.116350 38.65271156 0.12231010 38.74854117
  jla_mock 0.218290 40.53988653 0.16062208 40.24870499
  jla_mock 0.119670 38.63696305 0.12046332 38.81499236
  jla_mock 0.154730 39.59112113 0.12395445 39.42024462
  jla_mock 0.178100 39.68180952 0.16562813 39.75637343
  jla_mock 0.250370 40.37358569 0.16560962 40.58482587
  jla_mock 0.251740 40.68611030 0.14466362 40.59819743
  jla_mock 0.129530 38.77362092 0.14518911 39.00002912
  jla_mock 0.309290 41.04109630 0.18810950 41.10952092
  jla_mock 0.278520 41.00661065 0.17881943 40.84826365
  jla_mock 0.185810 39.45166035 0.13605911 39.85832196
  jla_mock 0.066510 37.56212292 0.17228058 37.46168597
  jla_mock 0.258000 41.01309987 0.18756945 40.65872012
  jla_mock 0.298880 40.93767507 0.21609463 41.02388070
  jla_mock 0.270440 40.78350763 0.22437165 40.77515695
  jla_mock 0.279160 40.96715616 0.17183675 40.85391330
  jla_mock 0.292870 41.16622246 0.21554431 40.97323930
  jla_mock 0.189650 39.67382230 0.15711153 39.90775318
  jla_mock 0.265760 40.60323693 0.19291042 40.73189308
  jla_mock 0.123760 38.60293144 0.14509081 38.89298713
  jla_mock 0.182550 39.74717821 0.14971699 39.81609915
  jla_mock 0.056340 37.21957940 0.14895035 37.08333754
  jla_mock 0.312880 41.09014176 0.18264477 41.13864641
  jla_mock 0.309150 40.68454061 0.22328713 41.10838511
  jla_mock 0.200610 40.09485409 0.15587566 40.04363891
  jla_mock 0.326400 41.32721555 0.20549386 41.24468106
  jla_mock 0.211630 40.03159458 0.13899445 40.17314324
  jla_mock 0.179690 39.75957605 0.15636245 39.77771363
  jla_mock 0.302400 40.94574822 0.19662226 41.05323399
  jla_mock 0.109240 39.06114607 0.14870399 38.60166315
  jla_mock 0.085220 38.14557177 0.15002378 38.02687010
  jla_mock 0.202310 39.94642764 0.16131988 40.06386231
  jla_mock 0.126490 38.91581745 0.15584855 38.94504722
  jla_mock 0.214570 40.09955519 0.16812914 40.20683444
  jla_mock 0.320450 40.89976150 0.19168742 41.19850820
  jla_mock 0.218350 39.91559729 0.17273249 40.24936815
  jla_mock 0.190100 39.87173217 0.15982384 39.91354590
  jla_mock 0.092430 38.25531486 0.15614025 38.21396675
  jla_mock 0.379860 42.00002303 0.18489314 41.62861712
  jla_mock 0.211340 39.94067970 0.16607978 40.16981995
  jla_mock 0.258330 40.81985114 0.18011571 40.66191062
  jla_mock 0.183270 39.88714264 0.16855779 39.82562527
  jla_mock 0.212950 40.42829541 0.17784935 40.18826990
  jla_mock 0.116510 38.85453915 0.15544019 38.75178644
  jla_mock 0.144010 39.16121709 0.17185674 39.25026033
  jla_mock 0.252490 40.33866814 0.18599877 40.60544855
  jla_mock 0.255390 40.48634290 0.21319916 40.63348622
  jla_mock 0.216980 40.19206227 0.18860575 40.23422585
  jla_mock 1.265901 44.98467117 0.22380442 44.79726150
  jla_mock 0.935774 43.87965828 0.22958872 43.98936774
  jla_mock 0.049519 36.86764089 0.20228994 36.79241934
  jla_mock 0.030325 35.44848882 0.18207848 35.69463564
  jla_mock 0.074579 37.41309806 0.21872943 37.72200368
  jla_mock 0.025198 35.24913418 0.22034080 35.27019548
  jla_mock 0.014411 34.22391558 0.20528439 34.03100129
  jla_mock 0.020792 34.64279301 0.19750056 34.84402582
  jla_mock 0.035218 36.19232199 0.20378488 36.02701442
  jla_mock 0.041657 36.40482928 0.21523275 36.40181746
  jla_mock 0.042400 36.01896573 0.20618664 36.44334925
  jla_mock 0.018902 34.47000065 0.18361956 34.61733569
  jla_mock 0.078840 37.74151342 0.21534076 37.84871212
  jla_mock 0.063345 37.28627853 0.20758765 37.34892997
  jla_mock 0.027637 35.48503148 0.23141589 35.48155629
  jla_mock 0.049325 36.52862071 0.21068097 36.78320287
  jla_mock 0.070153 37.55617832 0.22041411 37.58116850
  jla_mock 0.023909 34.97883203 0.18367797 35.15849228
  jla_mock 0.053126 37.35435696 0.22335947 36.95053545
  jla_mock 0.024951 35.20048514 0.18978288 35.24879075
  jla_mock 0.015664 34.32284201 0.20165316 34.22896394
  jla_mock 0.048984 37.08247605 0.15985830 36.76700280
  jla_mock 0.022399 35.14013661 0.18927946 35.02763749
  jla_mock 0.034854 36.10535719 0.23666209 36.00228810
  jla_mock 0.016966 34.30476495 0.20291443 34.38512824
  jla_mock 0.030721 35.72356194 0.18171781 35.72153570
  jla_mock 0.030482 35.66982339 0.18203752 35.70530056
  jla_mock 0.010550 33.29831079 0.21945028 33.27241718
  jla_mock 0.014256 34.25653662 0.17170736 34.00054790
  jla_mock 0.027688 35.48805565 0.18124529 35.48597589
  jla_mock 0.053860 37.03918450 0.15903793 36.98086424
  jla_mock 0.017672 34.61736813 0.19251135 34.46980720
  jla_mock 0.017450 34.52562121 0.17037052 34.44318011
  jla_mock 0.015573 33.87995016 0.20219934 34.21804923
  jla_mock 0.010060 33.69043783 0.23112569 33.17614517
  jla_mock 0.054931 37.35758759 0.18431298 37.02511783
  jla_mock 0.039083 36.45180531 0.16317419 36.25793746
  jla_mock 0.078317 38.06326268 0.18391968 37.83315978
  jla_mock 0.031764 35.73563192 0.15356487 35.79238611
  jla_mock 0.014440 33.74290323 0.22581465 34.03669902
  jla_mock 0.013533 34.08172043 0.22079334 33.85849757
  jla_mock 0.026677 35.77903476 0.19349962 35.39836385
  jla_mock 0.023360 35.39196705 0.17880596 35.11091660
  jla_mock 0.036934 36.03382988 0.19001518 36.13781387
  jla_mock 0.023552 35.02066752 0.17819828 35.12755509
  jla_mock 0.017483 34.76378982 0.19211831 34.44713819
  jla_mock 0.040259 36.41339180 0.17447686 36.32367284
  jla_mock 0.030381 35.40749680 0.20408145 35.69843968
  jla_mock 0.015504 33.91882960 0.20027602 34.20977324
  jla_mock 0.014151 33.98052494 0.18788306 33.97991818
  jla_mock 0.015487 34.27071948 0.18431337 34.20773422
  jla_mock 0.015554 34.16797192 0.19852180 34.21577033
  jla_mock 0.037075 36.05093786 0.15485493 36.14569541
  jla_mock 0.015482 34.15420041 0.20249750 34.20713452
  jla_mock 0.013324 33.78420274 0.18643777 33.81743462
  jla_mock 0.014575 33.94672155 0.20791179 34.06322294
  jla_mock 0.015791 34.18725884 0.19846605 34.24419655
  jla_mock 0.024746 35.32453054 0.17954713 35.23102570
  jla_mock 0.027748 35.35900209 0.17503344 35.49117542
  jla_mock 0.010888 33.55821780 0.25477943 33.33882522
  jla_mock 0.013652 34.11902545 0.18670962 33.88187792
  jla_mock 0.035755 36.26936557 0.16295663 36.06349253
  jla_mock 0.024725 35.29315915 0.17710562 35.22920587
  jla_mock 0.038086 36.22356809 0.17051564 36.20220772
  jla_mock 0.021541 35.03246831 0.17711857 34.93386228
  jla_mock 0.019581 34.66342052 0.17898631 34.69877622
  jla_mock 0.030416 35.86454437 0.17571774 35.70081721
  jla_mock 0.039219 36.20896966 0.17021381 36.26553951
  jla_mock 0.034971 35.94750901 0.15987848 36.01023585
  jla_mock 0.028561 35.70744663 0.17650121 35.56162903
  jla_mock 0.020997 34.88198919 0.18822756 34.86861390
  jla_mock 0.032538 35.74853376 0.18232286 35.84496350
  jla_mock 0.015469 34.43669212 0.19318910 34.20557527
  jla_mock 0.015678 34.52755700 0.20747940 34.23064312
  jla_mock 0.027499 35.25952788 0.15598630 35.46959738
  jla_mock 0.046856 36.73781505 0.17134850 36.66590675
  jla_mock 0.033173 35.68483752 0.18295753 35.88809870
  jla_mock 0.010291 33.40748086 0.23549671 33.22153055
  jla_mock 0.080103 37.90539651 0.17116407 37.88626968
  jla_mock 0.012317 33.57225277 0.20020781 33.61958582
  jla_mock 0.024586 35.37407941 0.20631378 35.21716029
  jla_mock 0.014467 34.20046283 0.20827809 34.04200380
  jla_mock 0.015154 33.98744805 0.18399751 34.16779358
  jla_mock 0.029086 35.71638672 0.17337203 35.60712490
  jla_mock 0.034781 35.88621560 0.17928903 35.99732925
  jla_mock 0.044920 36.60395362 0.14070569 36.57393215
  jla_mock 0.034074 35.85599701 0.16958177 35.94930313
  jla_mock 0.074870 37.62743730 0.14386215 37.73065708
  jla_mock 0.014960 34.28968570 0.19782876 34.13886523
  jla_mock 0.020396 34.69233278 0.17103812 34.79652884
  jla_mock 0.040689 36.34037493 0.17468105 36.34770874
  jla_mock 0.026567 35.51916876 0.18033141 35.38883138
  jla_mock 0.026881 35.34523807 0.15330990 35.41604224
  jla_mock 0.023471 35.22857470 0.17597781 35.12053573
  jla_mock 0.069122 37.69584849 0.19117659 37.54735393
  jla_mock 0.065193 37.24505790 0.15879632 37.41650383
  jla_mock 0.022980 34.99662632 0.17790505 35.07798626
  jla_mock 0.017387 34.32675291 0.19829162 34.43562377
  jla_mock 0.031485 35.82981703 0.15108749 35.77343379
  jla_mock 0.011184 33.66588189 0.19447979 33.39698137
  jla_mock 0.021956 34.96916959 0.17567209 34.98363815
  jla_mock 0.031484 35.92331106 0.15080691 35.77336586
  jla_mock 0.023321 35.39936628 0.20285194 35.10753691
  jla_mock 0.020390 34.97033332 0.18300723 34.79580919
  jla_mock 0.022466 35.20975348 0.18140785 35.03344363
  jla_mock 0.033614 35.77498399 0.18044129 35.91805559
  jla_mock 0.036969 36.41051904 0.17916902 36.13977028
  jla_mock 0.022629 34.79926656 0.18007478 35.04756902
  jla_mock 0.014700 33.58076754 0.18462322 34.08778212
  jla_mock 0.036950 36.34760109 0.14876338 36.13870823
  jla_mock 0.060959 37.20853900 0.12531329 37.26168363
  jla_mock 0.059289 37.09915161 0.12135718 37.20061851
  jla_mock 0.069751 37.77742597 0.15873536 37.56798377
  jla_mock 0.029526 35.35601502 0.17470465 35.64036001
  jla_mock 0.033255 35.72303751 0.17565362 35.89366892
  jla_mock 0.024159 35.35308183 0.18124182 35.18015698
  jla_mock 0.015999 34.18004057 0.19155982 34.26914446
  jla_mock 0.062961 37.29940329 0.16530929 37.33488865
  jla_mock 0.021706 35.00236974 0.19186355 34.95365268
  jla_mock 0.031638 36.24892752 0.18943844 35.78382700
  jla_mock 0.018599 34.68262996 0.17304818 34.58099331
  jla_mock 0.027064 35.52342988 0.17332763 35.43190080
  jla_mock 0.025468 35.31458903 0.18469991 35.29359335
  jla_mock 0.023810 35.12285686 0.19336693 35.14991306
  jla_mock 0.023867 35.20089948 0.18298494 35.15485261
  jla_mock 0.022068 35.03435183 0.16678206 34.99707164
