  jla_mock 0.503084 42.42518473 0.14571158 42.35108100
  jla_mock 0.580724 42.66202359 0.16122778 42.72552632
  jla_mock 0.494795 42.42709626 0.12070859 42.30795504
  jla_mock 0.345928 41.44597037 0.13253081 41.39118194
  jla_mock 0.677662 43.07720277 0.22871689 43.13175210
  jla_mock 0.610712 42.82388625 0.22548733 42.85765176
  jla_mock 0.866494 44.05582738 0.25803499 43.78417385
  jla_mock 0.330932 41.25333294 0.12801230 41.27954507
  jla_mock 0.798566 43.60999539 0.25919990 43.56688646
  jla_mock 0.449562 42.26996070 0.16139765 42.06009851
  jla_mock 0.371443 41.52438932 0.14921889 41.57157260
  jla_mock 0.291718 40.94683219 0.14231442 40.96335873
  jla_mock 0.355820 41.55589557 0.14101044 41.46251312
  jla_mock 0.461274 42.22309052 0.15587207 42.12639800
  jla_mock 0.283610 40.92806937 0.13055630 40.89319599
  jla_mock 0.632234 42.83861893 0.22182909 42.94875922
  jla_mock 0.466414 41.85544687 0.17243727 42.15507604
  jla_mock 0.268624 40.80476037 0.12820280 40.75864558
  jla_mock 0.946890 44.53135275 0.29224985 44.02088236
  jla_mock 0.924917 44.05012953 0.31213110 43.95825216
  jla_mock 0.693165 42.75571600 0.29243158 43.19149304
  jla_mock 0.625233 43.12216962 0.19088816 42.91943219
  jla_mock 0.896944 44.08480687 0.26745476 43.87629010
  jla_mock 0.608261 42.95308309 0.15987482 42.84713700
  jla_mock 0.789054 43.52528737 0.26932700 43.53500333
  jla_mock 0.578292 42.76376309 0.14637659 42.71452713
  jla_mock 0.590280 42.78492579 0.18966931 42.76830634
  jla_mock 0.719626 43.69193853 0.25305179 43.29065226
  jla_mock 0.210032 40.10279773 0.13132256 40.15483080
  jla_mock 0.766590 43.17840951 0.22576765 43.45828289
  jla_mock 0.858513 44.00282717 0.22289539 43.75956030
  jla_mock 0.367904 41.43062395 0.09931133 41.54729890
  jla_mock 0.558746 42.66856305 0.15678156 42.62454440
  jla_mock 0.848509 43.93167586 0.21739327 43.72833562
  jla_mock 0.996390 44.16743605 0.24266005 44.15702957
  jla_mock 0.776594 43.49320579 0.26449227 43.49271322
  jla_mock 0.582932 42.71254406 0.13306958 42.73551243
  jla_mock 0.583743 42.93572431 0.16752875 42.73918034
  jla_mock 0.796552 43.81400751 0.22887969 43.56021387
  jla_mock 0.588721 42.88833948 0.15579306 42.76137980
  jla_mock 0.913473 43.57986237 0.24294053 43.92502563
  jla_mock 0.768587 43.90780712 0.23905376 43.46520986
  jla_mock 0.948455 43.59047109 0.26528102 44.02529941
  jla_mock 0.513793 42.61780227 0.15287930 42.40582273
  jla_mock 0.733609 43.41307958 0.19294483 43.34167511
  jla_mock 0.637701 43.38401181 0.27010736 42.97142091
  jla_mock 0.765588 43.53552561 0.21113574 43.45480726
  jla_mock 0.434861 42.00164087 0.15772880 41.97448442
  jla_mock 0.983407 44.38146898 0.25879722 44.12197372
  jla_mock 0.583743 42.81948052 0.16232669 42.73918034
  jla_mock 0.700631 43.32741013 0.21687358 43.21987569
  jla_mock 0.662058 43.63154211 0.21294856 43.07025770
  jla_mock 0.838126 43.46831260 0.28077453 43.69551364
  jla_mock 0.621874 43.02236908 0.17546981 42.90526861
  jla_mock 0.370586 41.66767546 0.14291643 41.56574760
  jla_mock 0.416632 41.61883131 0.13815441 41.86461950
  jla_mock 0.358570 41.40785245 0.10704088 41.48212572
  jla_mock 0.451681 42.15640285 0.15278703 42.07216742
  jla_mock 0.522762 42.35063441 0.16112888 42.45088093
  jla_mock 0.733996 43.10643023 0.30408870 43.34308204
  jla_mock 0.701965 42.98660987 0.31176741 43.22488288
  jla_mock 0.742008 43.41129863 0.29013165 43.37180407
  jla_mock 0.746118 43.32444095 0.21822021 43.38651198
  jla_mock 0.349560 41.53374233 0.13472825 41.41773364
  jla_mock 0.591835 43.07866317 0.15357327 42.77521512
  jla_mock 0.514746 42.44959801 0.15561143 42.41063888
  jla_mock 0.620632 43.06942061 0.18447364 42.90003158
  jla_mock 0.643646 43.07147017 0.24392132 42.99587363
  jla_mock 1.002795 44.70054937 0.33216844 44.17412957
  jla_mock 0.470586 42.43871719 0.14420733 42.17805785
  jla_mock 0.610643 42.53720111 0.15877872 42.85735575
  jla_mock 0.263487 40.78427705 0.12804977 40.71059074
  jla_mock 0.358336 41.52091619 0.12918713 41.48045687
  jla_mock 0.742697 43.66179229 0.25908753 43.37426971
  jla_mock 0.451556 42.35119860 0.11538935 42.07145547
  jla_mock 0.910752 43.61769899 0.26164869 43.91705349
  jla_mock 0.552605 42.42948938 0.15821060 42.59574777
  jla_mock 0.337534 41.43794985 0.12813367 41.32918083
  jla_mock 0.750681 43.68492576 0.24281434 43.40263657
  jla_mock 0.983777 44.05367444 0.34665096 44.12297525
  jla_mock 0.822697 43.48088069 0.22175759 43.64609281
  jla_mock 0.813696 43.15885068 0.24256727 43.61677497
  jla_mock 0.950763 43.95975720 0.26472927 44.03181349
  jla_mock 0.817732 43.34233501 0.24643394 43.62994659
  jla_mock 0.340520 41.39123079 0.12574260 41.35156774
  jla_mock 0.960751 44.15056275 0.28766046 44.05969252
  jla_mock 0.810720 43.90087934 0.27275574 43.60706270
  jla_mock 0.756687 43.60743875 0.24755189 43.42379562
  jla_mock 0.611252 42.91559235 0.18572910 42.85996836
  jla_mock 0.877971 43.99683573 0.22378685 43.81925155
  jla_mock 0.548325 42.42368528 0.14258079 42.57535592
  jla_mock 0.809032 43.53171607 0.23222084 43.60155386
  jla_mock 1.028800 44.32748071 0.28337345 44.24255906
  jla_mock 0.627239 42.93838199 0.17555461 42.92789070
  jla_mock 0.422452 41.79533915 0.15606690 41.90009559
  jla_mock 0.933900 44.23382193 0.34999950 43.98400344
  jla_mock 0.701158 43.23999019 0.22740618 43.22185379
  jla_mock 0.697164 43.20062397 0.20952266 43.20674812
  jla_mock 0.685179 43.71511397 0.27044472 43.16089914
  jla_mock 0.767075 42.89457701 0.25233801 43.45996521
  jla_mock 0.931901 44.28072652 0.25136810 43.97828133
  jla_mock 0.863978 44.12302705 0.24510246 43.77643514
  jla_mock 0.749100 43.61638809 0.22590126 43.39706674
  jla_mock 0.514353 42.42639256 0.15357466 42.40865279
  jla_mock 0.468406 42.02898918 0.11440416 42.16613949
  jla_mock 0.470398 42.39006009 0.15654577 42.17703003
  jla_mock 0.958871 44.02550157 0.27681249 44.05446029
  jla_mock 0.927909 43.47862384 0.29724149 43.96685429
  jla_mock 0.840522 43.69053177 0.21913135 43.70310328
  jla_mock 0.630699 42.96390837 0.17083127 42.94239637
  jla_mock 0.562751 42.39024015 0.14440652 42.64332481
  jla_mock 0.615698 42.75576375 0.16969222 42.87904165
  jla_mock 0.828528 43.89269963 0.22446355 43.66483979
  jla_mock 0.564741 42.65758614 0.16042692 42.65249802
  jla_mock 0.578745 42.50417718 0.14758356 42.71657591
  jla_mock 0.557743 42.75555138 0.15831963 42.61984109
  jla_mock 0.864497 43.57235684 0.22870035 43.77803148
  jla_mock 0.735608 43.29779768 0.23468503 43.34890124
  jla_mock 0.858507 43.68392926 0.28336591 43.75954157
  jla_mock 0.261984 40.59749484 0.10443414 40.69650477
  jla_mock 0.585743 42.82145530 0.18660838 42.74814872
  jla_mock 0.761580 43.59281497 0.21598834 43.44090475
  jla_mock 0.488800 42.33336805 0.11155101 42.27645931
  jla_mock 0.858516 43.31728999 0.27431051 43.75956966
  jla_mock 0.688656 43.14278956 0.18053033 43.17429244
  jla_mock 0.558743 42.54844600 0.15491557 42.62453033
  jla_mock 0.324532 41.19505755 0.12601850 41.23031081
  jla_mock 0.480704 42.14850039 0.10839252 42.23310364
  jla_mock 0.185371 39.77758301 0.13095679 39.85267084
  jla_mock 0.922221 43.64618111 0.33854809 43.95042459
  jla_mock 0.681942 43.41192257 0.19640351 43.14834773
  jla_mock 0.475707 42.38070215 0.10811298 42.20605508
  jla_mock 0.922210 43.99253600 0.27644363 43.95039265
  jla_mock 0.893183 43.88027743 0.25783329 43.86505298
  jla_mock 0.428646 41.86769561 0.14143599 41.93756341
  jla_mock 0.631882 42.68511401 0.23474045 42.94730012
  jla_mock 0.699960 43.78100713 0.25834877 43.21735709
  jla_mock 0.736007 43.19129066 0.26468680 43.35032909
  jla_mock 0.575823 42.91251859 0.15953941 42.70336060
  jla_mock 0.418633 42.02935447 0.10651651 41.87691426
  jla_mock 0.511746 42.35947958 0.12000546 42.39547784
  jla_mock 0.535771 42.90745706 0.12653138 42.51490290
  jla_mock 0.641893 42.96446039 0.21547239 42.98872907
  jla_mock 0.734996 43.33623486 0.22720400 43.34671116
  jla_mock 0.351560 41.44664547 0.13079492 41.43213142
  jla_mock 0.609860 43.13321688 0.17401244 42.85399669
  jla_mock 0.349557 41.64305798 0.13436921 41.41771171
  jla_mock 0.701969 43.17744491 0.18819535 43.22489789
  jla_mock 0.355261 41.37231201 0.10427939 41.45852641
  jla_mock 0.983280 44.28939353 0.25756994 44.12162996
  jla_mock 0.872152 43.38582784 0.26597542 43.80157672
  jla_mock 0.759030 43.40544908 0.20819082 43.43204997
  jla_mock 0.926220 43.68835406 0.24599386 43.96201956
  jla_mock 0.643642 43.38765104 0.22846121 42.99585733
  jla_mock 0.419569 41.71461637 0.13772753 41.88259578
  jla_mock 0.515587 42.70381727 0.20313602 42.41488903
  jla_mock 0.890729 43.75893751 0.21057911 43.85772092
  jla_mock 0.805696 43.79940380 0.22987004 43.59050885
  jla_mock 0.480568 42.33550715 0.10874993 42.23237487
  jla_mock 0.800697 43.55266912 0.24546005 43.57394667
  jla_mock 0.580604 42.98686476 0.18881444 42.72498360
  jla_mock 0.715652 42.82310594 0.24396561 43.27597318
  jla_mock 0.805695 43.49489151 0.23276535 43.59050554
  jla_mock 0.766684 43.75539903 0.25283777 43.45860895
  jla_mock 0.664638 43.27527074 0.19578546 43.08055024
  jla_mock 0.901736 43.96022377 0.25190507 43.89049989
  jla_mock 0.745665 43.54914439 0.21142864 43.38489089
  jla_mock 0.718680 43.16817789 0.20380008 43.28715794
  jla_mock 0.736690 43.47853386 0.19636251 43.35277325
  jla_mock 0.579600 42.86378204 0.12084594 42.72044282
  jla_mock 0.370531 41.54626359 0.10256736 41.56537377
  jla_mock 0.960740 44.07396477 0.23956115 44.05966190
  jla_mock 0.850729 43.79394869 0.21179952 43.73526472
  jla_mock 0.648640 43.10986540 0.19254569 43.01622729
  jla_mock 0.219462 40.37996065 0.13036783 40.26165884
  jla_mock 0.936755 43.68360947 0.24129989 43.99217583
  jla_mock 0.647639 43.01364547 0.17876349 43.01214759
  jla_mock 0.461564 41.86687792 0.13341110 42.12801602
  jla_mock 0.600603 42.98900571 0.17945434 42.81380214
  jla_mock 0.670654 43.08628421 0.23100742 43.10426437
  jla_mock 0.760698 43.66929062 0.20946016 43.43784537
  jla_mock 0.246492 40.82280848 0.13212126 40.54611375
  jla_mock 0.470573 42.27144238 0.14759396 42.17798678
  jla_mock 0.169455 39.84512962 0.11209573 39.63714984
  jla_mock 0.497379 42.24494340 0.12912927 42.32153052
  jla_mock 0.638234 43.02745545 0.19688575 42.97363029
  jla_mock 0.507371 42.38844053 0.14542671 42.37316793
  jla_mock 0.535327 42.61269985 0.14229510 42.51274244
  jla_mock 0.587285 42.65732416 0.16639385 42.75499974
  jla_mock 0.773081 43.86880490 0.25620999 43.48071408
  jla_mock 0.699166 43.33168637 0.22210270 43.21437680
  jla_mock 0.370511 41.50022042 0.12736057 41.56523783
  jla_mock 0.761089 43.65959354 0.22808946 43.43920163
  jla_mock 0.699169 42.99784309 0.21959570 43.21438806
  jla_mock 0.788060 43.35531516 0.19242158 43.53165972
  jla_mock 0.373513 41.43099334 0.13202741 41.58564233
  jla_mock 0.405478 42.02077654 0.13198879 41.79507834
  jla_mock 0.852994 43.33231159 0.25729076 43.74233429
  jla_mock 0.808048 43.25476351 0.24185374 43.59830126
  jla_mock 0.603272 42.85722628 0.18397635 42.82545340
  jla_mock 0.583290 42.90414804 0.17902789 42.73713156
  jla_mock 0.534335 42.43720640 0.14774220 42.50791545
  jla_mock 0.720140 42.99502725 0.24070231 43.29255086
  jla_mock 0.400485 41.59822231 0.21060605 41.76340376
  jla_mock 0.837004 43.88910606 0.21502566 43.69195956
  jla_mock 0.371508 41.50202673 0.10193219 41.57201440
  jla_mock 0.806041 43.81029961 0.25907683 43.59165187
  jla_mock 0.840005 43.57564303 0.23506835 43.70146561
  jla_mock 0.500728 42.27982110 0.12981336 42.33894272
  jla_mock 0.532765 42.83217741 0.17422186 42.50027598
  jla_mock 0.533766 42.28205494 0.18215335 42.50514675
  jla_mock 0.932229 43.97116553 0.34152943 43.97922023
  jla_mock 0.822103 43.70103035 0.25790730 43.64418307
  jla_mock 0.553797 42.61821794 0.13544877 42.60133735
  jla_mock 0.125298 38.76438242 0.13709229 38.92231622
  jla_mock 0.842123 43.83066595 0.28302626 43.70817465
  jla_mock 0.443668 41.99891277 0.15186631 42.02604866
  jla_mock 0.727675 43.25337032 0.24978201 43.32010216
  jla_mock 0.683659 43.01188392 0.41253064 43.15500537
  jla_mock 0.442548 41.95131173 0.13367762 42.01953486
  jla_mock 0.726679 43.38278395 0.20021505 43.31648122
  jla_mock 0.282510 40.93930003 0.12747632 40.88348566
  jla_mock 0.404549 41.89284576 0.12965359 41.78918496
  jla_mock 0.519611 42.27884278 0.13964385 42.43522504
  jla_mock 0.690652 43.54501705 0.23214813 43.18190663
  jla_mock 1.060801 44.33140177 0.27869308 44.32447227
  jla_mock 0.576612 42.78650457 0.15376326 42.70692901
  jla_mock 0.268489 40.72887977 0.12614174 40.75741813
  jla_mock 0.720680 43.29139441 0.25106936 43.29454550
  jla_mock 0.250498 40.53875818 0.13111277 40.58610363
  jla_mock 0.760691 43.94545860 0.27664014 43.43782109
  jla_mock 0.698167 43.07275968 0.26129048 43.21057429
  jla_mock 0.550315 42.52162422 0.16854352 42.58486067
  jla_mock 0.730128 43.65735879 0.23524622 43.32902000
  jla_mock 0.847985 43.66439937 0.24702775 43.72670010
  jla_mock 0.997826 44.19753739 0.24705649 44.16086339
  jla_mock 0.435446 42.08589907 0.13052406 41.97795969
  jla_mock 0.409470 41.78985494 0.12922369 41.82018436
  jla_mock 0.301590 41.14977470 0.12598595 41.04647939
  jla_mock 1.299106 44.95501919 0.19340708 44.86649555
  jla_mock 1.020807 44.23290290 0.23668119 44.22175183
  jla_mock 0.839734 43.76612022 0.19264717 43.70060719
  jla_mock 1.120850 44.45729467 0.20807086 44.47175959
  jla_mock 1.230892 44.74446667 0.23900250 44.72227987
  jla_mock 0.974230 44.02809064 0.18427047 44.09690728
  jla_mock 0.970782 44.27484087 0.33863365 44.08744397
  jla_mock 0.064229 37.42477940 0.15072784 37.38125426
  jla_mock 0.129030 38.69083761 0.16416611 38.99103288
  jla_mock 0.102890 38.64182188 0.14983539 38.46320916
  jla_mock 0.044130 36.33023805 0.17359564 36.53640119
  jla_mock 0.113040 38.59921842 0.15276523 38.68140463
  jla_mock 0.256110 40.91975273 0.20496122 40.64044730
  jla_mock 0.380260 41.75851029 0.28702753 41.63127303
  jla_mock 0.145470 39.16239398 0.16218924 39.27385898
  jla_mock 0.088890 37.93391994 0.14636771 38.12524312
  jla_mock 0.260590 40.99279871 0.18294429 40.68344034
  jla_mock 0.078910 37.88722375 0.15602647 37.85079369
  jla_mock 0.083040 38.08151178 0.15331705 37.96757382
  jla_mock 0.165650 39.50888138 0.13854363 39.58315350
  jla_mock 0.168170 39.47955951 0.16196037 39.61913704
  jla_mock 0.170630 39.53674829 0.16520984 39.65362070
  jla_mock 0.170280 39.65857803 0.17035518 39.64871449
  jla_mock 0.120440 39.04241415 0.15109792 38.82967597
  jla_mock 0.276530 40.73707985 0.21443501 40.83052825
  jla_mock 0.231600 40.47446180 0.18253328 40.39327881
  jla_mock 0.305690 40.90481928 0.26735001 41.08031431
  jla_mock 0.079970 37.93050933 0.16566195 37.88231469
  jla_mock 0.174150 39.50980613 0.15831009 39.70296318
  jla_mock 0.138680 39.21264305 0.16604939 39.16075605
  jla_mock 0.146070 39.31906045 0.16391832 39.28355706
  jla_mock 0.081330 38.06094218 0.14393418 37.92106160
  jla_mock 0.233800 40.62944047 0.17178002 40.41664409
  jla_mock 0.256550 40.49485915 0.17733386 40.64470129
  jla_mock 0.245620 40.80676279 0.20041043 40.53740902
  jla_mock 0.125930 38.97826498 0.19132506 38.93436823
  jla_mock 0.223510 40.28268605 0.21582750 40.30640047
  jla_mock 0.102640 38.35778420 0.14663754 38.45739969
  jla_mock 0.119670 38.73241740 0.14566661 38.81499236
  jla_mock 0.180550 39.92268834 0.16851019 39.78925613
  jla_mock 0.197090 39.81721454 0.17389574 40.00058301
  jla_mock 0.229160 40.42836210 0.19939442 40.36723751
  jla_mock 0.264510 40.79157132 0.19876199 40.72017820
  jla_mock 0.103370 38.42504593 0.12264053 38.47436335
  jla_mock 0.364410 41.36251368 0.23042794 41.52297770
  jla_mock 0.205600 40.21963301 0.15584351 40.10300055
  jla_mock 0.179810 39.77663568 0.19620482 39.77932421
  jla_mock 0.199590 39.59044106 0.18224440 40.03149756
  jla_mock 0.156530 39.41675802 0.15012954 39.44792878
  jla_mock 0.161800 39.42753227 0.14760764 39.52668171
  jla_mock 0.209530 40.21706558 0.20608020 40.14907809
  jla_mock 0.241790 40.55066713 0.19813238 40.49907425
  jla_mock 0.236460 40.53859942 0.16266354 40.44408642
  jla_mock 0.226680 40.63118224 0.21050732 40.34076930
  jla_mock 0.296780 41.13889642 0.19716042 41.00636879
  jla_mock 0.208520 40.00530261 0.16317028 40.13750389
  jla_mock 0.251040 40.51694242 0.22085837 40.59142971
  jla_mock 0.250120 40.53134974 0.17967388 40.58233025
  jla_mock 0.117710 38.68715107 0.14551100 38.77612598
  jla_mock 0.219710 40.39865180 0.16999397 40.26439993
  jla_mock 0.149010 39.30379385 0.14890457 39.33107762
  jla_mock 0.287420 40.78957254 0.18840122 40.92649529
  jla_mock 0.143600 39.10756441 0.16639625 39.24363332
  jla_mock 0.328370 40.92071056 0.19601268 41.25983598
  jla_mock 0.246250 40.19864094 0.16506508 40.54369799
  jla_mock 0.119660 38.73153703 0.15026680 38.81480166
  jla_mock 0.328380 41.00083097 0.27642285 41.25991291
  jla_mock 0.215130 40.12082812 0.18366862 40.21325182
  jla_mock 0.144780 39.36630242 0.13616902 39.26270620
  jla_mock 0.132430 38.99241054 0.12839376 39.05220730
  jla_mock 0.210820 40.24206043 0.16235031 40.16386096
  jla_mock 0.203990 40.08923444 0.15780808 40.08384780
  jla_mock 0.279520 40.72563594 0.16701092 40.85709122
  jla_mock 0.044280 36.41294286 0.15509722 36.54352732
  jla_mock 0.180370 39.62989238 0.15078404 39.78684026
  jla_mock 0.260700 40.72438642 0.18972170 40.68447125
  jla_mock 0.056540 37.15487877 0.18696980 37.09160151
  jla_mock 0.212600 40.40858955 0.19194689 40.18425904
  jla_mock 0.369410 41.65390729 0.23700047 41.55775436
  jla_mock 0.173860 39.61770975 0.13051969 39.69889803
  jla_mock 0.142650 39.52682418 0.16862649 39.22827803
  jla_mock 0.177890 39.78365631 0.17323466 39.75355491
  jla_mock 0.328370 41.36804084 0.20656404 41.25983598
  jla_mock 0.253510 40.80521369 0.19560920 40.61531008
  jla_mock 0.300010 40.73990003 0.19320267 41.03330377
  jla_mock 0.105890 38.59170801 0.14607715 38.52910106
  jla_mock 0.223280 40.58140644 0.16843887 40.30385834
  jla_mock 0.118450 38.62922341 0.12252294 38.79113535
  jla_mock 0.176530 39.47169746 0.17118858 39.73530166
  jla_mock 0.182800 39.72237094 0.18906536 39.81945453
  jla_mock 0.297620 40.88151364 0.22708191 41.01337355
  jla_mock 0.196990 39.94082614 0.16336648 39.99934643
  jla_mock 0.152950 39.14269373 0.14755004 39.39286806
  jla_mock 0.248500 40.71913855 0.17447627 40.56615860
  jla_mock 0.138180 39.25997518 0.12408786 39.15224127
  jla_mock 0.207040 39.93856973 0.17044837 40.12013097
  jla_mock 0.214680 40.41631346 0.18059604 40.20809500
  jla_mock 0.306320 41.35891036 0.21502986 41.08542547
  jla_mock 0.246950 40.54994296 0.17120148 40.55068574
  jla_mock 0.198010 40.15151335 0.14489973 40.01195956
  jla_mock 0.222560 40.55421224 0.15195110 40.29590034
  jla_mock 0.135080 39.19136242 0.15130600 39.09944962
  jla_mock 0.210540 39.98257473 0.18260591 40.16065228
  jla_mock 0.272580 40.78382823 0.16910743 40.79461419
  jla_mock 0.246600 40.60096312 0.16168519 40.54719186
  jla_mock 0.220680 40.29945553 0.19428942 40.27512112
  jla_mock 0.274470 40.86256299 0.19147108 40.81179838
  jla_mock 0.176560 39.66366746 0.15540451 39.73570430
  jla_mock 0.310880 41.09263979 0.22015615 41.12242051
  jla_mock 0.184350 39.95637966 0.17307932 39.83952780
  jla_mock 0.159350 39.52994647 0.14827050 39.49074512
  jla_mock 0.219760 40.13380752 0.16604587 40.26495257
  jla_mock 0.252050 40.43615844 0.18410044 40.60119456
  jla_mock 0.181220 39.51200911 0.14940352 39.79824854
  jla_mock 0.173730 39.74943721 0.13336424 39.69707572
  jla_mock 0.380470 41.55000181 0.24246083 41.63266739
  jla_mock 0.178650 39.59422842 0.17172186 39.76375526
  jla_mock 0.245680 40.43100289 0.18910008 40.53800797
  jla_mock 0.209100 40.23240832 0.16102286 40.14415046
  jla_mock 0.249470 40.36705579 0.20970726 40.57584163
  jla_mock 0.133920 39.17788493 0.16606211 39.07901608
  jla_mock 0.177060 39.55468005 0.16039966 39.74241506
  jla_mock 0.281110 40.84224726 0.18775324 40.87112706
  jla_mock 0.173830 39.73311464 0.15186906 39.69847750
  jla_mock 0.196540 40.07069368 0.16513423 39.99378181
  jla_mock 0.363970 41.98407543 0.22724835 41.51991492
  jla_mock 0.378350 41.46042661 0.26733097 41.61851927
  jla_mock 0.316460 41.44728869 0.21038880 41.16699585
  jla_mock 0.183220 39.49552935 0.13519430 39.82498164
  jla_mock 0.241020 40.37898669 0.16773658 40.49113042
  jla_mock 0.202030 40.08111579 0.19953174 40.06053140
  jla_mock 0.168690 39.44814695 0.16511959 39.62642627
  jla_mock 0.197940 39.76364606 0.17492454 40.01109396
  jla_mock 0.122760 38.88148485 0.14574653 38.87391751
  jla_mock 0.203180 40.36382741 0.16105255 40.07421194
  jla_mock 0.127390 38.91857509 0.14895509 38.96152523
  jla_mock 0.275490 40.83805804 0.19972760 40.82107239
  jla_mock 0.144680 39.36564558 0.14721731 39.26108985
  jla_mock 0.334360 40.99192076 0.24977783 41.30538443
  jla_mock 0.195800 40.02868158 0.15392559 39.98463111
  jla_mock 0.193920 39.92507413 0.16374737 39.96138337
  jla_mock 0.249730 40.68991114 0.18580683 40.57843707
  jla_mock 0.148600 39.34277420 0.14879989 39.32445060
  jla_mock 0.155960 39.60763810 0.14872192 39.43916213
  jla_mock 0.095820 38.46057533 0.15034816 38.29891732
  jla_mock 0.150650 39.36637135 0.15872946 39.35749386
  jla_mock 0.309330 41.43140560 0.24715745 41.10984544
  jla_mock 0.248570 40.91504428 0.17340396 40.56685738
  jla_mock 0.365540 41.18515062 0.24311996 41.53084345
  jla_mock 0.117710 38.82368040 0.12847626 38.77612598
  jla_mock 0.191760 39.80345104 0.14428474 39.93467320
  jla_mock 0.182550 39.83181103 0.16171197 39.81609915
  jla_mock 0.234720 40.36681848 0.18444964 40.42613542
  jla_mock 0.246470 40.77656890 0.19927669 40.54589414
  jla_mock 0.288450 40.62496169 0.18873457 40.93532948
  jla_mock 0.209600 40.46183947 0.19927022 40.14988026
  jla_mock 0.191980 40.11013856 0.17965405 39.93739368
  jla_mock 0.114020 38.58545867 0.12215388 38.70128192
  jla_mock 0.113890 38.34772583 0.18397194 38.69864513
  jla_mock 0.198800 40.14518080 0.20967258 40.02172856
  jla_mock 0.220580 40.49054851 0.22796022 40.27401584
  jla_mock 0.182570 39.70215839 0.16453718 39.81636758
  jla_mock 0.158950 39.57720604 0.16372575 39.48487792
  jla_mock 0.078490 37.91175099 0.14911597 37.83830424
  jla_mock 0.138640 38.94754036 0.13217046 39.16007487
  jla_mock 0.180790 39.64308818 0.15445548 39.79247729
  jla_mock 0.177570 39.40872624 0.18629282 39.74926003
  jla_mock 0.170660 39.74567014 0.16102003 39.65404123
  jla_mock 0.233810 40.32169454 0.20858516 40.41674726
  jla_mock 0.071530 37.58362540 0.17410666 37.62633113
  jla_mock 0.154630 39.60897187 0.18791656 39.41870661
  jla_mock 0.090100 38.03682803 0.15950858 38.15556956
  jla_mock 0.176580 39.67352988 0.20448697 39.73597273
  jla_mock 0.130450 38.85754460 0.16440638 39.01658220
  jla_mock 0.182040 39.86812711 0.17166998 39.80925418
  jla_mock 0.256170 40.48057123 0.17261330 40.64102739
  jla_mock 0.138110 39.18405329 0.14854031 39.15104920
  jla_mock 0.170700 39.73355790 0.16749506 39.65460194
  jla_mock 0.216740 40.09750583 0.14793120 40.23157319
  jla_mock 0.245550 40.40227041 0.17887642 40.53671024
  jla_mock 0.143820 39.33599488 0.16709807 39.24718928
  jla_mock 0.248620 40.45437537 0.18856198 40.56735650
  jla_mock 0.145330 39.35496816 0.17138622 39.27159610
  jla_mock 0.135880 39.29934510 0.12760365 39.11307327
  jla_mock 0.058740 37.26051060 0.12754402 37.18054381
  jla_mock 0.036520 36.00393240 0.15191506 36.11467233
  jla_mock 0.277490 40.43827188 0.22703402 40.83917126
  jla_mock 0.205150 40.33151573 0.29701418 40.09764730
  jla_mock 0.280510 41.02671030 0.20078942 40.86583052
  jla_mock 0.198670 40.07116142 0.16215673 40.02012100
  jla_mock 0.159990 39.26127382 0.15164286 39.50013264
  jla_mock 0.210750 40.07399242 0.18113105 40.16305879
  jla_mock 0.071950 37.46103952 0.17245857 37.64010622
  jla_mock 0.237820 40.35090963 0.19074175 40.45811709
  jla_mock 0.141390 39.28791486 0.17359013 39.20690618
  jla_mock 0.155060 39.39383902 0.15760876 39.42532005
  jla_mock 0.370130 41.61157287 0.22886799 41.56264818
  jla_mock 0.093910 38.17861146 0.17056414 38.25106025
  jla_mock 0.118630 38.90221753 0.17057943 38.79478628
  jla_mock 0.153630 39.17610848 0.15381057 39.40332652
  jla_mock 0.253560 40.27930537 0.16809525 40.61579348
  jla_mock 0.107250 38.67379702 0.14420228 38.55855910
  jla_mock 0.129610 38.73593433 0.15302154 39.00146852
  jla_mock 0.266650 41.04882565 0.19376454 40.74023408
  jla_mock 0.212260 40.45564298 0.16262819 40.18036278
  jla_mock 0.278220 40.33925405 0.18167466 40.84561538
  jla_mock 0.245400 40.73733143 0.16811689 40.53521287
  jla_mock 0.133620 38.88881020 0.15059378 39.07361834
  jla_mock 0.176560 40.06909974 0.16208219 39.73570430
  jla_mock 0.113680 38.78710651 0.14584429 38.69438572
  jla_mock 0.320380 41.28795435 0.26368273 41.19795536
  jla_mock 0.112710 38.73853024 0.12253270 38.67471126
  jla_mock 0.106020 38.32178726 0.14472955 38.53191691
  jla_mock 0.391350 41.49988683 0.26610488 41.70446868
  jla_mock 0.155750 39.60063381 0.14611530 39.43593231
  jla_mock 0.186670 39.91734960 0.16762102 39.86939250
  jla_mock 0.196710 39.65457923 0.16669908 39.99588400
  jla_mock 0.191910 39.88270204 0.17339098 39.93652807
  jla_mock 0.190840 39.60148455 0.15087610 39.92307171
  jla_mock 0.176250 39.51119422 0.15361286 39.73154363
  jla_mock 0.128370 39.01357677 0.15035584 38.97915785
  jla_mock 0.122620 38.94842981 0.14734428 38.87124776
  jla_mock 0.127150 38.72747101 0.14706216 38.95720703
  jla_mock 0.213230 40.43350253 0.17620944 40.19147859
  jla_mock 0.218610 39.99144538 0.18110338 40.25224188
  jla_mock 0.268560 40.52758948 0.19152223 40.75806368
  jla_mock 0.204660 40.02360715 0.16518790 40.09181820
  jla_mock 0.267100 41.20245306 0.17377576 40.74445143
  jla_mock 0.217570 40.10298282 0.17264916 40.24074699
  jla_mock 0.241850 40.64669999 0.17151433 40.49969325
  jla_mock 0.293500 41.19613602 0.20071643 40.97864273
  jla_mock 0.353460 41.27602195 0.23113786 41.44568194
  jla_mock 0.185630 39.53703620 0.15494760 39.85600487
  jla_mock 0.285430 41.00411759 0.19928385 40.90926217
  jla_mock 0.194940 39.92134234 0.16836015 39.97399650
  jla_mock 0.075920 38.00770356 0.14499851 37.76188071
  jla_mock 0.163570 39.64741422 0.15777754 39.55264407
  jla_mock 0.257210 40.57889342 0.20821329 40.65108228
  jla_mock 0.219550 40.29662625 0.18725136 40.26263149
  jla_mock 0.175580 39.86003660 0.15163366 39.72255122
  jla_mock 0.226670 40.03257561 0.18608202 40.34066257
  jla_mock 0.153220 39.19303549 0.15082218 39.39702068
  jla_mock 0.210250 40.04479618 0.19550076 40.15732899
  jla_mock 0.121640 38.87787111 0.12361443 38.85255952
  jla_mock 0.291350 40.76274332 0.19904915 40.96020244
  jla_mock 0.294480 40.58561745 0.27859702 40.98704807
  jla_mock 0.164550 39.44259482 0.12599124 39.56701870
  jla_mock 0.307020 40.94077890 0.20906564 41.09110453
  jla_mock 0.198630 39.81181592 0.16157737 40.01962637
  jla_mock 0.268210 41.06752155 0.21539519 40.75485425
  jla_mock 0.401280 41.78505993 0.24823001 41.76844708
  jla_mock 0.136680 38.88092907 0.15334431 39.12669692
  jla_mock 0.295420 41.29289918 0.24720467 40.99502774
  jla_mock 0.291920 40.83326060 0.19219946 40.96509126
  jla_mock 0.090070 38.17684679 0.12096556 38.15481767
  jla_mock 0.205570 40.02153466 0.18292629 40.10264367
  jla_mock 0.145820 39.34638736 0.14934529 39.27951619
  jla_mock 0.117670 38.65041639 0.14486540 38.77531466
  jla_mock 0.054990 37.15212265 0.14997934 37.02755570
  jla_mock 0.174200 39.87287402 0.15142908 39.70366406
  jla_mock 0.244950 40.28628532 0.18020903 40.53072075
  jla_mock 0.224520 40.04684141 0.18249954 40.31756378
  jla_mock 0.245580 40.40148329 0.16228277 40.53700972
  jla_mock 0.283510 40.86863021 0.21250233 40.89231323
  jla_mock 0.180560 39.65102740 0.17619167 39.78939034
  jla_mock 0.103910 38.39565660 0.12352191 38.48621362
  jla_mock 0.129610 39.23462422 0.15326847 39.00146852
  jla_mock 0.243520 40.44912422 0.16045597 40.51644578
  jla_mock 0.331360 41.38556802 0.26935111 41.28283761
  jla_mock 0.243480 40.34096637 0.19048000 40.51604648
  jla_mock 0.314680 41.04916507 0.17577640 41.15293771
  jla_mock 0.218650 40.41121028 0.18935500 40.25268399
  jla_mock 0.260140 40.76979135 0.21925656 40.67922298
  jla_mock 0.282430 40.90221741 0.19830733 40.88277946
  jla_mock 0.300410 41.34078473 0.20581539 41.03663937
  jla_mock 0.151860 39.35019603 0.14864409 39.37610376
  jla_mock 0.263570 40.81092257 0.18936772 40.71136861
  jla_mock 0.213820 40.22498794 0.20621233 40.19823975
  jla_mock 0.162840 39.53088908 0.16761662 39.54193643
  jla_mock 0.124400 38.82036224 0.17140549 38.90519170
  jla_mock 0.194650 39.95056736 0.13938689 39.97041042
  jla_mock 0.205540 40.26890352 0.18299408 40.10228679
  jla_mock 0.106670 38.62478067 0.14588621 38.54599612
  jla_mock 0.187720 39.89585452 0.18724598 39.88290884
  jla_mock 0.163870 39.53824246 0.15682059 39.55704447
  jla_mock 0.290210 40.63236534 0.19470283 40.95042479
  jla_mock 0.094010 38.26326319 0.12497638 38.25356657
  jla_mock 0.227860 40.40342429 0.18009820 40.35336304
  jla_mock 0.107510 38.55994847 0.14764565 38.56419079
  jla_mock 0.310650 41.42640714 0.22259423 41.12055454
  jla_mock 0.145640 39.27342404 0.15575872 39.27660677
  jla_mock 0.087840 38.11251844 0.12609586 38.09813443
  jla_mock 0.148390 39.44941260 0.15572534 39.32105628
  jla_mock 0.286620 41.07419582 0.19365541 40.91963379
  jla_mock 0.122810 38.98800197 0.13329108 38.87487099
  jla_mock 0.186550 39.59468731 0.20280242 39.86784777
  jla_mock 0.128930 38.95161294 0.15503539 38.98923364
  jla_mock 0.194220 40.12408984 0.16863568 39.96509311
  jla_mock 0.148000 39.23888342 0.14676099 39.31475253
  jla_mock 0.211790 40.08903446 0.22866165 40.17497677
  jla_mock 0.179620 39.51903979 0.17351314 39.77677412
  jla_mock 0.263490 40.51636510 0.18130204 40.71061886
  jla_mock 0.192150 39.97128430 0.15956887 39.93949587
  jla_mock 0.338800 41.07277487 0.22987627 41.33867240
  jla_mock 0.117410 38.78031790 0.14766783 38.77004109
  jla_mock 0.143100 39.08923973 0.16841647 39.23555159
  jla_mock 0.160350 39.44761086 0.13218212 39.50541312
  jla_mock 0.288720 41.07142467 0.21129560 40.93764524
  jla_mock 0.123030 39.22818804 0.15464992 38.87906631
  jla_mock 0.264050 40.89868008 0.18533646 40.71586713
  jla_mock 0.126080 39.05494831 0.17182656 38.93722867
  jla_mock 0.173740 39.69974218 0.14981160 39.69721590
  jla_mock 0.164400 39.76939951 0.14972618 39.56481851
  jla_mock 0.249610 40.61270920 0.16242204 40.57723917
  jla_mock 0.159990 39.36409082 0.15136580 39.50013264
  jla_mock 0.244480 40.47188030 0.15150476 40.52602897
  jla_mock 0.248510 40.38704307 0.17707716 40.56625843
  jla_mock 0.228930 40.39701678 0.16847625 40.36478279
  jla_mock 0.085280 38.08090499 0.14384543 38.02850211
  jla_mock 0.062818 37.39198096 0.14854713 37.32965972
  jla_mock 0.277450 40.98870155 0.23370164 40.83881815
  jla_mock 0.275440 41.20219038 0.21508178 40.82061778
  jla_mock 0.330510 41.80742017 0.21087893 41.27629868
  jla_mock 0.361930 41.56977882 0.24565378 41.50571480
  jla_mock 0.331030 41.07912207 0.21800830 41.28029897
  jla_mock 0.160500 39.48617843 0.12714994 39.50761332
  jla_mock 0.300210 41.33464054 0.20430208 41.03497157
  jla_mock 0.116350 38.86944447 0.12231010 38.74854117
  jla_mock 0.218290 40.32209109 0.16062208 40.24870499
  jla_mock 0.119670 38.98550163 0.12046332 38.81499236
  jla_mock 0.154730 39.31696247 0.12395445 39.42024462
  jla_mock 0.178100 39.87243924 0.16562813 39.75637343
  jla_mock 0.250370 40.57036363 0.16560962 40.58482587
  jla_mock 0.251740 40.61964380 0.14466362 40.59819743
  jla_mock 0.129530 39.23999200 0.14518911 39.00002912
  jla_mock 0.309290 40.84315316 0.18810950 41.10952092
  jla_mock 0.278520 40.60729361 0.17881943 40.84826365
  jla_mock 0.185810 40.07047156 0.13605911 39.85832196
  jla_mock 0.066510 37.50108323 0.17228058 37.46168597
  jla_mock 0.258000 40.66460734 0.18756945 40.65872012
  jla_mock 0.298880 40.93469435 0.21609463 41.02388070
  jla_mock 0.270440 40.49322831 0.22437165 40.77515695
  jla_mock 0.279160 40.90510395 0.17183675 40.85391330
  jla_mock 0.292870 41.00423432 0.21554431 40.97323930
  jla_mock 0.189650 39.88952546 0.15711153 39.90775318
  jla_mock 0.265760 41.17815007 0.19291042 40.73189308
  jla_mock 0.123760 39.10731351 0.14509081 38.89298713
  jla_mock 0.182550 39.90575910 0.14971699 39.81609915
  jla_mock 0.056340 37.23763797 0.14895035 37.08333754
  jla_mock 0.312880 41.11610293 0.18264477 41.13864641
  jla_mock 0.309150 41.27469238 0.22328713 41.10838511
  jla_mock 0.200610 40.20501943 0.15587566 40.04363891
  jla_mock 0.326400 41.17553430 0.20549386 41.24468106
  jla_mock 0.211630 40.28116038 0.13899445 40.17314324
  jla_mock 0.179690 39.62266427 0.15636245 39.77771363
  jla_mock 0.302400 40.67940947 0.19662226 41.05323399
  jla_mock 0.109240 38.82418923 0.14870399 38.60166315
  jla_mock 0.085220 37.78309795 0.15002378 38.02687010
  jla_mock 0.202310 39.95302461 0.16131988 40.06386231
  jla_mock 0.126490 39.14702648 0.15584855 38.94504722
  jla_mock 0.214570 40.00903282 0.16812914 40.20683444
  jla_mock 0.320450 41.62606520 0.19168742 41.19850820
  jla_mock 0.218350 40.29497904 0.17273249 40.24936815
  jla_mock 0.190100 39.92808069 0.15982384 39.91354590
  jla_mock 0.092430 38.40003017 0.15614025 38.21396675
  jla_mock 0.379860 41.36715899 0.18489314 41.62861712
  jla_mock 0.211340 39.98980337 0.16607978 40.16981995
  jla_mock 0.258330 40.61175982 0.18011571 40.66191062
  jla_mock 0.183270 39.90423161 0.16855779 39.82562527
  jla_mock 0.212950 40.23367843 0.17784935 40.18826990
  jla_mock 0.116510 38.49346459 0.15544019 38.75178644
  jla_mock 0.144010 39.13540664 0.17185674 39.25026033
  jla_mock 0.252490 40.97562313 0.18599877 40.60544855
  jla_mock 0.255390 40.57902239 0.21319916 40.63348622
  jla_mock 0.216980 40.28413119 0.18860575 40.23422585
  jla_mock 1.265901 44.77716593 0.22380442 44.79726150
  jla_mock 0.935774 43.84756715 0.22958872 43.98936774
  jla_mock 0.049519 36.86961828 0.20228994 36.79241934
  jla_mock 0.030325 35.81541570 0.18207848 35.69463564
  jla_mock 0.074579 38.08355545 0.21872943 37.72200368
  jla_mock 0.025198 35.33719315 0.22034080 35.27019548
  jla_mock 0.014411 33.99436082 0.20528439 34.03100129
  jla_mock 0.020792 34.45929740 0.19750056 34.84402582
  jla_mock 0.035218 35.92893034 0.20378488 36.02701442
  jla_mock 0.041657 36.49804158 0.21523275 36.40181746
  jla_mock 0.042400 36.60717610 0.20618664 36.44334925
  jla_mock 0.018902 34.62660415 0.18361956 34.61733569
  jla_mock 0.078840 37.85127713 0.21534076 37.84871212
  jla_mock 0.063345 37.13854284 0.20758765 37.34892997
  jla_mock 0.027637 35.29519957 0.23141589 35.48155629
  jla_mock 0.049325 37.12222830 0.21068097 36.78320287
  jla_mock 0.070153 37.77679136 0.22041411 37.58116850
  jla_mock 0.023909 35.17459958 0.18367797 35.15849228
  jla_mock 0.053126 36.98056150 0.22335947 36.95053545
  jla_mock 0.024951 35.28093066 0.18978288 35.24879075
  jla_mock 0.015664 34.09765445 0.20165316 34.22896394
  jla_mock 0.048984 36.62559831 0.15985830 36.76700280
  jla_mock 0.022399 35.21781382 0.18927946 35.02763749
  jla_mock 0.034854 36.30153657 0.23666209 36.00228810
  jla_mock 0.016966 34.53136261 0.20291443 34.38512824
  jla_mock 0.030721 35.87246327 0.18171781 35.72153570
  jla_mock 0.030482 35.62100693 0.18203752 35.70530056
  jla_mock 0.010550 33.80109004 0.21945028 33.27241718
  jla_mock 0.014256 33.93578287 0.17170736 34.00054790
  jla_mock 0.027688 35.35179772 0.18124529 35.48597589
  jla_mock 0.053860 37.36812115 0.15903793 36.98086424
  jla_mock 0.017672 34.38418417 0.19251135 34.46980720
  jla_mock 0.017450 34.59184798 0.17037052 34.44318011
  jla_mock 0.015573 34.08548600 0.20219934 34.21804923
  jla_mock 0.010060 33.40980136 0.23112569 33.17614517
  jla_mock 0.054931 36.99850910 0.18431298 37.02511783
  jla_mock 0.039083 35.98744330 0.16317419 36.25793746
  jla_mock 0.078317 37.54052974 0.18391968 37.83315978
  jla_mock 0.031764 35.70290983 0.15356487 35.79238611
  jla_mock 0.014440 34.08781683 0.22581465 34.03669902
  jla_mock 0.013533 33.72097678 0.22079334 33.85849757
  jla_mock 0.026677 35.10077787 0.19349962 35.39836385
  jla_mock 0.023360 34.92566669 0.17880596 35.11091660
  jla_mock 0.036934 36.01544506 0.19001518 36.13781387
  jla_mock 0.023552 35.14770652 0.17819828 35.12755509
  jla_mock 0.017483 34.20913854 0.19211831 34.44713819
  jla_mock 0.040259 36.45537399 0.17447686 36.32367284
  jla_mock 0.030381 35.87491897 0.20408145 35.69843968
  jla_mock 0.015504 33.94703148 0.20027602 34.20977324
  jla_mock 0.014151 33.74616016 0.18788306 33.97991818
  jla_mock 0.015487 34.19998627 0.18431337 34.20773422
  jla_mock 0.015554 34.00081431 0.19852180 34.21577033
  jla_mock 0.037075 36.36512321 0.15485493 36.14569541
  jla_mock 0.015482 34.41000220 0.20249750 34.20713452
  jla_mock 0.013324 33.75733025 0.18643777 33.81743462
  jla_mock 0.014575 33.93417926 0.20791179 34.06322294
  jla_mock 0.015791 34.40415872 0.19846605 34.24419655
  jla_mock 0.024746 34.98381439 0.17954713 35.23102570
  jla_mock 0.027748 35.55247922 0.17503344 35.49117542
  jla_mock 0.010888 33.54674466 0.25477943 33.33882522
  jla_mock 0.013652 33.74283503 0.18670962 33.88187792
  jla_mock 0.035755 36.12746399 0.16295663 36.06349253
  jla_mock 0.024725 35.17615616 0.17710562 35.22920587
  jla_mock 0.038086 36.48839515 0.17051564 36.20220772
  jla_mock 0.021541 34.95759082 0.17711857 34.93386228
  jla_mock 0.019581 34.61879651 0.17898631 34.69877622
  jla_mock 0.030416 35.37989517 0.17571774 35.70081721
  jla_mock 0.039219 36.09100665 0.17021381 36.26553951
  jla_mock 0.034971 36.07323225 0.15987848 36.01023585
  jla_mock 0.028561 35.26548801 0.17650121 35.56162903
  jla_mock 0.020997 34.91242709 0.18822756 34.86861390
  jla_mock 0.032538 35.51859579 0.18232286 35.84496350
  jla_mock 0.015469 34.14346288 0.19318910 34.20557527
  jla_mock 0.015678 34.15163792 0.20747940 34.23064312
  jla_mock 0.027499 35.45388363 0.15598630 35.46959738
  jla_mock 0.046856 36.95715073 0.17134850 36.66590675
  jla_mock 0.033173 35.84097319 0.18295753 35.88809870
  jla_mock 0.010291 33.48246304 0.23549671 33.22153055
  jla_mock 0.080103 37.72741420 0.17116407 37.88626968
  jla_mock 0.012317 33.57653052 0.20020781 33.61958582
  jla_mock 0.024586 35.25640801 0.20631378 35.21716029
  jla_mock 0.014467 33.74713863 0.20827809 34.04200380
  jla_mock 0.015154 34.36977683 0.18399751 34.16779358
  jla_mock 0.029086 35.53718816 0.17337203 35.60712490
  jla_mock 0.034781 35.95729825 0.17928903 35.99732925
  jla_mock 0.044920 36.75682333 0.14070569 36.57393215
  jla_mock 0.034074 36.22765063 0.16958177 35.94930313
  jla_mock 0.074870 37.83554966 0.14386215 37.73065708
  jla_mock 0.014960 34.05252301 0.19782876 34.13886523
  jla_mock 0.020396 35.00613402 0.17103812 34.79652884
  jla_mock 0.040689 36.39192435 0.17468105 36.34770874
  jla_mock 0.026567 35.37680037 0.18033141 35.38883138
  jla_mock 0.026881 35.10132577 0.15330990 35.41604224
  jla_mock 0.023471 34.88446083 0.17597781 35.12053573
  jla_mock 0.069122 37.36623705 0.19117659 37.54735393
  jla_mock 0.065193 37.43217538 0.15879632 37.41650383
  jla_mock 0.022980 35.22877958 0.17790505 35.07798626
  jla_mock 0.017387 34.38051558 0.19829162 34.43562377
  jla_mock 0.031485 35.93095438 0.15108749 35.77343379
  jla_mock 0.011184 33.20151884 0.19447979 33.39698137
  jla_mock 0.021956 35.07784703 0.17567209 34.98363815
  jla_mock 0.031484 35.81664230 0.15080691 35.77336586
  jla_mock 0.023321 35.08772143 0.20285194 35.10753691
  jla_mock 0.020390 34.62956630 0.18300723 34.79580919
  jla_mock 0.022466 35.06618214 0.18140785 35.03344363
  jla_mock 0.033614 35.81851474 0.18044129 35.91805559
  jla_mock 0.036969 36.23224416 0.17916902 36.13977028
  jla_mock 0.022629 35.27115311 0.18007478 35.04756902
  jla_mock 0.014700 34.62752895 0.18462322 34.08778212
  jla_mock 0.036950 35.87190033 0.14876338 36.13870823
  jla_mock 0.060959 37.29719243 0.12531329 37.26168363
  jla_mock 0.059289 37.25423531 0.12135718 37.20061851
  jla_mock 0.069751 37.74657341 0.15873536 37.56798377
  jla_mock 0.029526 35.56169324 0.17470465 35.64036001
  jla_mock 0.033255 36.03911458 0.17565362 35.89366892
  jla_mock 0.024159 35.19976762 0.18124182 35.18015698
  jla_mock 0.015999 34.13914204 0.19155982 34.26914446
  jla_mock 0.062961 37.24315730 0.16530929 37.33488865
  jla_mock 0.021706 34.93195927 0.19186355 34.95365268
  jla_mock 0.031638 35.82772157 0.18943844 35.78382700
  jla_mock 0.018599 34.88910498 0.17304818 34.58099331
  jla_mock 0.027064 35.51421447 0.17332763 35.43190080
  jla_mock 0.025468 35.65854219 0.18469991 35.29359335
  jla_mock 0.023810 35.12056720 0.19336693 35.14991306
  jla_mock 0.023867 35.06861227 0.18298494 35.15485261
  jla_mock 0.022068 35.01278139 0.16678206 34.99707164
