  jla_mock 0.503084 42.23977748 0.14571158 42.35108100
  jla_mock 0.580724 42.76247084 0.16122778 42.72552632
  jla_mock 0.494795 42.47807307 0.12070859 42.30795504
  jla_mock 0.345928 41.34164535 0.13253081 41.39118194
  jla_mock 0.677662 43.08357126 0.22871689 43.13175210
  jla_mock 0.610712 42.42762071 0.22548733 42.85765176
  jla_mock 0.866494 43.72090482 0.25803499 43.78417385
  jla_mock 0.330932 41.32191147 0.12801230 41.27954507
  jla_mock 0.798566 43.55104400 0.25919990 43.56688646
  jla_mock 0.449562 42.08683554 0.16139765 42.06009851
  jla_mock 0.371443 41.60761895 0.14921889 41.57157260
  jla_mock 0.291718 40.84827627 0.14231442 40.96335873
  jla_mock 0.355820 41.59025725 0.14101044 41.46251312
  jla_mock 0.461274 42.18347210 0.15587207 42.12639800
  jla_mock 0.283610 40.92962632 0.13055630 40.89319599
  jla_mock 0.632234 42.53452520 0.22182909 42.94875922
  jla_mock 0.466414 42.46206177 0.17243727 42.15507604
  jla_mock 0.268624 40.82176773 0.12820280 40.75864558
  jla_mock 0.946890 43.61243359 0.29224985 44.02088236
  jla_mock 0.924917 44.25604928 0.31213110 43.95825216
  jla_mock 0.693165 43.07008855 0.29243158 43.19149304
  jla_mock 0.625233 42.90421543 0.19088816 42.91943219
  jla_mock 0.896944 43.92682442 0.26745476 43.87629010
  jla_mock 0.608261 43.15691778 0.15987482 42.84713700
  jla_mock 0.789054 43.74011644 0.26932700 43.53500333
  jla_mock 0.578292 42.86951134 0.14637659 42.71452713
  jla_mock 0.590280 42.93596089 0.18966931 42.76830634
  jla_mock 0.719626 42.81215197 0.25305179 43.29065226
  jla_mock 0.210032 40.21961425 0.13132256 40.15483080
  jla_mock 0.766590 43.42791694 0.22576765 43.45828289
  jla_mock 0.858513 43.59221805 0.22289539 43.75956030
  jla_mock 0.367904 41.43917155 0.09931133 41.54729890
  jla_mock 0.558746 42.27648268 0.15678156 42.62454440
  jla_mock 0.848509 44.24382018 0.21739327 43.72833562
  jla_mock 0.996390 43.45828378 0.24266005 44.15702957
  jla_mock 0.776594 43.23932854 0.26449227 43.49271322
  jla_mock 0.582932 42.84239036 0.13306958 42.73551243
  jla_mock 0.583743 42.87098111 0.16752875 42.73918034
  jla_mock 0.796552 43.42784986 0.22887969 43.56021387
  jla_mock 0.588721 42.67232592 0.15579306 42.76137980
  jla_mock 0.913473 44.12772754 0.24294053 43.92502563
  jla_mock 0.768587 43.07956884 0.23905376 43.46520986
  jla_mock 0.948455 43.62124970 0.26528102 44.02529941
  jla_mock 0.513793 42.51075624 0.15287930 42.40582273
  jla_mock 0.733609 43.25501208 0.19294483 43.34167511
  jla_mock 0.637701 42.91070145 0.27010736 42.97142091
  jla_mock 0.765588 43.38705809 0.21113574 43.45480726
  jla_mock 0.434861 42.07210078 0.15772880 41.97448442
  jla_mock 0.983407 43.73448479 0.25879722 44.12197372
  jla_mock 0.583743 42.51508818 0.16232669 42.73918034
  jla_mock 0.700631 43.74531885 0.21687358 43.21987569
  jla_mock 0.662058 43.06635276 0.21294856 43.07025770
  jla_mock 0.838126 43.55161372 0.28077453 43.69551364
  jla_mock 0.621874 43.05624344 0.17546981 42.90526861
  jla_mock 0.370586 41.69842463 0.14291643 41.56574760
  jla_mock 0.416632 41.69655059 0.13815441 41.86461950
  jla_mock 0.358570 41.70669563 0.10704088 41.48212572
  jla_mock 0.451681 41.96796754 0.15278703 42.07216742
  jla_mock 0.522762 42.44140126 0.16112888 42.45088093
  jla_mock 0.733996 43.81867503 0.30408870 43.34308204
  jla_mock 0.701965 43.17720511 0.31176741 43.22488288
  jla_mock 0.742008 43.69686841 0.29013165 43.37180407
  jla_mock 0.746118 43.45324034 0.21822021 43.38651198
  jla_mock 0.349560 41.36177769 0.13472825 41.41773364
  jla_mock 0.591835 42.86601177 0.15357327 42.77521512
  jla_mock 0.514746 42.29948444 0.15561143 42.41063888
  jla_mock 0.620632 43.15168169 0.18447364 42.90003158
  jla_mock 0.643646 43.13607543 0.24392132 42.99587363
  jla_mock 1.002795 44.66472342 0.33216844 44.17412957
  jla_mock 0.470586 42.25629716 0.14420733 42.17805785
  jla_mock 0.610643 42.87414285 0.15877872 42.85735575
  jla_mock 0.263487 40.58413641 0.12804977 40.71059074
  jla_mock 0.358336 41.55409262 0.12918713 41.48045687
  jla_mock 0.742697 43.06397232 0.25908753 43.37426971
  jla_mock 0.451556 41.72893998 0.11538935 42.07145547
  jla_mock 0.910752 43.85795451 0.26164869 43.91705349
  jla_mock 0.552605 42.84779811 0.15821060 42.59574777
  jla_mock 0.337534 41.40701272 0.12813367 41.32918083
  jla_mock 0.750681 43.57960563 0.24281434 43.40263657
  jla_mock 0.983777 43.89996516 0.34665096 44.12297525
  jla_mock 0.822697 43.72189921 0.22175759 43.64609281
  jla_mock 0.813696 43.55250959 0.24256727 43.61677497
  jla_mock 0.950763 44.19898980 0.26472927 44.03181349
  jla_mock 0.817732 44.14130570 0.24643394 43.62994659
  jla_mock 0.340520 41.19745163 0.12574260 41.35156774
  jla_mock 0.960751 44.15700622 0.28766046 44.05969252
  jla_mock 0.810720 43.70263615 0.27275574 43.60706270
  jla_mock 0.756687 43.66958426 0.24755189 43.42379562
  jla_mock 0.611252 43.27779223 0.18572910 42.85996836
  jla_mock 0.877971 44.11168365 0.22378685 43.81925155
  jla_mock 0.548325 42.34227258 0.14258079 42.57535592
  jla_mock 0.809032 43.36191298 0.23222084 43.60155386
  jla_mock 1.028800 43.24100001 0.28337345 44.24255906
  jla_mock 0.627239 42.78892398 0.17555461 42.92789070
  jla_mock 0.422452 41.85675637 0.15606690 41.90009559
  jla_mock 0.933900 44.12271141 0.34999950 43.98400344
  jla_mock 0.701158 42.80238228 0.22740618 43.22185379
  jla_mock 0.697164 42.93368468 0.20952266 43.20674812
  jla_mock 0.685179 43.12129519 0.27044472 43.16089914
  jla_mock 0.767075 43.32221647 0.25233801 43.45996521
  jla_mock 0.931901 44.32187914 0.25136810 43.97828133
  jla_mock 0.863978 43.39627770 0.24510246 43.77643514
  jla_mock 0.749100 43.50835699 0.22590126 43.39706674
  jla_mock 0.514353 42.39033104 0.15357466 42.40865279
  jla_mock 0.468406 42.01261460 0.11440416 42.16613949
  jla_mock 0.470398 42.44260568 0.15654577 42.17703003
  jla_mock 0.958871 43.95408945 0.27681249 44.05446029
  jla_mock 0.927909 43.60950701 0.29724149 43.96685429
  jla_mock 0.840522 43.92525076 0.21913135 43.70310328
  jla_mock 0.630699 42.85583578 0.17083127 42.94239637
  jla_mock 0.562751 42.80395951 0.14440652 42.64332481
  jla_mock 0.615698 43.06822049 0.16969222 42.87904165
  jla_mock 0.828528 43.62791898 0.22446355 43.66483979
  jla_mock 0.564741 42.45932414 0.16042692 42.65249802
  jla_mock 0.578745 42.60797099 0.14758356 42.71657591
  jla_mock 0.557743 42.88192859 0.15831963 42.61984109
  jla_mock 0.864497 43.97162741 0.22870035 43.77803148
  jla_mock 0.735608 43.24255873 0.23468503 43.34890124
  jla_mock 0.858507 43.98147504 0.28336591 43.75954157
  jla_mock 0.261984 40.66020854 0.10443414 40.69650477
  jla_mock 0.585743 42.83151146 0.18660838 42.74814872
  jla_mock 0.761580 43.49289620 0.21598834 43.44090475
  jla_mock 0.488800 42.21756749 0.11155101 42.27645931
  jla_mock 0.858516 43.80306702 0.27431051 43.75956966
  jla_mock 0.688656 43.14705821 0.18053033 43.17429244
  jla_mock 0.558743 42.41065773 0.15491557 42.62453033
  jla_mock 0.324532 41.19101079 0.12601850 41.23031081
  jla_mock 0.480704 42.14716407 0.10839252 42.23310364
  jla_mock 0.185371 39.86306968 0.13095679 39.85267084
  jla_mock 0.922221 44.08581858 0.33854809 43.95042459
  jla_mock 0.681942 42.99929754 0.19640351 43.14834773
  jla_mock 0.475707 42.17723835 0.10811298 42.20605508
  jla_mock 0.922210 43.76157477 0.27644363 43.95039265
  jla_mock 0.893183 43.75672363 0.25783329 43.86505298
  jla_mock 0.428646 41.92842214 0.14143599 41.93756341
  jla_mock 0.631882 43.05963877 0.23474045 42.94730012
  jla_mock 0.699960 43.53376661 0.25834877 43.21735709
  jla_mock 0.736007 43.16436069 0.26468680 43.35032909
  jla_mock 0.575823 42.76912714 0.15953941 42.70336060
  jla_mock 0.418633 41.76203388 0.10651651 41.87691426
  jla_mock 0.511746 42.43674033 0.12000546 42.39547784
  jla_mock 0.535771 42.70811417 0.12653138 42.51490290
  jla_mock 0.641893 43.38743825 0.21547239 42.98872907
  jla_mock 0.734996 43.15073082 0.22720400 43.34671116
  jla_mock 0.351560 41.65762334 0.13079492 41.43213142
  jla_mock 0.609860 42.72879279 0.17401244 42.85399669
  jla_mock 0.349557 41.47071839 0.13436921 41.41771171
  jla_mock 0.701969 43.10325305 0.18819535 43.22489789
  jla_mock 0.355261 41.41427971 0.10427939 41.45852641
  jla_mock 0.983280 44.18107355 0.25756994 44.12162996
  jla_mock 0.872152 44.26248599 0.26597542 43.80157672
  jla_mock 0.759030 43.54894266 0.20819082 43.43204997
  jla_mock 0.926220 43.68640793 0.24599386 43.96201956
  jla_mock 0.643642 42.78926805 0.22846121 42.99585733
  jla_mock 0.419569 41.75984924 0.13772753 41.88259578
  jla_mock 0.515587 42.67148855 0.20313602 42.41488903
  jla_mock 0.890729 43.96094348 0.21057911 43.85772092
  jla_mock 0.805696 43.19292302 0.22987004 43.59050885
  jla_mock 0.480568 42.18955654 0.10874993 42.23237487
  jla_mock 0.800697 43.67761681 0.24546005 43.57394667
  jla_mock 0.580604 42.86761744 0.18881444 42.72498360
  jla_mock 0.715652 43.25111442 0.24396561 43.27597318
  jla_mock 0.805695 43.57135841 0.23276535 43.59050554
  jla_mock 0.766684 43.39917125 0.25283777 43.45860895
  jla_mock 0.664638 43.12019526 0.19578546 43.08055024
  jla_mock 0.901736 43.95568197 0.25190507 43.89049989
  jla_mock 0.745665 43.43745719 0.21142864 43.38489089
  jla_mock 0.718680 43.47152684 0.20380008 43.28715794
  jla_mock 0.736690 43.54757901 0.19636251 43.35277325
  jla_mock 0.579600 42.85973445 0.12084594 42.72044282
  jla_mock 0.370531 41.59960535 0.10256736 41.56537377
  jla_mock 0.960740 44.20518551 0.23956115 44.05966190
  jla_mock 0.850729 43.62644549 0.21179952 43.73526472
  jla_mock 0.648640 43.34270825 0.19254569 43.01622729
  jla_mock 0.219462 40.34704983 0.13036783 40.26165884
  jla_mock 0.936755 44.00967639 0.24129989 43.99217583
  jla_mock 0.647639 42.99860927 0.17876349 43.01214759
  jla_mock 0.461564 42.20928261 0.13341110 42.12801602
  jla_mock 0.600603 43.10545652 0.17945434 42.81380214
  jla_mock 0.670654 43.10493034 0.23100742 43.10426437
  jla_mock 0.760698 43.67219784 0.20946016 43.43784537
  jla_mock 0.246492 40.54920184 0.13212126 40.54611375
  jla_mock 0.470573 42.17444154 0.14759396 42.17798678
  jla_mock 0.169455 39.52404840 0.11209573 39.63714984
  jla_mock 0.497379 42.38224180 0.12912927 42.32153052
  jla_mock 0.638234 42.84489665 0.19688575 42.97363029
  jla_mock 0.507371 42.39517246 0.14542671 42.37316793
  jla_mock 0.535327 42.57162110 0.14229510 42.51274244
  jla_mock 0.587285 42.69144965 0.16639385 42.75499974
  jla_mock 0.773081 43.88394409 0.25620999 43.48071408
  jla_mock 0.699166 43.11095059 0.22210270 43.21437680
  jla_mock 0.370511 41.52257243 0.12736057 41.56523783
  jla_mock 0.761089 43.41161528 0.22808946 43.43920163
  jla_mock 0.699169 42.95605154 0.21959570 43.21438806
  jla_mock 0.788060 43.17982640 0.19242158 43.53165972
  jla_mock 0.373513 41.66859291 0.13202741 41.58564233
  jla_mock 0.405478 41.74772642 0.13198879 41.79507834
  jla_mock 0.852994 43.74146369 0.25729076 43.74233429
  jla_mock 0.808048 43.34564185 0.24185374 43.59830126
  jla_mock 0.603272 43.04123303 0.18397635 42.82545340
  jla_mock 0.583290 42.51342213 0.17902789 42.73713156
  jla_mock 0.534335 42.59293447 0.14774220 42.50791545
  jla_mock 0.720140 43.00249367 0.24070231 43.29255086
  jla_mock 0.400485 41.70812796 0.21060605 41.76340376
  jla_mock 0.837004 43.88283010 0.21502566 43.69195956
  jla_mock 0.371508 41.64304389 0.10193219 41.57201440
  jla_mock 0.806041 43.67495382 0.25907683 43.59165187
  jla_mock 0.840005 43.67727693 0.23506835 43.70146561
  jla_mock 0.500728 42.40569099 0.12981336 42.33894272
  jla_mock 0.532765 42.53013998 0.17422186 42.50027598
  jla_mock 0.533766 42.65198677 0.18215335 42.50514675
  jla_mock 0.932229 44.07412674 0.34152943 43.97922023
  jla_mock 0.822103 43.64860304 0.25790730 43.64418307
  jla_mock 0.553797 42.35314749 0.13544877 42.60133735
  jla_mock 0.125298 38.97911731 0.13709229 38.92231622
  jla_mock 0.842123 44.15660068 0.28302626 43.70817465
  jla_mock 0.443668 41.80211045 0.15186631 42.02604866
  jla_mock 0.727675 43.34154585 0.24978201 43.32010216
  jla_mock 0.683659 42.83062008 0.41253064 43.15500537
  jla_mock 0.442548 42.13733480 0.13367762 42.01953486
  jla_mock 0.726679 43.61900399 0.20021505 43.31648122
  jla_mock 0.282510 41.02341958 0.12747632 40.88348566
  jla_mock 0.404549 41.79593036 0.12965359 41.78918496
  jla_mock 0.519611 42.56525662 0.13964385 42.43522504
  jla_mock 0.690652 42.98744279 0.23214813 43.18190663
  jla_mock 1.060801 44.48523211 0.27869308 44.32447227
  jla_mock 0.576612 42.47059168 0.15376326 42.70692901
  jla_mock 0.268489 40.82456904 0.12614174 40.75741813
  jla_mock 0.720680 43.43090276 0.25106936 43.29454550
  jla_mock 0.250498 40.66173204 0.13111277 40.58610363
  jla_mock 0.760691 43.29109519 0.27664014 43.43782109
  jla_mock 0.698167 43.45771168 0.26129048 43.21057429
  jla_mock 0.550315 42.35415356 0.16854352 42.58486067
  jla_mock 0.730128 43.60890158 0.23524622 43.32902000
  jla_mock 0.847985 43.70924501 0.24702775 43.72670010
  jla_mock 0.997826 43.82135278 0.24705649 44.16086339
  jla_mock 0.435446 41.90238436 0.13052406 41.97795969
  jla_mock 0.409470 41.71489657 0.12922369 41.82018436
  jla_mock 0.301590 40.98756046 0.12598595 41.04647939
  jla_mock 1.299106 44.98699727 0.19340708 44.86649555
  jla_mock 1.020807 44.16970143 0.23668119 44.22175183
  jla_mock 0.839734 43.40254884 0.19264717 43.70060719
  jla_mock 1.120850 44.81133428 0.20807086 44.47175959
  jla_mock 1.230892 44.81325154 0.23900250 44.72227987
  jla_mock 0.974230 44.07436682 0.18427047 44.09690728
  jla_mock 0.970782 44.06813844 0.33863365 44.08744397
  jla_mock 0.064229 37.15258879 0.15072784 37.38125426
  jla_mock 0.129030 39.01634743 0.16416611 38.99103288
  jla_mock 0.102890 38.26717675 0.14983539 38.46320916
  jla_mock 0.044130 36.93152058 0.17359564 36.53640119
  jla_mock 0.113040 38.50704279 0.15276523 38.68140463
  jla_mock 0.256110 40.42565670 0.20496122 40.64044730
  jla_mock 0.380260 41.11606195 0.28702753 41.63127303
  jla_mock 0.145470 39.49138450 0.16218924 39.27385898
  jla_mock 0.088890 37.95807387 0.14636771 38.12524312
  jla_mock 0.260590 40.69360626 0.18294429 40.68344034
  jla_mock 0.078910 37.70472741 0.15602647 37.85079369
  jla_mock 0.083040 37.75855718 0.15331705 37.96757382
  jla_mock 0.165650 39.37916025 0.13854363 39.58315350
  jla_mock 0.168170 39.53948554 0.16196037 39.61913704
  jla_mock 0.170630 39.83800261 0.16520984 39.65362070
  jla_mock 0.170280 39.15807260 0.17035518 39.64871449
  jla_mock 0.120440 38.56847463 0.15109792 38.82967597
  jla_mock 0.276530 39.87877987 0.21443501 40.83052825
  jla_mock 0.231600 40.48526445 0.18253328 40.39327881
  jla_mock 0.305690 40.76952496 0.26735001 41.08031431
  jla_mock 0.079970 38.19902776 0.16566195 37.88231469
  jla_mock 0.174150 39.84954118 0.15831009 39.70296318
  jla_mock 0.138680 39.20086213 0.16604939 39.16075605
  jla_mock 0.146070 39.78238176 0.16391832 39.28355706
  jla_mock 0.081330 38.12230353 0.14393418 37.92106160
  jla_mock 0.233800 40.53207841 0.17178002 40.41664409
  jla_mock 0.256550 40.51597264 0.17733386 40.64470129
  jla_mock 0.245620 40.68173248 0.20041043 40.53740902
  jla_mock 0.125930 38.97731796 0.19132506 38.93436823
  jla_mock 0.223510 40.00123071 0.21582750 40.30640047
  jla_mock 0.102640 38.42850611 0.14663754 38.45739969
  jla_mock 0.119670 38.72810183 0.14566661 38.81499236
  jla_mock 0.180550 39.74793548 0.16851019 39.78925613
  jla_mock 0.197090 39.89914206 0.17389574 40.00058301
  jla_mock 0.229160 40.60255278 0.19939442 40.36723751
  jla_mock 0.264510 40.61192670 0.19876199 40.72017820
  jla_mock 0.103370 38.53473748 0.12264053 38.47436335
  jla_mock 0.364410 41.65933074 0.23042794 41.52297770
  jla_mock 0.205600 40.18047296 0.15584351 40.10300055
  jla_mock 0.179810 39.65348306 0.19620482 39.77932421
  jla_mock 0.199590 39.89603620 0.18224440 40.03149756
  jla_mock 0.156530 39.17724457 0.15012954 39.44792878
  jla_mock 0.161800 39.59230116 0.14760764 39.52668171
  jla_mock 0.209530 40.43658415 0.20608020 40.14907809
  jla_mock 0.241790 40.83646452 0.19813238 40.49907425
  jla_mock 0.236460 40.27450531 0.16266354 40.44408642
  jla_mock 0.226680 40.20443643 0.21050732 40.34076930
  jla_mock 0.296780 41.06069876 0.19716042 41.00636879
  jla_mock 0.208520 40.11181875 0.16317028 40.13750389
  jla_mock 0.251040 40.46150768 0.22085837 40.59142971
  jla_mock 0.250120 40.45409853 0.17967388 40.58233025
  jla_mock 0.117710 38.85963780 0.14551100 38.77612598
  jla_mock 0.219710 40.08383549 0.16999397 40.26439993
  jla_mock 0.149010 39.27074564 0.14890457 39.33107762
  jla_mock 0.287420 40.99767024 0.18840122 40.92649529
  jla_mock 0.143600 39.12613631 0.16639625 39.24363332
  jla_mock 0.328370 41.36014909 0.19601268 41.25983598
  jla_mock 0.246250 40.79580297 0.16506508 40.54369799
  jla_mock 0.119660 38.71868600 0.15026680 38.81480166
  jla_mock 0.328380 41.35983604 0.27642285 41.25991291
  jla_mock 0.215130 40.11445886 0.18366862 40.21325182
  jla_mock 0.144780 39.33976324 0.13616902 39.26270620
  jla_mock 0.132430 38.95818178 0.12839376 39.05220730
  jla_mock 0.210820 39.83086424 0.16235031 40.16386096
  jla_mock 0.203990 40.14742579 0.15780808 40.08384780
  jla_mock 0.279520 40.76990376 0.16701092 40.85709122
  jla_mock 0.044280 36.49482848 0.15509722 36.54352732
  jla_mock 0.180370 39.91906091 0.15078404 39.78684026
  jla_mock 0.260700 40.45546224 0.18972170 40.68447125
  jla_mock 0.056540 37.15643431 0.18696980 37.09160151
  jla_mock 0.212600 40.22114287 0.19194689 40.18425904
  jla_mock 0.369410 41.49758647 0.23700047 41.55775436
  jla_mock 0.173860 39.64646835 0.13051969 39.69889803
  jla_mock 0.142650 39.06984098 0.16862649 39.22827803
  jla_mock 0.177890 39.97952111 0.17323466 39.75355491
  jla_mock 0.328370 41.18643534 0.20656404 41.25983598
  jla_mock 0.253510 40.46619456 0.19560920 40.61531008
  jla_mock 0.300010 40.77859761 0.19320267 41.03330377
  jla_mock 0.105890 38.59265891 0.14607715 38.52910106
  jla_mock 0.223280 40.42486566 0.16843887 40.30385834
  jla_mock 0.118450 38.72827688 0.12252294 38.79113535
  jla_mock 0.176530 39.88184066 0.17118858 39.73530166
  jla_mock 0.182800 39.97646432 0.18906536 39.81945453
  jla_mock 0.297620 40.65846311 0.22708191 41.01337355
  jla_mock 0.196990 39.83353534 0.16336648 39.99934643
  jla_mock 0.152950 39.26525357 0.14755004 39.39286806
  jla_mock 0.248500 40.28190404 0.17447627 40.56615860
  jla_mock 0.138180 39.14216844 0.12408786 39.15224127
  jla_mock 0.207040 40.29260721 0.17044837 40.12013097
  jla_mock 0.214680 40.24667832 0.18059604 40.20809500
  jla_mock 0.306320 41.03175191 0.21502986 41.08542547
  jla_mock 0.246950 40.74452338 0.17120148 40.55068574
  jla_mock 0.198010 40.10934174 0.14489973 40.01195956
  jla_mock 0.222560 40.35790055 0.15195110 40.29590034
  jla_mock 0.135080 38.87855872 0.15130600 39.09944962
  jla_mock 0.210540 40.12024197 0.18260591 40.16065228
  jla_mock 0.272580 40.90227985 0.16910743 40.79461419
  jla_mock 0.246600 40.46459776 0.16168519 40.54719186
  jla_mock 0.220680 40.23671425 0.19428942 40.27512112
  jla_mock 0.274470 40.90546235 0.19147108 40.81179838
  jla_mock 0.176560 39.82412582 0.15540451 39.73570430
  jla_mock 0.310880 41.05179552 0.22015615 41.12242051
  jla_mock 0.184350 39.80277545 0.17307932 39.83952780
  jla_mock 0.159350 39.48729317 0.14827050 39.49074512
  jla_mock 0.219760 40.68747542 0.16604587 40.26495257
  jla_mock 0.252050 41.02043052 0.18410044 40.60119456
  jla_mock 0.181220 39.83769624 0.14940352 39.79824854
  jla_mock 0.173730 39.60455353 0.13336424 39.69707572
  jla_mock 0.380470 42.22310462 0.24246083 41.63266739
  jla_mock 0.178650 39.54477319 0.17172186 39.76375526
  jla_mock 0.245680 40.52067674 0.18910008 40.53800797
  jla_mock 0.209100 40.14597393 0.16102286 40.14415046
  jla_mock 0.249470 40.50823472 0.20970726 40.57584163
  jla_mock 0.133920 39.01154074 0.16606211 39.07901608
  jla_mock 0.177060 39.81154364 0.16039966 39.74241506
  jla_mock 0.281110 40.82906193 0.18775324 40.87112706
  jla_mock 0.173830 39.39940165 0.15186906 39.69847750
  jla_mock 0.196540 39.88641387 0.16513423 39.99378181
  jla_mock 0.363970 41.52306033 0.22724835 41.51991492
  jla_mock 0.378350 41.94261411 0.26733097 41.61851927
  jla_mock 0.316460 41.00431955 0.21038880 41.16699585
  jla_mock 0.183220 39.79548036 0.13519430 39.82498164
  jla_mock 0.241020 40.75981790 0.16773658 40.49113042
  jla_mock 0.202030 40.22986722 0.19953174 40.06053140
  jla_mock 0.168690 39.90402655 0.16511959 39.62642627
  jla_mock 0.197940 40.07280380 0.17492454 40.01109396
  jla_mock 0.122760 38.93583632 0.14574653 38.87391751
  jla_mock 0.203180 40.05932230 0.16105255 40.07421194
  jla_mock 0.127390 38.85484340 0.14895509 38.96152523
  jla_mock 0.275490 40.82490210 0.19972760 40.82107239
  jla_mock 0.144680 39.34931892 0.14721731 39.26108985
  jla_mock 0.334360 41.12896109 0.24977783 41.30538443
  jla_mock 0.195800 40.18616332 0.15392559 39.98463111
  jla_mock 0.193920 40.15474918 0.16374737 39.96138337
  jla_mock 0.249730 40.78451905 0.18580683 40.57843707
  jla_mock 0.148600 39.25927326 0.14879989 39.32445060
  jla_mock 0.155960 39.46382461 0.14872192 39.43916213
  jla_mock 0.095820 38.09624312 0.15034816 38.29891732
  jla_mock 0.150650 39.36568458 0.15872946 39.35749386
  jla_mock 0.309330 41.34911990 0.24715745 41.10984544
  jla_mock 0.248570 40.32510217 0.17340396 40.56685738
  jla_mock 0.365540 41.35996827 0.24311996 41.53084345
  jla_mock 0.117710 38.51011466 0.12847626 38.77612598
  jla_mock 0.191760 39.90398482 0.14428474 39.93467320
  jla_mock 0.182550 39.95873035 0.16171197 39.81609915
  jla_mock 0.234720 40.48329762 0.18444964 40.42613542
  jla_mock 0.246470 40.69678612 0.19927669 40.54589414
  jla_mock 0.288450 41.03312638 0.18873457 40.93532948
  jla_mock 0.209600 40.13742305 0.19927022 40.14988026
  jla_mock 0.191980 39.94713382 0.17965405 39.93739368
  jla_mock 0.114020 38.60636714 0.12215388 38.70128192
  jla_mock 0.113890 38.39856789 0.18397194 38.69864513
  jla_mock 0.198800 39.78719636 0.20967258 40.02172856
  jla_mock 0.220580 40.95655234 0.22796022 40.27401584
  jla_mock 0.182570 39.71036282 0.16453718 39.81636758
  jla_mock 0.158950 39.32731135 0.16372575 39.48487792
  jla_mock 0.078490 37.86369192 0.14911597 37.83830424
  jla_mock 0.138640 39.04861739 0.13217046 39.16007487
  jla_mock 0.180790 39.91271056 0.15445548 39.79247729
  jla_mock 0.177570 39.85235558 0.18629282 39.74926003
  jla_mock 0.170660 39.76632666 0.16102003 39.65404123
  jla_mock 0.233810 40.03232604 0.20858516 40.41674726
  jla_mock 0.071530 37.44968197 0.17410666 37.62633113
  jla_mock 0.154630 39.46146002 0.18791656 39.41870661
  jla_mock 0.090100 38.04818887 0.15950858 38.15556956
  jla_mock 0.176580 39.63356790 0.20448697 39.73597273
  jla_mock 0.130450 39.11032708 0.16440638 39.01658220
  jla_mock 0.182040 40.12860964 0.17166998 39.80925418
  jla_mock 0.256170 41.08321426 0.17261330 40.64102739
  jla_mock 0.138110 39.05617344 0.14854031 39.15104920
  jla_mock 0.170700 39.61124525 0.16749506 39.65460194
  jla_mock 0.216740 40.31172380 0.14793120 40.23157319
  jla_mock 0.245550 40.48009588 0.17887642 40.53671024
  jla_mock 0.143820 38.95199323 0.16709807 39.24718928
  jla_mock 0.248620 40.55778375 0.18856198 40.56735650
  jla_mock 0.145330 39.52493239 0.17138622 39.27159610
  jla_mock 0.135880 39.10863686 0.12760365 39.11307327
  jla_mock 0.058740 37.14644728 0.12754402 37.18054381
  jla_mock 0.036520 36.25368706 0.15191506 36.11467233
  jla_mock 0.277490 41.23053987 0.22703402 40.83917126
  jla_mock 0.205150 40.29174635 0.29701418 40.09764730
  jla_mock 0.280510 40.70010730 0.20078942 40.86583052
  jla_mock 0.198670 40.01598390 0.16215673 40.02012100
  jla_mock 0.159990 39.60531639 0.15164286 39.50013264
  jla_mock 0.210750 39.94065356 0.18113105 40.16305879
  jla_mock 0.071950 37.82564806 0.17245857 37.64010622
  jla_mock 0.237820 40.48059087 0.19074175 40.45811709
  jla_mock 0.141390 39.26400485 0.17359013 39.20690618
  jla_mock 0.155060 39.19908268 0.15760876 39.42532005
  jla_mock 0.370130 41.65304892 0.22886799 41.56264818
  jla_mock 0.093910 38.28490228 0.17056414 38.25106025
  jla_mock 0.118630 38.46360284 0.17057943 38.79478628
  jla_mock 0.153630 39.33538105 0.15381057 39.40332652
  jla_mock 0.253560 40.39654487 0.16809525 40.61579348
  jla_mock 0.107250 38.68442167 0.14420228 38.55855910
  jla_mock 0.129610 39.33017683 0.15302154 39.00146852
  jla_mock 0.266650 40.69071587 0.19376454 40.74023408
  jla_mock 0.212260 40.04982440 0.16262819 40.18036278
  jla_mock 0.278220 40.93525039 0.18167466 40.84561538
  jla_mock 0.245400 40.28525553 0.16811689 40.53521287
  jla_mock 0.133620 38.84643676 0.15059378 39.07361834
  jla_mock 0.176560 39.78590784 0.16208219 39.73570430
  jla_mock 0.113680 38.71237368 0.14584429 38.69438572
  jla_mock 0.320380 41.94287191 0.26368273 41.19795536
  jla_mock 0.112710 38.74545102 0.12253270 38.67471126
  jla_mock 0.106020 38.52262521 0.14472955 38.53191691
  jla_mock 0.391350 41.66884694 0.26610488 41.70446868
  jla_mock 0.155750 39.58631419 0.14611530 39.43593231
  jla_mock 0.186670 39.25579408 0.16762102 39.86939250
  jla_mock 0.196710 40.09071547 0.16669908 39.99588400
  jla_mock 0.191910 39.93202080 0.17339098 39.93652807
  jla_mock 0.190840 39.86556074 0.15087610 39.92307171
  jla_mock 0.176250 39.80326229 0.15361286 39.73154363
  jla_mock 0.128370 38.91460888 0.15035584 38.97915785
  jla_mock 0.122620 38.68590188 0.14734428 38.87124776
  jla_mock 0.127150 38.91011018 0.14706216 38.95720703
  jla_mock 0.213230 40.12345766 0.17620944 40.19147859
  jla_mock 0.218610 40.26059421 0.18110338 40.25224188
  jla_mock 0.268560 40.70089958 0.19152223 40.75806368
  jla_mock 0.204660 40.01525260 0.16518790 40.09181820
  jla_mock 0.267100 40.65958527 0.17377576 40.74445143
  jla_mock 0.217570 40.20600236 0.17264916 40.24074699
  jla_mock 0.241850 40.44767325 0.17151433 40.49969325
  jla_mock 0.293500 40.96596322 0.20071643 40.97864273
  jla_mock 0.353460 41.86490532 0.23113786 41.44568194
  jla_mock 0.185630 39.83169305 0.15494760 39.85600487
  jla_mock 0.285430 40.73025398 0.19928385 40.90926217
  jla_mock 0.194940 40.07789722 0.16836015 39.97399650
  jla_mock 0.075920 37.72587326 0.14499851 37.76188071
  jla_mock 0.163570 39.74247962 0.15777754 39.55264407
  jla_mock 0.257210 40.58641884 0.20821329 40.65108228
  jla_mock 0.219550 40.18900242 0.18725136 40.26263149
  jla_mock 0.175580 39.53724230 0.15163366 39.72255122
  jla_mock 0.226670 40.82274638 0.18608202 40.34066257
  jla_mock 0.153220 39.60076542 0.15082218 39.39702068
  jla_mock 0.210250 39.90667954 0.19550076 40.15732899
  jla_mock 0.121640 38.78512009 0.12361443 38.85255952
  jla_mock 0.291350 41.07776738 0.19904915 40.96020244
  jla_mock 0.294480 41.17617378 0.27859702 40.98704807
  jla_mock 0.164550 39.61075152 0.12599124 39.56701870
  jla_mock 0.307020 41.11260205 0.20906564 41.09110453
  jla_mock 0.198630 39.93941855 0.16157737 40.01962637
  jla_mock 0.268210 40.89873020 0.21539519 40.75485425
  jla_mock 0.401280 41.49043287 0.24823001 41.76844708
  jla_mock 0.136680 39.04295483 0.15334431 39.12669692
  jla_mock 0.295420 40.65551852 0.24720467 40.99502774
  jla_mock 0.291920 41.07681525 0.19219946 40.96509126
  jla_mock 0.090070 37.98811935 0.12096556 38.15481767
  jla_mock 0.205570 40.07499951 0.18292629 40.10264367
  jla_mock 0.145820 39.09432856 0.14934529 39.27951619
  jla_mock 0.117670 38.80590382 0.14486540 38.77531466
  jla_mock 0.054990 37.02353381 0.14997934 37.02755570
  jla_mock 0.174200 39.54409809 0.15142908 39.70366406
  jla_mock 0.244950 40.51109269 0.18020903 40.53072075
  jla_mock 0.224520 40.48412450 0.18249954 40.31756378
  jla_mock 0.245580 40.52237308 0.16228277 40.53700972
  jla_mock 0.283510 40.82042622 0.21250233 40.89231323
  jla_mock 0.180560 39.66507954 0.17619167 39.78939034
  jla_mock 0.103910 38.29766478 0.12352191 38.48621362
  jla_mock 0.129610 39.05417814 0.15326847 39.00146852
  jla_mock 0.243520 40.36908780 0.16045597 40.51644578
  jla_mock 0.331360 40.75959852 0.26935111 41.28283761
  jla_mock 0.243480 40.16069779 0.19048000 40.51604648
  jla_mock 0.314680 41.15136536 0.17577640 41.15293771
  jla_mock 0.218650 40.56840451 0.18935500 40.25268399
  jla_mock 0.260140 41.21436563 0.21925656 40.67922298
  jla_mock 0.282430 40.70047165 0.19830733 40.88277946
  jla_mock 0.300410 41.11663040 0.20581539 41.03663937
  jla_mock 0.151860 39.38631260 0.14864409 39.37610376
  jla_mock 0.263570 40.72673288 0.18936772 40.71136861
  jla_mock 0.213820 40.23729869 0.20621233 40.19823975
  jla_mock 0.162840 39.37695369 0.16761662 39.54193643
  jla_mock 0.124400 38.86530093 0.17140549 38.90519170
  jla_mock 0.194650 39.91110365 0.13938689 39.97041042
  jla_mock 0.205540 40.39062818 0.18299408 40.10228679
  jla_mock 0.106670 38.55275976 0.14588621 38.54599612
  jla_mock 0.187720 39.50422465 0.18724598 39.88290884
  jla_mock 0.163870 39.55552373 0.15682059 39.55704447
  jla_mock 0.290210 41.00413683 0.19470283 40.95042479
  jla_mock 0.094010 38.16563917 0.12497638 38.25356657
  jla_mock 0.227860 40.77091774 0.18009820 40.35336304
  jla_mock 0.107510 38.46988543 0.14764565 38.56419079
  jla_mock 0.310650 41.29612391 0.22259423 41.12055454
  jla_mock 0.145640 39.20822142 0.15575872 39.27660677
  jla_mock 0.087840 37.99042072 0.12609586 38.09813443
  jla_mock 0.148390 39.00829857 0.15572534 39.32105628
  jla_mock 0.286620 40.99788653 0.19365541 40.91963379
  jla_mock 0.122810 38.92081041 0.13329108 38.87487099
  jla_mock 0.186550 39.92457671 0.20280242 39.86784777
  jla_mock 0.128930 38.88304402 0.15503539 38.98923364
  jla_mock 0.194220 39.80935845 0.16863568 39.96509311
  jla_mock 0.148000 39.41968730 0.14676099 39.31475253
  jla_mock 0.211790 40.18774337 0.22866165 40.17497677
  jla_mock 0.179620 39.89435692 0.17351314 39.77677412
  jla_mock 0.263490 40.91601545 0.18130204 40.71061886
  jla_mock 0.192150 39.90587629 0.15956887 39.93949587
  jla_mock 0.338800 41.34284290 0.22987627 41.33867240
  jla_mock 0.117410 38.65741013 0.14766783 38.77004109
  jla_mock 0.143100 39.20007743 0.16841647 39.23555159
  jla_mock 0.160350 39.65236820 0.13218212 39.50541312
  jla_mock 0.288720 40.70095176 0.21129560 40.93764524
  jla_mock 0.123030 38.80658456 0.15464992 38.87906631
  jla_mock 0.264050 40.64395483 0.18533646 40.71586713
  jla_mock 0.126080 38.78678398 0.17182656 38.93722867
  jla_mock 0.173740 39.55225527 0.14981160 39.69721590
  jla_mock 0.164400 39.47318590 0.14972618 39.56481851
  jla_mock 0.249610 40.66423237 0.16242204 40.57723917
  jla_mock 0.159990 39.71309901 0.15136580 39.50013264
  jla_mock 0.244480 40.75744063 0.15150476 40.52602897
  jla_mock 0.248510 40.53983863 0.17707716 40.56625843
  jla_mock 0.228930 40.20648008 0.16847625 40.36478279
  jla_mock 0.085280 37.87375476 0.14384543 38.02850211
  jla_mock 0.062818 36.99179781 0.14854713 37.32965972
  jla_mock 0.277450 40.80233644 0.23370164 40.83881815
  jla_mock 0.275440 40.81879992 0.21508178 40.82061778
  jla_mock 0.330510 41.46145214 0.21087893 41.27629868
  jla_mock 0.361930 41.26405098 0.24565378 41.50571480
  jla_mock 0.331030 41.38424570 0.21800830 41.28029897
  jla_mock 0.160500 39.59299817 0.12714994 39.50761332
  jla_mock 0.300210 40.79744008 0.20430208 41.03497157
  jla_mock 0.116350 38.92174387 0.12231010 38.74854117
  jla_mock 0.218290 40.23965116 0.16062208 40.24870499
  jla_mock 0.119670 38.78045978 0.12046332 38.81499236
  jla_mock 0.154730 39.29007179 0.12395445 39.42024462
  jla_mock 0.178100 40.00085288 0.16562813 39.75637343
  jla_mock 0.250370 40.73160567 0.16560962 40.58482587
  jla_mock 0.251740 40.69907531 0.14466362 40.59819743
  jla_mock 0.129530 39.09878650 0.14518911 39.00002912
  jla_mock 0.309290 41.04317371 0.18810950 41.10952092
  jla_mock 0.278520 40.88186970 0.17881943 40.84826365
  jla_mock 0.185810 39.78813672 0.13605911 39.85832196
  jla_mock 0.066510 37.43533935 0.17228058 37.46168597
  jla_mock 0.258000 40.67025438 0.18756945 40.65872012
  jla_mock 0.298880 40.84823109 0.21609463 41.02388070
  jla_mock 0.270440 40.61786561 0.22437165 40.77515695
  jla_mock 0.279160 40.70562030 0.17183675 40.85391330
  jla_mock 0.292870 40.98142387 0.21554431 40.97323930
  jla_mock 0.189650 39.90654235 0.15711153 39.90775318
  jla_mock 0.265760 40.58515859 0.19291042 40.73189308
  jla_mock 0.123760 39.11561939 0.14509081 38.89298713
  jla_mock 0.182550 39.58716078 0.14971699 39.81609915
  jla_mock 0.056340 37.10738819 0.14895035 37.08333754
  jla_mock 0.312880 41.20863179 0.18264477 41.13864641
  jla_mock 0.309150 41.04237267 0.22328713 41.10838511
  jla_mock 0.200610 39.80882625 0.15587566 40.04363891
  jla_mock 0.326400 41.63817114 0.20549386 41.24468106
  jla_mock 0.211630 40.37980235 0.13899445 40.17314324
  jla_mock 0.179690 39.87570860 0.15636245 39.77771363
  jla_mock 0.302400 41.00834624 0.19662226 41.05323399
  jla_mock 0.109240 38.50615953 0.14870399 38.60166315
  jla_mock 0.085220 37.93746016 0.15002378 38.02687010
  jla_mock 0.202310 40.07476154 0.16131988 40.06386231
  jla_mock 0.126490 38.93230530 0.15584855 38.94504722
  jla_mock 0.214570 40.42479136 0.16812914 40.20683444
  jla_mock 0.320450 41.03402266 0.19168742 41.19850820
  jla_mock 0.218350 40.10593017 0.17273249 40.24936815
  jla_mock 0.190100 39.88345420 0.15982384 39.91354590
  jla_mock 0.092430 38.02352451 0.15614025 38.21396675
  jla_mock 0.379860 41.56504196 0.18489314 41.62861712
  jla_mock 0.211340 40.17389743 0.16607978 40.16981995
  jla_mock 0.258330 40.67184073 0.18011571 40.66191062
  jla_mock 0.183270 39.95137028 0.16855779 39.82562527
  jla_mock 0.212950 40.15862260 0.17784935 40.18826990
  jla_mock 0.116510 38.59177215 0.15544019 38.75178644
  jla_mock 0.144010 39.23335198 0.17185674 39.25026033
  jla_mock 0.252490 40.76931118 0.18599877 40.60544855
  jla_mock 0.255390 40.54323561 0.21319916 40.63348622
  jla_mock 0.216980 39.90480433 0.18860575 40.23422585
  jla_mock 1.265901 44.51408400 0.22380442 44.79726150
  jla_mock 0.935774 43.54415696 0.22958872 43.98936774
  jla_mock 0.049519 36.79768459 0.20228994 36.79241934
  jla_mock 0.030325 35.57817432 0.18207848 35.69463564
  jla_mock 0.074579 37.76790231 0.21872943 37.72200368
  jla_mock 0.025198 35.22312127 0.22034080 35.27019548
  jla_mock 0.014411 33.88701255 0.20528439 34.03100129
  jla_mock 0.020792 35.02373278 0.19750056 34.84402582
  jla_mock 0.035218 36.36246054 0.20378488 36.02701442
  jla_mock 0.041657 36.44360961 0.21523275 36.40181746
  jla_mock 0.042400 36.31305760 0.20618664 36.44334925
  jla_mock 0.018902 34.38775930 0.18361956 34.61733569
  jla_mock 0.078840 37.58415830 0.21534076 37.84871212
  jla_mock 0.063345 36.83087287 0.20758765 37.34892997
  jla_mock 0.027637 35.92025291 0.23141589 35.48155629
  jla_mock 0.049325 36.58207943 0.21068097 36.78320287
  jla_mock 0.070153 37.68785777 0.22041411 37.58116850
  jla_mock 0.023909 35.22125573 0.18367797 35.15849228
  jla_mock 0.053126 36.97176153 0.22335947 36.95053545
  jla_mock 0.024951 35.43348049 0.18978288 35.24879075
  jla_mock 0.015664 34.32301773 0.20165316 34.22896394
  jla_mock 0.048984 36.65209168 0.15985830 36.76700280
  jla_mock 0.022399 35.02620050 0.18927946 35.02763749
  jla_mock 0.034854 35.79222078 0.23666209 36.00228810
  jla_mock 0.016966 34.14933899 0.20291443 34.38512824
  jla_mock 0.030721 35.96840994 0.18171781 35.72153570
  jla_mock 0.030482 36.02133570 0.18203752 35.70530056
  jla_mock 0.010550 32.99476193 0.21945028 33.27241718
  jla_mock 0.014256 34.21181950 0.17170736 34.00054790
  jla_mock 0.027688 35.31373270 0.18124529 35.48597589
  jla_mock 0.053860 37.12073415 0.15903793 36.98086424
  jla_mock 0.017672 34.41498507 0.19251135 34.46980720
  jla_mock 0.017450 34.52845800 0.17037052 34.44318011
  jla_mock 0.015573 34.20932588 0.20219934 34.21804923
  jla_mock 0.010060 33.00684154 0.23112569 33.17614517
  jla_mock 0.054931 37.06839518 0.18431298 37.02511783
  jla_mock 0.039083 36.52510864 0.16317419 36.25793746
  jla_mock 0.078317 37.98468513 0.18391968 37.83315978
  jla_mock 0.031764 35.92650151 0.15356487 35.79238611
  jla_mock 0.014440 34.38585446 0.22581465 34.03669902
  jla_mock 0.013533 33.92505045 0.22079334 33.85849757
  jla_mock 0.026677 35.86300803 0.19349962 35.39836385
  jla_mock 0.023360 34.98066710 0.17880596 35.11091660
  jla_mock 0.036934 36.40088073 0.19001518 36.13781387
  jla_mock 0.023552 34.81881631 0.17819828 35.12755509
  jla_mock 0.017483 34.61141937 0.19211831 34.44713819
  jla_mock 0.040259 36.11191025 0.17447686 36.32367284
  jla_mock 0.030381 35.85248246 0.20408145 35.69843968
  jla_mock 0.015504 34.04496765 0.20027602 34.20977324
  jla_mock 0.014151 33.95946203 0.18788306 33.97991818
  jla_mock 0.015487 34.13937772 0.18431337 34.20773422
  jla_mock 0.015554 34.21483472 0.19852180 34.21577033
  jla_mock 0.037075 36.03152091 0.15485493 36.14569541
  jla_mock 0.015482 33.67290976 0.20249750 34.20713452
  jla_mock 0.013324 33.85743362 0.18643777 33.81743462
  jla_mock 0.014575 33.68995126 0.20791179 34.06322294
  jla_mock 0.015791 34.23139248 0.19846605 34.24419655
  jla_mock 0.024746 35.12580461 0.17954713 35.23102570
  jla_mock 0.027748 35.44937201 0.17503344 35.49117542
  jla_mock 0.010888 33.14956810 0.25477943 33.33882522
  jla_mock 0.013652 33.98098671 0.18670962 33.88187792
  jla_mock 0.035755 36.21806972 0.16295663 36.06349253
  jla_mock 0.024725 35.42896091 0.17710562 35.22920587
  jla_mock 0.038086 36.16810406 0.17051564 36.20220772
  jla_mock 0.021541 35.07899758 0.17711857 34.93386228
  jla_mock 0.019581 34.79596714 0.17898631 34.69877622
  jla_mock 0.030416 35.70068741 0.17571774 35.70081721
  jla_mock 0.039219 36.43552123 0.17021381 36.26553951
  jla_mock 0.034971 36.00717384 0.15987848 36.01023585
  jla_mock 0.028561 35.71279351 0.17650121 35.56162903
  jla_mock 0.020997 34.90547092 0.18822756 34.86861390
  jla_mock 0.032538 35.51143134 0.18232286 35.84496350
  jla_mock 0.015469 34.12909186 0.19318910 34.20557527
  jla_mock 0.015678 34.41704561 0.20747940 34.23064312
  jla_mock 0.027499 35.66223352 0.15598630 35.46959738
  jla_mock 0.046856 36.69026006 0.17134850 36.66590675
  jla_mock 0.033173 35.96894071 0.18295753 35.88809870
  jla_mock 0.010291 33.42469859 0.23549671 33.22153055
  jla_mock 0.080103 37.92500256 0.17116407 37.88626968
  jla_mock 0.012317 33.87608921 0.20020781 33.61958582
  jla_mock 0.024586 35.10125246 0.20631378 35.21716029
  jla_mock 0.014467 33.80804849 0.20827809 34.04200380
  jla_mock 0.015154 33.89525209 0.18399751 34.16779358
  jla_mock 0.029086 35.68449854 0.17337203 35.60712490
  jla_mock 0.034781 36.02857554 0.17928903 35.99732925
  jla_mock 0.044920 36.56403557 0.14070569 36.57393215
  jla_mock 0.034074 35.88393139 0.16958177 35.94930313
  jla_mock 0.074870 37.81530620 0.14386215 37.73065708
  jla_mock 0.014960 34.33657707 0.19782876 34.13886523
  jla_mock 0.020396 35.03945666 0.17103812 34.79652884
  jla_mock 0.040689 36.31080190 0.17468105 36.34770874
  jla_mock 0.026567 35.34401733 0.18033141 35.38883138
  jla_mock 0.026881 35.60576742 0.15330990 35.41604224
  jla_mock 0.023471 35.06089154 0.17597781 35.12053573
  jla_mock 0.069122 37.56698224 0.19117659 37.54735393
  jla_mock 0.065193 37.65084051 0.15879632 37.41650383
  jla_mock 0.022980 35.34593500 0.17790505 35.07798626
  jla_mock 0.017387 34.44763858 0.19829162 34.43562377
  jla_mock 0.031485 35.73484068 0.15108749 35.77343379
  jla_mock 0.011184 32.86914580 0.19447979 33.39698137
  jla_mock 0.021956 34.59582077 0.17567209 34.98363815
  jla_mock 0.031484 35.95038224 0.15080691 35.77336586
  jla_mock 0.023321 34.88970879 0.20285194 35.10753691
  jla_mock 0.020390 35.04680392 0.18300723 34.79580919
  jla_mock 0.022466 35.04110152 0.18140785 35.03344363
  jla_mock 0.033614 36.15018321 0.18044129 35.91805559
  jla_mock 0.036969 36.19858939 0.17916902 36.13977028
  jla_mock 0.022629 35.09783252 0.18007478 35.04756902
  jla_mock 0.014700 34.12153961 0.18462322 34.08778212
  jla_mock 0.036950 36.30239921 0.14876338 36.13870823
  jla_mock 0.060959 37.30421238 0.12531329 37.26168363
  jla_mock 0.059289 37.39237829 0.12135718 37.20061851
  jla_mock 0.069751 37.52182145 0.15873536 37.56798377
  jla_mock 0.029526 35.90691586 0.17470465 35.64036001
  jla_mock 0.033255 36.03733917 0.17565362 35.89366892
  jla_mock 0.024159 35.32802146 0.18124182 35.18015698
  jla_mock 0.015999 34.37265082 0.19155982 34.26914446
  jla_mock 0.062961 37.25204653 0.16530929 37.33488865
  jla_mock 0.021706 34.98924107 0.19186355 34.95365268
  jla_mock 0.031638 35.91831687 0.18943844 35.78382700
  jla_mock 0.018599 34.37781115 0.17304818 34.58099331
  jla_mock 0.027064 35.75697057 0.17332763 35.43190080
  jla_mock 0.025468 35.58108988 0.18469991 35.29359335
  jla_mock 0.023810 35.04237671 0.19336693 35.14991306
  jla_mock 0.023867 35.36042965 0.18298494 35.15485261
  jla_mock 0.022068 35.05167766 0.16678206 34.99707164
