  jla_mock 0.503084 42.45053745 0.14571158 42.35108100
  jla_mock 0.580724 42.65435567 0.16122778 42.72552632
  jla_mock 0.494795 42.20266841 0.12070859 42.30795504
  jla_mock 0.345928 41.37252794 0.13253081 41.39118194
  jla_mock 0.677662 43.29122473 0.22871689 43.13175210
  jla_mock 0.610712 43.24393769 0.22548733 42.85765176
  jla_mock 0.866494 43.83598005 0.25803499 43.78417385
  jla_mock 0.330932 41.25671564 0.12801230 41.27954507
  jla_mock 0.798566 43.76685267 0.25919990 43.56688646
  jla_mock 0.449562 41.96151767 0.16139765 42.06009851
  jla_mock 0.371443 41.52655472 0.14921889 41.57157260
  jla_mock 0.291718 41.01704155 0.14231442 40.96335873
  jla_mock 0.355820 41.36314230 0.14101044 41.46251312
  jla_mock 0.461274 42.16730570 0.15587207 42.12639800
  jla_mock 0.283610 40.68019021 0.13055630 40.89319599
  jla_mock 0.632234 43.03762394 0.22182909 42.94875922
  jla_mock 0.466414 41.96202103 0.17243727 42.15507604
  jla_mock 0.268624 40.71038998 0.12820280 40.75864558
  jla_mock 0.946890 43.62909912 0.29224985 44.02088236
  jla_mock 0.924917 44.02872346 0.31213110 43.95825216
  jla_mock 0.693165 43.01971960 0.29243158 43.19149304
  jla_mock 0.625233 43.17183784 0.19088816 42.91943219
  jla_mock 0.896944 44.07185270 0.26745476 43.87629010
  jla_mock 0.608261 42.69870146 0.15987482 42.84713700
  jla_mock 0.789054 43.07063110 0.26932700 43.53500333
  jla_mock 0.578292 42.98485284 0.14637659 42.71452713
  jla_mock 0.590280 42.66094371 0.18966931 42.76830634
  jla_mock 0.719626 43.27981045 0.25305179 43.29065226
  jla_mock 0.210032 40.13684899 0.13132256 40.15483080
  jla_mock 0.766590 43.42901840 0.22576765 43.45828289
  jla_mock 0.858513 44.02914996 0.22289539 43.75956030
  jla_mock 0.367904 41.53066647 0.09931133 41.54729890
  jla_mock 0.558746 42.81549144 0.15678156 42.62454440
  jla_mock 0.848509 43.76077665 0.21739327 43.72833562
  jla_mock 0.996390 44.53014524 0.24266005 44.15702957
  jla_mock 0.776594 43.28918471 0.26449227 43.49271322
  jla_mock 0.582932 42.91177587 0.13306958 42.73551243
  jla_mock 0.583743 42.67813957 0.16752875 42.73918034
  jla_mock 0.796552 43.51767605 0.22887969 43.56021387
  jla_mock 0.588721 42.59257436 0.15579306 42.76137980
  jla_mock 0.913473 44.09129289 0.24294053 43.92502563
  jla_mock 0.768587 43.48888270 0.23905376 43.46520986
  jla_mock 0.948455 43.81305209 0.26528102 44.02529941
  jla_mock 0.513793 42.52525835 0.15287930 42.40582273
  jla_mock 0.733609 43.49986936 0.19294483 43.34167511
  jla_mock 0.637701 42.74084994 0.27010736 42.97142091
  jla_mock 0.765588 43.62976530 0.21113574 43.45480726
  jla_mock 0.434861 41.69548259 0.15772880 41.97448442
  jla_mock 0.983407 44.24270472 0.25879722 44.12197372
  jla_mock 0.583743 42.89942968 0.16232669 42.73918034
  jla_mock 0.700631 43.45897331 0.21687358 43.21987569
  jla_mock 0.662058 43.17210308 0.21294856 43.07025770
  jla_mock 0.838126 43.76306411 0.28077453 43.69551364
  jla_mock 0.621874 42.67098000 0.17546981 42.90526861
  jla_mock 0.370586 41.65840355 0.14291643 41.56574760
  jla_mock 0.416632 41.70853183 0.13815441 41.86461950
  jla_mock 0.358570 41.43946137 0.10704088 41.48212572
  jla_mock 0.451681 42.08509991 0.15278703 42.07216742
  jla_mock 0.522762 42.60391151 0.16112888 42.45088093
  jla_mock 0.733996 43.00288569 0.30408870 43.34308204
  jla_mock 0.701965 43.27575487 0.31176741 43.22488288
  jla_mock 0.742008 42.93940483 0.29013165 43.37180407
  jla_mock 0.746118 43.68913394 0.21822021 43.38651198
  jla_mock 0.349560 41.54937327 0.13472825 41.41773364
  jla_mock 0.591835 42.64760184 0.15357327 42.77521512
  jla_mock 0.514746 42.26584399 0.15561143 42.41063888
  jla_mock 0.620632 42.71177245 0.18447364 42.90003158
  jla_mock 0.643646 43.22060859 0.24392132 42.99587363
  jla_mock 1.002795 43.77466502 0.33216844 44.17412957
  jla_mock 0.470586 42.27442569 0.14420733 42.17805785
  jla_mock 0.610643 42.99149566 0.15877872 42.85735575
  jla_mock 0.263487 40.67679480 0.12804977 40.71059074
  jla_mock 0.358336 41.22977754 0.12918713 41.48045687
  jla_mock 0.742697 43.44401993 0.25908753 43.37426971
  jla_mock 0.451556 42.17525335 0.11538935 42.07145547
  jla_mock 0.910752 44.11108573 0.26164869 43.91705349
  jla_mock 0.552605 42.64893647 0.15821060 42.59574777
  jla_mock 0.337534 41.53126534 0.12813367 41.32918083
  jla_mock 0.750681 43.20880407 0.24281434 43.40263657
  jla_mock 0.983777 44.60206353 0.34665096 44.12297525
  jla_mock 0.822697 43.62494148 0.22175759 43.64609281
  jla_mock 0.813696 43.97575281 0.24256727 43.61677497
  jla_mock 0.950763 43.98882984 0.26472927 44.03181349
  jla_mock 0.817732 43.51583940 0.24643394 43.62994659
  jla_mock 0.340520 41.40190564 0.12574260 41.35156774
  jla_mock 0.960751 44.03807535 0.28766046 44.05969252
  jla_mock 0.810720 44.17146772 0.27275574 43.60706270
  jla_mock 0.756687 43.01003244 0.24755189 43.42379562
  jla_mock 0.611252 42.90090626 0.18572910 42.85996836
  jla_mock 0.877971 43.81662288 0.22378685 43.81925155
  jla_mock 0.548325 42.63004152 0.14258079 42.57535592
  jla_mock 0.809032 43.40832309 0.23222084 43.60155386
  jla_mock 1.028800 44.19974440 0.28337345 44.24255906
  jla_mock 0.627239 42.91989073 0.17555461 42.92789070
  jla_mock 0.422452 42.16148550 0.15606690 41.90009559
  jla_mock 0.933900 43.83378231 0.34999950 43.98400344
  jla_mock 0.701158 43.28707956 0.22740618 43.22185379
  jla_mock 0.697164 43.16595114 0.20952266 43.20674812
  jla_mock 0.685179 43.30654871 0.27044472 43.16089914
  jla_mock 0.767075 43.53926071 0.25233801 43.45996521
  jla_mock 0.931901 43.92671017 0.25136810 43.97828133
  jla_mock 0.863978 43.76330073 0.24510246 43.77643514
  jla_mock 0.749100 43.54166271 0.22590126 43.39706674
  jla_mock 0.514353 42.34238974 0.15357466 42.40865279
  jla_mock 0.468406 42.32513942 0.11440416 42.16613949
  jla_mock 0.470398 42.27518166 0.15654577 42.17703003
  jla_mock 0.958871 44.09054417 0.27681249 44.05446029
  jla_mock 0.927909 43.47360127 0.29724149 43.96685429
  jla_mock 0.840522 43.24541668 0.21913135 43.70310328
  jla_mock 0.630699 43.19373100 0.17083127 42.94239637
  jla_mock 0.562751 42.61435329 0.14440652 42.64332481
  jla_mock 0.615698 42.92810312 0.16969222 42.87904165
  jla_mock 0.828528 43.54305732 0.22446355 43.66483979
  jla_mock 0.564741 42.68842434 0.16042692 42.65249802
  jla_mock 0.578745 42.78113353 0.14758356 42.71657591
  jla_mock 0.557743 42.73606969 0.15831963 42.61984109
  jla_mock 0.864497 44.14082607 0.22870035 43.77803148
  jla_mock 0.735608 43.41047085 0.23468503 43.34890124
  jla_mock 0.858507 43.86229432 0.28336591 43.75954157
  jla_mock 0.261984 40.54460516 0.10443414 40.69650477
  jla_mock 0.585743 42.75322845 0.18660838 42.74814872
  jla_mock 0.761580 43.35242948 0.21598834 43.44090475
  jla_mock 0.488800 42.24769412 0.11155101 42.27645931
  jla_mock 0.858516 44.05542807 0.27431051 43.75956966
  jla_mock 0.688656 43.03294308 0.18053033 43.17429244
  jla_mock 0.558743 42.64324565 0.15491557 42.62453033
  jla_mock 0.324532 41.23745836 0.12601850 41.23031081
  jla_mock 0.480704 42.23834889 0.10839252 42.23310364
  jla_mock 0.185371 39.75439538 0.13095679 39.85267084
  jla_mock 0.922221 43.62482794 0.33854809 43.95042459
  jla_mock 0.681942 43.12733457 0.19640351 43.14834773
  jla_mock 0.475707 42.26665153 0.10811298 42.20605508
  jla_mock 0.922210 44.37982160 0.27644363 43.95039265
  jla_mock 0.893183 43.75109521 0.25783329 43.86505298
  jla_mock 0.428646 41.86735095 0.14143599 41.93756341
  jla_mock 0.631882 43.20507452 0.23474045 42.94730012
  jla_mock 0.699960 43.16802670 0.25834877 43.21735709
  jla_mock 0.736007 42.69806376 0.26468680 43.35032909
  jla_mock 0.575823 42.95431566 0.15953941 42.70336060
  jla_mock 0.418633 41.73543236 0.10651651 41.87691426
  jla_mock 0.511746 42.12382832 0.12000546 42.39547784
  jla_mock 0.535771 42.78461585 0.12653138 42.51490290
  jla_mock 0.641893 43.03007866 0.21547239 42.98872907
  jla_mock 0.734996 43.20588936 0.22720400 43.34671116
  jla_mock 0.351560 41.30204056 0.13079492 41.43213142
  jla_mock 0.609860 43.04959428 0.17401244 42.85399669
  jla_mock 0.349557 41.07218682 0.13436921 41.41771171
  jla_mock 0.701969 43.04784616 0.18819535 43.22489789
  jla_mock 0.355261 41.55059610 0.10427939 41.45852641
  jla_mock 0.983280 43.76633257 0.25756994 44.12162996
  jla_mock 0.872152 43.91877696 0.26597542 43.80157672
  jla_mock 0.759030 43.82019447 0.20819082 43.43204997
  jla_mock 0.926220 43.83709455 0.24599386 43.96201956
  jla_mock 0.643642 42.95020381 0.22846121 42.99585733
  jla_mock 0.419569 41.66306222 0.13772753 41.88259578
  jla_mock 0.515587 42.11870006 0.20313602 42.41488903
  jla_mock 0.890729 43.68097334 0.21057911 43.85772092
  jla_mock 0.805696 43.56090817 0.22987004 43.59050885
  jla_mock 0.480568 42.17944445 0.10874993 42.23237487
  jla_mock 0.800697 43.66616120 0.24546005 43.57394667
  jla_mock 0.580604 42.97660783 0.18881444 42.72498360
  jla_mock 0.715652 43.39586561 0.24396561 43.27597318
  jla_mock 0.805695 43.51026594 0.23276535 43.59050554
  jla_mock 0.766684 43.30902339 0.25283777 43.45860895
  jla_mock 0.664638 43.07969062 0.19578546 43.08055024
  jla_mock 0.901736 43.84458851 0.25190507 43.89049989
  jla_mock 0.745665 43.81648028 0.21142864 43.38489089
  jla_mock 0.718680 43.20889490 0.20380008 43.28715794
  jla_mock 0.736690 43.17671716 0.19636251 43.35277325
  jla_mock 0.579600 42.79481690 0.12084594 42.72044282
  jla_mock 0.370531 41.61900248 0.10256736 41.56537377
  jla_mock 0.960740 44.20229057 0.23956115 44.05966190
  jla_mock 0.850729 43.80782692 0.21179952 43.73526472
  jla_mock 0.648640 42.98445394 0.19254569 43.01622729
  jla_mock 0.219462 40.34688244 0.13036783 40.26165884
  jla_mock 0.936755 43.87361520 0.24129989 43.99217583
  jla_mock 0.647639 42.69657332 0.17876349 43.01214759
  jla_mock 0.461564 42.20168988 0.13341110 42.12801602
  jla_mock 0.600603 42.95684293 0.17945434 42.81380214
  jla_mock 0.670654 43.41975035 0.23100742 43.10426437
  jla_mock 0.760698 43.43916693 0.20946016 43.43784537
  jla_mock 0.246492 40.68085602 0.13212126 40.54611375
  jla_mock 0.470573 42.24272933 0.14759396 42.17798678
  jla_mock 0.169455 39.64859349 0.11209573 39.63714984
  jla_mock 0.497379 42.54182167 0.12912927 42.32153052
  jla_mock 0.638234 42.65324098 0.19688575 42.97363029
  jla_mock 0.507371 42.22008899 0.14542671 42.37316793
  jla_mock 0.535327 42.56634375 0.14229510 42.51274244
  jla_mock 0.587285 42.95431849 0.16639385 42.75499974
  jla_mock 0.773081 43.84016031 0.25620999 43.48071408
  jla_mock 0.699166 43.16758925 0.22210270 43.21437680
  jla_mock 0.370511 41.46558890 0.12736057 41.56523783
  jla_mock 0.761089 43.73806758 0.22808946 43.43920163
  jla_mock 0.699169 43.14207212 0.21959570 43.21438806
  jla_mock 0.788060 43.28994006 0.19242158 43.53165972
  jla_mock 0.373513 41.50611531 0.13202741 41.58564233
  jla_mock 0.405478 41.76176320 0.13198879 41.79507834
  jla_mock 0.852994 43.49755993 0.25729076 43.74233429
  jla_mock 0.808048 43.84731368 0.24185374 43.59830126
  jla_mock 0.603272 42.73708464 0.18397635 42.82545340
  jla_mock 0.583290 42.58866794 0.17902789 42.73713156
  jla_mock 0.534335 42.46226933 0.14774220 42.50791545
  jla_mock 0.720140 43.43474363 0.24070231 43.29255086
  jla_mock 0.400485 41.88689986 0.21060605 41.76340376
  jla_mock 0.837004 43.65121435 0.21502566 43.69195956
  jla_mock 0.371508 41.42213965 0.10193219 41.57201440
  jla_mock 0.806041 43.83330597 0.25907683 43.59165187
  jla_mock 0.840005 43.52151573 0.23506835 43.70146561
  jla_mock 0.500728 42.12460395 0.12981336 42.33894272
  jla_mock 0.532765 42.43766473 0.17422186 42.50027598
  jla_mock 0.533766 42.48449133 0.18215335 42.50514675
  jla_mock 0.932229 43.94301878 0.34152943 43.97922023
  jla_mock 0.822103 43.71056689 0.25790730 43.64418307
  jla_mock 0.553797 42.70397016 0.13544877 42.60133735
  jla_mock 0.125298 39.02876629 0.13709229 38.92231622
  jla_mock 0.842123 43.72544328 0.28302626 43.70817465
  jla_mock 0.443668 42.25078883 0.15186631 42.02604866
  jla_mock 0.727675 43.66885476 0.24978201 43.32010216
  jla_mock 0.683659 42.90916676 0.41253064 43.15500537
  jla_mock 0.442548 41.89380425 0.13367762 42.01953486
  jla_mock 0.726679 43.43835401 0.20021505 43.31648122
  jla_mock 0.282510 40.80844686 0.12747632 40.88348566
  jla_mock 0.404549 41.81700391 0.12965359 41.78918496
  jla_mock 0.519611 42.68938460 0.13964385 42.43522504
  jla_mock 0.690652 43.56192504 0.23214813 43.18190663
  jla_mock 1.060801 44.39330776 0.27869308 44.32447227
  jla_mock 0.576612 42.58632791 0.15376326 42.70692901
  jla_mock 0.268489 40.93557701 0.12614174 40.75741813
  jla_mock 0.720680 43.22789239 0.25106936 43.29454550
  jla_mock 0.250498 40.59427853 0.13111277 40.58610363
  jla_mock 0.760691 43.45291014 0.27664014 43.43782109
  jla_mock 0.698167 43.05563364 0.26129048 43.21057429
  jla_mock 0.550315 42.29176069 0.16854352 42.58486067
  jla_mock 0.730128 43.13961764 0.23524622 43.32902000
  jla_mock 0.847985 43.88237007 0.24702775 43.72670010
  jla_mock 0.997826 43.96962991 0.24705649 44.16086339
  jla_mock 0.435446 41.89145102 0.13052406 41.97795969
  jla_mock 0.409470 41.99127963 0.12922369 41.82018436
  jla_mock 0.301590 40.99764655 0.12598595 41.04647939
  jla_mock 1.299106 44.86802326 0.19340708 44.86649555
  jla_mock 1.020807 44.19890838 0.23668119 44.22175183
  jla_mock 0.839734 43.38521857 0.19264717 43.70060719
  jla_mock 1.120850 44.81040679 0.20807086 44.47175959
  jla_mock 1.230892 44.65344988 0.23900250 44.72227987
  jla_mock 0.974230 43.86136057 0.18427047 44.09690728
  jla_mock 0.970782 43.73469679 0.33863365 44.08744397
  jla_mock 0.064229 37.48810825 0.15072784 37.38125426
  jla_mock 0.129030 38.82607386 0.16416611 38.99103288
  jla_mock 0.102890 38.38378956 0.14983539 38.46320916
  jla_mock 0.044130 36.43712469 0.17359564 36.53640119
  jla_mock 0.113040 38.65275789 0.15276523 38.68140463
  jla_mock 0.256110 40.92448562 0.20496122 40.64044730
  jla_mock 0.380260 41.76466429 0.28702753 41.63127303
  jla_mock 0.145470 39.44116155 0.16218924 39.27385898
  jla_mock 0.088890 38.09877556 0.14636771 38.12524312
  jla_mock 0.260590 40.65201543 0.18294429 40.68344034
  jla_mock 0.078910 37.80507044 0.15602647 37.85079369
  jla_mock 0.083040 37.91984892 0.15331705 37.96757382
  jla_mock 0.165650 39.57293854 0.13854363 39.58315350
  jla_mock 0.168170 39.82355061 0.16196037 39.61913704
  jla_mock 0.170630 39.52674779 0.16520984 39.65362070
  jla_mock 0.170280 39.73905704 0.17035518 39.64871449
  jla_mock 0.120440 39.17021032 0.15109792 38.82967597
  jla_mock 0.276530 40.81037397 0.21443501 40.83052825
  jla_mock 0.231600 40.50447440 0.18253328 40.39327881
  jla_mock 0.305690 41.06092988 0.26735001 41.08031431
  jla_mock 0.079970 37.68342623 0.16566195 37.88231469
  jla_mock 0.174150 39.82768908 0.15831009 39.70296318
  jla_mock 0.138680 39.36867818 0.16604939 39.16075605
  jla_mock 0.146070 39.05962444 0.16391832 39.28355706
  jla_mock 0.081330 38.17624984 0.14393418 37.92106160
  jla_mock 0.233800 40.39119074 0.17178002 40.41664409
  jla_mock 0.256550 40.59265601 0.17733386 40.64470129
  jla_mock 0.245620 40.72325671 0.20041043 40.53740902
  jla_mock 0.125930 39.14888294 0.19132506 38.93436823
  jla_mock 0.223510 40.65263853 0.21582750 40.30640047
  jla_mock 0.102640 38.40044633 0.14663754 38.45739969
  jla_mock 0.119670 38.98013552 0.14566661 38.81499236
  jla_mock 0.180550 39.85379538 0.16851019 39.78925613
  jla_mock 0.197090 39.75956136 0.17389574 40.00058301
  jla_mock 0.229160 40.30595115 0.19939442 40.36723751
  jla_mock 0.264510 40.66182570 0.19876199 40.72017820
  jla_mock 0.103370 38.55083346 0.12264053 38.47436335
  jla_mock 0.364410 41.61294866 0.23042794 41.52297770
  jla_mock 0.205600 39.78013736 0.15584351 40.10300055
  jla_mock 0.179810 39.75281172 0.19620482 39.77932421
  jla_mock 0.199590 40.08269822 0.18224440 40.03149756
  jla_mock 0.156530 39.55477884 0.15012954 39.44792878
  jla_mock 0.161800 39.48191164 0.14760764 39.52668171
  jla_mock 0.209530 40.07590765 0.20608020 40.14907809
  jla_mock 0.241790 40.69628456 0.19813238 40.49907425
  jla_mock 0.236460 40.29613218 0.16266354 40.44408642
  jla_mock 0.226680 40.63881367 0.21050732 40.34076930
  jla_mock 0.296780 40.88909847 0.19716042 41.00636879
  jla_mock 0.208520 40.07344443 0.16317028 40.13750389
  jla_mock 0.251040 40.54607265 0.22085837 40.59142971
  jla_mock 0.250120 40.86866546 0.17967388 40.58233025
  jla_mock 0.117710 38.89335438 0.14551100 38.77612598
  jla_mock 0.219710 40.21868834 0.16999397 40.26439993
  jla_mock 0.149010 39.20652803 0.14890457 39.33107762
  jla_mock 0.287420 40.97043914 0.18840122 40.92649529
  jla_mock 0.143600 39.27551726 0.16639625 39.24363332
  jla_mock 0.328370 41.58264776 0.19601268 41.25983598
  jla_mock 0.246250 40.70833607 0.16506508 40.54369799
  jla_mock 0.119660 38.77964486 0.15026680 38.81480166
  jla_mock 0.328380 40.65847404 0.27642285 41.25991291
  jla_mock 0.215130 40.48007206 0.18366862 40.21325182
  jla_mock 0.144780 39.14579529 0.13616902 39.26270620
  jla_mock 0.132430 39.02717038 0.12839376 39.05220730
  jla_mock 0.210820 39.98167444 0.16235031 40.16386096
  jla_mock 0.203990 40.03239493 0.15780808 40.08384780
  jla_mock 0.279520 40.71860700 0.16701092 40.85709122
  jla_mock 0.044280 36.16165237 0.15509722 36.54352732
  jla_mock 0.180370 39.64349931 0.15078404 39.78684026
  jla_mock 0.260700 41.07756075 0.18972170 40.68447125
  jla_mock 0.056540 37.09169940 0.18696980 37.09160151
  jla_mock 0.212600 40.31599055 0.19194689 40.18425904
  jla_mock 0.369410 41.63482282 0.23700047 41.55775436
  jla_mock 0.173860 39.60458669 0.13051969 39.69889803
  jla_mock 0.142650 39.22872561 0.16862649 39.22827803
  jla_mock 0.177890 39.50423407 0.17323466 39.75355491
  jla_mock 0.328370 41.43180448 0.20656404 41.25983598
  jla_mock 0.253510 40.84806449 0.19560920 40.61531008
  jla_mock 0.300010 41.44445697 0.19320267 41.03330377
  jla_mock 0.105890 38.57963579 0.14607715 38.52910106
  jla_mock 0.223280 40.24653279 0.16843887 40.30385834
  jla_mock 0.118450 38.81415277 0.12252294 38.79113535
  jla_mock 0.176530 39.75618235 0.17118858 39.73530166
  jla_mock 0.182800 39.50157834 0.18906536 39.81945453
  jla_mock 0.297620 40.59765644 0.22708191 41.01337355
  jla_mock 0.196990 40.16959891 0.16336648 39.99934643
  jla_mock 0.152950 39.13113901 0.14755004 39.39286806
  jla_mock 0.248500 40.59859623 0.17447627 40.56615860
  jla_mock 0.138180 38.97615697 0.12408786 39.15224127
  jla_mock 0.207040 40.26619628 0.17044837 40.12013097
  jla_mock 0.214680 40.09509205 0.18059604 40.20809500
  jla_mock 0.306320 41.09338902 0.21502986 41.08542547
  jla_mock 0.246950 40.61966868 0.17120148 40.55068574
  jla_mock 0.198010 40.32812684 0.14489973 40.01195956
  jla_mock 0.222560 40.05143688 0.15195110 40.29590034
  jla_mock 0.135080 39.37371908 0.15130600 39.09944962
  jla_mock 0.210540 40.03091456 0.18260591 40.16065228
  jla_mock 0.272580 40.93475469 0.16910743 40.79461419
  jla_mock 0.246600 40.35245082 0.16168519 40.54719186
  jla_mock 0.220680 40.06549801 0.19428942 40.27512112
  jla_mock 0.274470 40.70437508 0.19147108 40.81179838
  jla_mock 0.176560 39.98436760 0.15540451 39.73570430
  jla_mock 0.310880 40.97533281 0.22015615 41.12242051
  jla_mock 0.184350 39.87652124 0.17307932 39.83952780
  jla_mock 0.159350 39.69083185 0.14827050 39.49074512
  jla_mock 0.219760 40.57759995 0.16604587 40.26495257
  jla_mock 0.252050 40.49361157 0.18410044 40.60119456
  jla_mock 0.181220 40.01608858 0.14940352 39.79824854
  jla_mock 0.173730 39.59470328 0.13336424 39.69707572
  jla_mock 0.380470 41.61482620 0.24246083 41.63266739
  jla_mock 0.178650 39.80848804 0.17172186 39.76375526
  jla_mock 0.245680 40.64683356 0.18910008 40.53800797
  jla_mock 0.209100 40.00478723 0.16102286 40.14415046
  jla_mock 0.249470 40.70532919 0.20970726 40.57584163
  jla_mock 0.133920 38.61451449 0.16606211 39.07901608
  jla_mock 0.177060 39.64515508 0.16039966 39.74241506
  jla_mock 0.281110 40.99751727 0.18775324 40.87112706
  jla_mock 0.173830 39.92883933 0.15186906 39.69847750
  jla_mock 0.196540 40.11841328 0.16513423 39.99378181
  jla_mock 0.363970 41.66288838 0.22724835 41.51991492
  jla_mock 0.378350 41.65054645 0.26733097 41.61851927
  jla_mock 0.316460 40.98790558 0.21038880 41.16699585
  jla_mock 0.183220 39.71669116 0.13519430 39.82498164
  jla_mock 0.241020 40.38834983 0.16773658 40.49113042
  jla_mock 0.202030 39.93737054 0.19953174 40.06053140
  jla_mock 0.168690 39.57419938 0.16511959 39.62642627
  jla_mock 0.197940 39.87160075 0.17492454 40.01109396
  jla_mock 0.122760 39.09743937 0.14574653 38.87391751
  jla_mock 0.203180 40.03388179 0.16105255 40.07421194
  jla_mock 0.127390 39.07565493 0.14895509 38.96152523
  jla_mock 0.275490 41.07035491 0.19972760 40.82107239
  jla_mock 0.144680 39.42358145 0.14721731 39.26108985
  jla_mock 0.334360 41.27661386 0.24977783 41.30538443
  jla_mock 0.195800 40.10720864 0.15392559 39.98463111
  jla_mock 0.193920 40.06620943 0.16374737 39.96138337
  jla_mock 0.249730 40.47567602 0.18580683 40.57843707
  jla_mock 0.148600 38.95501855 0.14879989 39.32445060
  jla_mock 0.155960 39.56110146 0.14872192 39.43916213
  jla_mock 0.095820 38.53169200 0.15034816 38.29891732
  jla_mock 0.150650 39.11143902 0.15872946 39.35749386
  jla_mock 0.309330 41.26707600 0.24715745 41.10984544
  jla_mock 0.248570 41.02823925 0.17340396 40.56685738
  jla_mock 0.365540 41.17991144 0.24311996 41.53084345
  jla_mock 0.117710 38.41467375 0.12847626 38.77612598
  jla_mock 0.191760 39.78386499 0.14428474 39.93467320
  jla_mock 0.182550 40.10897726 0.16171197 39.81609915
  jla_mock 0.234720 40.49650814 0.18444964 40.42613542
  jla_mock 0.246470 40.36220202 0.19927669 40.54589414
  jla_mock 0.288450 40.86927050 0.18873457 40.93532948
  jla_mock 0.209600 40.12160966 0.19927022 40.14988026
  jla_mock 0.191980 40.18011745 0.17965405 39.93739368
  jla_mock 0.114020 38.57983446 0.12215388 38.70128192
  jla_mock 0.113890 38.19548244 0.18397194 38.69864513
  jla_mock 0.198800 40.28000174 0.20967258 40.02172856
  jla_mock 0.220580 40.06638012 0.22796022 40.27401584
  jla_mock 0.182570 39.96402690 0.16453718 39.81636758
  jla_mock 0.158950 39.50186383 0.16372575 39.48487792
  jla_mock 0.078490 37.72429543 0.14911597 37.83830424
  jla_mock 0.138640 39.02907158 0.13217046 39.16007487
  jla_mock 0.180790 39.77916901 0.15445548 39.79247729
  jla_mock 0.177570 39.88660945 0.18629282 39.74926003
  jla_mock 0.170660 39.85423181 0.16102003 39.65404123
  jla_mock 0.233810 40.46051692 0.20858516 40.41674726
  jla_mock 0.071530 37.67313872 0.17410666 37.62633113
  jla_mock 0.154630 39.42119867 0.18791656 39.41870661
  jla_mock 0.090100 38.10396554 0.15950858 38.15556956
  jla_mock 0.176580 39.66953721 0.20448697 39.73597273
  jla_mock 0.130450 39.12379685 0.16440638 39.01658220
  jla_mock 0.182040 39.60044479 0.17166998 39.80925418
  jla_mock 0.256170 40.60246716 0.17261330 40.64102739
  jla_mock 0.138110 39.06523837 0.14854031 39.15104920
  jla_mock 0.170700 39.98633644 0.16749506 39.65460194
  jla_mock 0.216740 40.08215638 0.14793120 40.23157319
  jla_mock 0.245550 40.79290755 0.17887642 40.53671024
  jla_mock 0.143820 39.20300847 0.16709807 39.24718928
  jla_mock 0.248620 41.07402227 0.18856198 40.56735650
  jla_mock 0.145330 38.95439755 0.17138622 39.27159610
  jla_mock 0.135880 38.90056806 0.12760365 39.11307327
  jla_mock 0.058740 37.22831796 0.12754402 37.18054381
  jla_mock 0.036520 36.04215447 0.15191506 36.11467233
  jla_mock 0.277490 40.71010917 0.22703402 40.83917126
  jla_mock 0.205150 40.08912102 0.29701418 40.09764730
  jla_mock 0.280510 40.55925964 0.20078942 40.86583052
  jla_mock 0.198670 40.07384087 0.16215673 40.02012100
  jla_mock 0.159990 39.73913906 0.15164286 39.50013264
  jla_mock 0.210750 40.31873716 0.18113105 40.16305879
  jla_mock 0.071950 37.98943247 0.17245857 37.64010622
  jla_mock 0.237820 40.66868599 0.19074175 40.45811709
  jla_mock 0.141390 39.29686682 0.17359013 39.20690618
  jla_mock 0.155060 39.05467479 0.15760876 39.42532005
  jla_mock 0.370130 41.64031542 0.22886799 41.56264818
  jla_mock 0.093910 38.43915865 0.17056414 38.25106025
  jla_mock 0.118630 38.31197712 0.17057943 38.79478628
  jla_mock 0.153630 39.57243210 0.15381057 39.40332652
  jla_mock 0.253560 40.60238366 0.16809525 40.61579348
  jla_mock 0.107250 38.54313324 0.14420228 38.55855910
  jla_mock 0.129610 39.01187211 0.15302154 39.00146852
  jla_mock 0.266650 40.64006845 0.19376454 40.74023408
  jla_mock 0.212260 40.06898679 0.16262819 40.18036278
  jla_mock 0.278220 41.00036012 0.18167466 40.84561538
  jla_mock 0.245400 40.59352117 0.16811689 40.53521287
  jla_mock 0.133620 38.98047655 0.15059378 39.07361834
  jla_mock 0.176560 39.64311750 0.16208219 39.73570430
  jla_mock 0.113680 38.68143069 0.14584429 38.69438572
  jla_mock 0.320380 41.54001881 0.26368273 41.19795536
  jla_mock 0.112710 38.61418426 0.12253270 38.67471126
  jla_mock 0.106020 38.65509624 0.14472955 38.53191691
  jla_mock 0.391350 41.79074101 0.26610488 41.70446868
  jla_mock 0.155750 39.17759123 0.14611530 39.43593231
  jla_mock 0.186670 39.79836742 0.16762102 39.86939250
  jla_mock 0.196710 40.01716900 0.16669908 39.99588400
  jla_mock 0.191910 39.77625208 0.17339098 39.93652807
  jla_mock 0.190840 39.78258725 0.15087610 39.92307171
  jla_mock 0.176250 39.87484339 0.15361286 39.73154363
  jla_mock 0.128370 39.08670196 0.15035584 38.97915785
  jla_mock 0.122620 38.87644686 0.14734428 38.87124776
  jla_mock 0.127150 39.38511532 0.14706216 38.95720703
  jla_mock 0.213230 40.38859682 0.17620944 40.19147859
  jla_mock 0.218610 39.95428420 0.18110338 40.25224188
  jla_mock 0.268560 41.20619160 0.19152223 40.75806368
  jla_mock 0.204660 40.08745636 0.16518790 40.09181820
  jla_mock 0.267100 40.32406295 0.17377576 40.74445143
  jla_mock 0.217570 40.39281863 0.17264916 40.24074699
  jla_mock 0.241850 40.58412641 0.17151433 40.49969325
  jla_mock 0.293500 40.85292933 0.20071643 40.97864273
  jla_mock 0.353460 41.65240742 0.23113786 41.44568194
  jla_mock 0.185630 39.76696108 0.15494760 39.85600487
  jla_mock 0.285430 40.86693581 0.19928385 40.90926217
  jla_mock 0.194940 39.59920575 0.16836015 39.97399650
  jla_mock 0.075920 37.73226859 0.14499851 37.76188071
  jla_mock 0.163570 39.73366300 0.15777754 39.55264407
  jla_mock 0.257210 40.17193682 0.20821329 40.65108228
  jla_mock 0.219550 40.11687570 0.18725136 40.26263149
  jla_mock 0.175580 39.39834685 0.15163366 39.72255122
  jla_mock 0.226670 40.33488132 0.18608202 40.34066257
  jla_mock 0.153220 39.21551316 0.15082218 39.39702068
  jla_mock 0.210250 40.10851100 0.19550076 40.15732899
  jla_mock 0.121640 38.87606561 0.12361443 38.85255952
  jla_mock 0.291350 41.03156384 0.19904915 40.96020244
  jla_mock 0.294480 40.86192297 0.27859702 40.98704807
  jla_mock 0.164550 39.55484569 0.12599124 39.56701870
  jla_mock 0.307020 41.02876365 0.20906564 41.09110453
  jla_mock 0.198630 39.55114379 0.16157737 40.01962637
  jla_mock 0.268210 40.78991342 0.21539519 40.75485425
  jla_mock 0.401280 41.76383985 0.24823001 41.76844708
  jla_mock 0.136680 39.19643547 0.15334431 39.12669692
  jla_mock 0.295420 41.01599131 0.24720467 40.99502774
  jla_mock 0.291920 40.73710409 0.19219946 40.96509126
  jla_mock 0.090070 38.00886884 0.12096556 38.15481767
  jla_mock 0.205570 40.17153580 0.18292629 40.10264367
  jla_mock 0.145820 39.42027903 0.14934529 39.27951619
  jla_mock 0.117670 38.63010525 0.14486540 38.77531466
  jla_mock 0.054990 36.80538795 0.14997934 37.02755570
  jla_mock 0.174200 39.77026457 0.15142908 39.70366406
  jla_mock 0.244950 40.53986162 0.18020903 40.53072075
  jla_mock 0.224520 40.74385100 0.18249954 40.31756378
  jla_mock 0.245580 40.41253093 0.16228277 40.53700972
  jla_mock 0.283510 41.26590257 0.21250233 40.89231323
  jla_mock 0.180560 39.79025182 0.17619167 39.78939034
  jla_mock 0.103910 38.48020921 0.12352191 38.48621362
  jla_mock 0.129610 39.13266762 0.15326847 39.00146852
  jla_mock 0.243520 40.41783011 0.16045597 40.51644578
  jla_mock 0.331360 41.70324480 0.26935111 41.28283761
  jla_mock 0.243480 40.86989000 0.19048000 40.51604648
  jla_mock 0.314680 41.53513412 0.17577640 41.15293771
  jla_mock 0.218650 40.15404672 0.18935500 40.25268399
  jla_mock 0.260140 40.34840439 0.21925656 40.67922298
  jla_mock 0.282430 40.73184641 0.19830733 40.88277946
  jla_mock 0.300410 41.06078535 0.20581539 41.03663937
  jla_mock 0.151860 39.33531729 0.14864409 39.37610376
  jla_mock 0.263570 40.93384402 0.18936772 40.71136861
  jla_mock 0.213820 40.31059737 0.20621233 40.19823975
  jla_mock 0.162840 39.85527819 0.16761662 39.54193643
  jla_mock 0.124400 38.84934260 0.17140549 38.90519170
  jla_mock 0.194650 40.30292060 0.13938689 39.97041042
  jla_mock 0.205540 40.25869380 0.18299408 40.10228679
  jla_mock 0.106670 38.35964421 0.14588621 38.54599612
  jla_mock 0.187720 39.84244151 0.18724598 39.88290884
  jla_mock 0.163870 39.66600805 0.15682059 39.55704447
  jla_mock 0.290210 41.05355023 0.19470283 40.95042479
  jla_mock 0.094010 38.25953870 0.12497638 38.25356657
  jla_mock 0.227860 40.23280958 0.18009820 40.35336304
  jla_mock 0.107510 38.32809703 0.14764565 38.56419079
  jla_mock 0.310650 40.81699250 0.22259423 41.12055454
  jla_mock 0.145640 39.04638468 0.15575872 39.27660677
  jla_mock 0.087840 38.39382788 0.12609586 38.09813443
  jla_mock 0.148390 39.15460172 0.15572534 39.32105628
  jla_mock 0.286620 40.98947141 0.19365541 40.91963379
  jla_mock 0.122810 38.82647685 0.13329108 38.87487099
  jla_mock 0.186550 40.13841873 0.20280242 39.86784777
  jla_mock 0.128930 39.15146586 0.15503539 38.98923364
  jla_mock 0.194220 40.05010296 0.16863568 39.96509311
  jla_mock 0.148000 39.48226085 0.14676099 39.31475253
  jla_mock 0.211790 40.62286008 0.22866165 40.17497677
  jla_mock 0.179620 39.62808981 0.17351314 39.77677412
  jla_mock 0.263490 40.75609622 0.18130204 40.71061886
  jla_mock 0.192150 40.05565545 0.15956887 39.93949587
  jla_mock 0.338800 41.25153325 0.22987627 41.33867240
  jla_mock 0.117410 38.81425942 0.14766783 38.77004109
  jla_mock 0.143100 39.38784799 0.16841647 39.23555159
  jla_mock 0.160350 39.42416864 0.13218212 39.50541312
  jla_mock 0.288720 40.86431661 0.21129560 40.93764524
  jla_mock 0.123030 38.79911530 0.15464992 38.87906631
  jla_mock 0.264050 40.73387284 0.18533646 40.71586713
  jla_mock 0.126080 38.80503191 0.17182656 38.93722867
  jla_mock 0.173740 39.45237088 0.14981160 39.69721590
  jla_mock 0.164400 39.42644000 0.14972618 39.56481851
  jla_mock 0.249610 40.75762670 0.16242204 40.57723917
  jla_mock 0.159990 39.27605941 0.15136580 39.50013264
  jla_mock 0.244480 40.56554003 0.15150476 40.52602897
  jla_mock 0.248510 40.65595218 0.17707716 40.56625843
  jla_mock 0.228930 40.42744199 0.16847625 40.36478279
  jla_mock 0.085280 38.30306698 0.14384543 38.02850211
  jla_mock 0.062818 37.26657249 0.14854713 37.32965972
  jla_mock 0.277450 40.96660669 0.23370164 40.83881815
  jla_mock 0.275440 40.72783727 0.21508178 40.82061778
  jla_mock 0.330510 41.20398071 0.21087893 41.27629868
  jla_mock 0.361930 41.03169532 0.24565378 41.50571480
  jla_mock 0.331030 40.97713502 0.21800830 41.28029897
  jla_mock 0.160500 39.48756102 0.12714994 39.50761332
  jla_mock 0.300210 41.10758376 0.20430208 41.03497157
  jla_mock 0.116350 38.72359557 0.12231010 38.74854117
  jla_mock 0.218290 40.31575400 0.16062208 40.24870499
  jla_mock 0.119670 39.06935976 0.12046332 38.81499236
  jla_mock 0.154730 39.45678478 0.12395445 39.42024462
  jla_mock 0.178100 39.40084868 0.16562813 39.75637343
  jla_mock 0.250370 40.54720878 0.16560962 40.58482587
  jla_mock 0.251740 40.65785645 0.14466362 40.59819743
  jla_mock 0.129530 39.09871762 0.14518911 39.00002912
  jla_mock 0.309290 41.00492261 0.18810950 41.10952092
  jla_mock 0.278520 40.58732227 0.17881943 40.84826365
  jla_mock 0.185810 39.86494698 0.13605911 39.85832196
  jla_mock 0.066510 36.95556452 0.17228058 37.46168597
  jla_mock 0.258000 40.51910994 0.18756945 40.65872012
  jla_mock 0.298880 41.01901642 0.21609463 41.02388070
  jla_mock 0.270440 40.47872651 0.22437165 40.77515695
  jla_mock 0.279160 40.85415539 0.17183675 40.85391330
  jla_mock 0.292870 40.88808390 0.21554431 40.97323930
  jla_mock 0.189650 39.90746370 0.15711153 39.90775318
  jla_mock 0.265760 40.80572863 0.19291042 40.73189308
  jla_mock 0.123760 38.84627701 0.14509081 38.89298713
  jla_mock 0.182550 39.76714546 0.14971699 39.81609915
  jla_mock 0.056340 37.08930427 0.14895035 37.08333754
  jla_mock 0.312880 40.92671431 0.18264477 41.13864641
  jla_mock 0.309150 41.20804910 0.22328713 41.10838511
  jla_mock 0.200610 39.93247593 0.15587566 40.04363891
  jla_mock 0.326400 41.54005279 0.20549386 41.24468106
  jla_mock 0.211630 40.10096501 0.13899445 40.17314324
  jla_mock 0.179690 39.76990951 0.15636245 39.77771363
  jla_mock 0.302400 41.33646839 0.19662226 41.05323399
  jla_mock 0.109240 38.72783632 0.14870399 38.60166315
  jla_mock 0.085220 38.20231185 0.15002378 38.02687010
  jla_mock 0.202310 40.00809068 0.16131988 40.06386231
  jla_mock 0.126490 39.04038904 0.15584855 38.94504722
  jla_mock 0.214570 40.51901966 0.16812914 40.20683444
  jla_mock 0.320450 41.23080071 0.19168742 41.19850820
  jla_mock 0.218350 40.19383026 0.17273249 40.24936815
  jla_mock 0.190100 39.89379466 0.15982384 39.91354590
  jla_mock 0.092430 38.07389768 0.15614025 38.21396675
  jla_mock 0.379860 41.77487744 0.18489314 41.62861712
  jla_mock 0.211340 40.00459773 0.16607978 40.16981995
  jla_mock 0.258330 40.87002767 0.18011571 40.66191062
  jla_mock 0.183270 40.11696804 0.16855779 39.82562527
  jla_mock 0.212950 40.01666984 0.17784935 40.18826990
  jla_mock 0.116510 38.77451146 0.15544019 38.75178644
  jla_mock 0.144010 39.34843320 0.17185674 39.25026033
  jla_mock 0.252490 40.49824221 0.18599877 40.60544855
  jla_mock 0.255390 40.44594294 0.21319916 40.63348622
  jla_mock 0.216980 39.90123386 0.18860575 40.23422585
  jla_mock 1.265901 44.97474513 0.22380442 44.79726150
  jla_mock 0.935774 43.93302087 0.22958872 43.98936774
  jla_mock 0.049519 36.64735129 0.20228994 36.79241934
  jla_mock 0.030325 35.40345063 0.18207848 35.69463564
  jla_mock 0.074579 38.19319447 0.21872943 37.72200368
  jla_mock 0.025198 35.19557620 0.22034080 35.27019548
  jla_mock 0.014411 33.73379566 0.20528439 34.03100129
  jla_mock 0.020792 34.67365290 0.19750056 34.84402582
  jla_mock 0.035218 35.87941101 0.20378488 36.02701442
  jla_mock 0.041657 36.53730307 0.21523275 36.40181746
  jla_mock 0.042400 36.13953492 0.20618664 36.44334925
  jla_mock 0.018902 35.03168837 0.18361956 34.61733569
  jla_mock 0.078840 37.54351851 0.21534076 37.84871212
  jla_mock 0.063345 37.44913772 0.20758765 37.34892997
  jla_mock 0.027637 35.53844584 0.23141589 35.48155629
  jla_mock 0.049325 36.62018151 0.21068097 36.78320287
  jla_mock 0.070153 37.74582425 0.22041411 37.58116850
  jla_mock 0.023909 35.03292840 0.18367797 35.15849228
  jla_mock 0.053126 37.09943255 0.22335947 36.95053545
  jla_mock 0.024951 35.42572090 0.18978288 35.24879075
  jla_mock 0.015664 34.04824473 0.20165316 34.22896394
  jla_mock 0.048984 36.69387794 0.15985830 36.76700280
  jla_mock 0.022399 35.13589220 0.18927946 35.02763749
  jla_mock 0.034854 35.94526194 0.23666209 36.00228810
  jla_mock 0.016966 34.75685681 0.20291443 34.38512824
  jla_mock 0.030721 35.86829498 0.18171781 35.72153570
  jla_mock 0.030482 35.53311451 0.18203752 35.70530056
  jla_mock 0.010550 33.41303484 0.21945028 33.27241718
  jla_mock 0.014256 34.07347426 0.17170736 34.00054790
  jla_mock 0.027688 35.45623114 0.18124529 35.48597589
  jla_mock 0.053860 37.23578481 0.15903793 36.98086424
  jla_mock 0.017672 34.43651763 0.19251135 34.46980720
  jla_mock 0.017450 34.53158873 0.17037052 34.44318011
  jla_mock 0.015573 34.25604329 0.20219934 34.21804923
  jla_mock 0.010060 33.08233119 0.23112569 33.17614517
  jla_mock 0.054931 36.98653541 0.18431298 37.02511783
  jla_mock 0.039083 35.88731559 0.16317419 36.25793746
  jla_mock 0.078317 37.96706401 0.18391968 37.83315978
  jla_mock 0.031764 35.94533034 0.15356487 35.79238611
  jla_mock 0.014440 34.32733670 0.22581465 34.03669902
  jla_mock 0.013533 33.87908110 0.22079334 33.85849757
  jla_mock 0.026677 35.54070152 0.19349962 35.39836385
  jla_mock 0.023360 35.05930932 0.17880596 35.11091660
  jla_mock 0.036934 35.93936714 0.19001518 36.13781387
  jla_mock 0.023552 35.10891674 0.17819828 35.12755509
  jla_mock 0.017483 34.57421196 0.19211831 34.44713819
  jla_mock 0.040259 36.28755488 0.17447686 36.32367284
  jla_mock 0.030381 35.58566070 0.20408145 35.69843968
  jla_mock 0.015504 34.33419445 0.20027602 34.20977324
  jla_mock 0.014151 33.80205387 0.18788306 33.97991818
  jla_mock 0.015487 34.03862572 0.18431337 34.20773422
  jla_mock 0.015554 34.37595923 0.19852180 34.21577033
  jla_mock 0.037075 36.25840363 0.15485493 36.14569541
  jla_mock 0.015482 34.07827107 0.20249750 34.20713452
  jla_mock 0.013324 33.93208281 0.18643777 33.81743462
  jla_mock 0.014575 33.84907138 0.20791179 34.06322294
  jla_mock 0.015791 34.37685043 0.19846605 34.24419655
  jla_mock 0.024746 35.43536970 0.17954713 35.23102570
  jla_mock 0.027748 35.35678203 0.17503344 35.49117542
  jla_mock 0.010888 33.12448714 0.25477943 33.33882522
  jla_mock 0.013652 33.92204309 0.18670962 33.88187792
  jla_mock 0.035755 36.04017546 0.16295663 36.06349253
  jla_mock 0.024725 35.26249884 0.17710562 35.22920587
  jla_mock 0.038086 36.51093380 0.17051564 36.20220772
  jla_mock 0.021541 34.88186551 0.17711857 34.93386228
  jla_mock 0.019581 34.56902315 0.17898631 34.69877622
  jla_mock 0.030416 35.62044554 0.17571774 35.70081721
  jla_mock 0.039219 36.22467891 0.17021381 36.26553951
  jla_mock 0.034971 36.16406188 0.15987848 36.01023585
  jla_mock 0.028561 35.37576407 0.17650121 35.56162903
  jla_mock 0.020997 34.80255275 0.18822756 34.86861390
  jla_mock 0.032538 35.99385433 0.18232286 35.84496350
  jla_mock 0.015469 34.08161890 0.19318910 34.20557527
  jla_mock 0.015678 34.08207279 0.20747940 34.23064312
  jla_mock 0.027499 35.28027915 0.15598630 35.46959738
  jla_mock 0.046856 36.50211808 0.17134850 36.66590675
  jla_mock 0.033173 35.96472444 0.18295753 35.88809870
  jla_mock 0.010291 33.50441328 0.23549671 33.22153055
  jla_mock 0.080103 37.96631081 0.17116407 37.88626968
  jla_mock 0.012317 33.54998793 0.20020781 33.61958582
  jla_mock 0.024586 35.26064153 0.20631378 35.21716029
  jla_mock 0.014467 34.08964794 0.20827809 34.04200380
  jla_mock 0.015154 34.56863334 0.18399751 34.16779358
  jla_mock 0.029086 35.38601736 0.17337203 35.60712490
  jla_mock 0.034781 35.93873673 0.17928903 35.99732925
  jla_mock 0.044920 36.72081989 0.14070569 36.57393215
  jla_mock 0.034074 36.00047034 0.16958177 35.94930313
  jla_mock 0.074870 37.74186349 0.14386215 37.73065708
  jla_mock 0.014960 34.12552263 0.19782876 34.13886523
  jla_mock 0.020396 34.83467022 0.17103812 34.79652884
  jla_mock 0.040689 36.44211548 0.17468105 36.34770874
  jla_mock 0.026567 35.55621209 0.18033141 35.38883138
  jla_mock 0.026881 35.58899828 0.15330990 35.41604224
  jla_mock 0.023471 35.32213060 0.17597781 35.12053573
  jla_mock 0.069122 37.53695263 0.19117659 37.54735393
  jla_mock 0.065193 37.24082942 0.15879632 37.41650383
  jla_mock 0.022980 35.01183503 0.17790505 35.07798626
  jla_mock 0.017387 34.71504521 0.19829162 34.43562377
  jla_mock 0.031485 35.67763967 0.15108749 35.77343379
  jla_mock 0.011184 33.58407539 0.19447979 33.39698137
  jla_mock 0.021956 35.09780442 0.17567209 34.98363815
  jla_mock 0.031484 35.52159059 0.15080691 35.77336586
  jla_mock 0.023321 34.99860583 0.20285194 35.10753691
  jla_mock 0.020390 34.83050022 0.18300723 34.79580919
  jla_mock 0.022466 35.37012602 0.18140785 35.03344363
  jla_mock 0.033614 35.71081195 0.18044129 35.91805559
  jla_mock 0.036969 36.13953013 0.17916902 36.13977028
  jla_mock 0.022629 35.14103983 0.18007478 35.04756902
  jla_mock 0.014700 34.10174698 0.18462322 34.08778212
  jla_mock 0.036950 36.30835631 0.14876338 36.13870823
  jla_mock 0.060959 37.07556629 0.12531329 37.26168363
  jla_mock 0.059289 37.46753765 0.12135718 37.20061851
  jla_mock 0.069751 37.46737594 0.15873536 37.56798377
  jla_mock 0.029526 35.48584353 0.17470465 35.64036001
  jla_mock 0.033255 35.90117712 0.17565362 35.89366892
  jla_mock 0.024159 35.12582492 0.18124182 35.18015698
  jla_mock 0.015999 34.22824381 0.19155982 34.26914446
  jla_mock 0.062961 37.21062508 0.16530929 37.33488865
  jla_mock 0.021706 35.14870481 0.19186355 34.95365268
  jla_mock 0.031638 35.91954433 0.18943844 35.78382700
  jla_mock 0.018599 34.57374901 0.17304818 34.58099331
  jla_mock 0.027064 35.59474046 0.17332763 35.43190080
  jla_mock 0.025468 35.31910500 0.18469991 35.29359335
  jla_mock 0.023810 34.95842617 0.19336693 35.14991306
  jla_mock 0.023867 35.11647908 0.18298494 35.15485261
  jla_mock 0.022068 34.91348379 0.16678206 34.99707164
