  jla_mock 0.503084 42.57581219 0.14571158 42.35108100
  jla_mock 0.580724 42.61724566 0.16122778 42.72552632
  jla_mock 0.494795 42.46866145 0.12070859 42.30795504
  jla_mock 0.345928 41.45410281 0.13253081 41.39118194
  jla_mock 0.677662 43.12549982 0.22871689 43.13175210
  jla_mock 0.610712 42.60465218 0.22548733 42.85765176
  jla_mock 0.866494 43.89676140 0.25803499 43.78417385
  jla_mock 0.330932 41.39080709 0.12801230 41.27954507
  jla_mock 0.798566 43.88319918 0.25919990 43.56688646
  jla_mock 0.449562 42.20768856 0.16139765 42.06009851
  jla_mock 0.371443 41.56296583 0.14921889 41.57157260
  jla_mock 0.291718 40.95441657 0.14231442 40.96335873
  jla_mock 0.355820 41.45031225 0.14101044 41.46251312
  jla_mock 0.461274 42.05623133 0.15587207 42.12639800
  jla_mock 0.283610 40.94817293 0.13055630 40.89319599
  jla_mock 0.632234 43.08634888 0.22182909 42.94875922
  jla_mock 0.466414 42.33780832 0.17243727 42.15507604
  jla_mock 0.268624 40.90483091 0.12820280 40.75864558
  jla_mock 0.946890 44.17218153 0.29224985 44.02088236
  jla_mock 0.924917 43.79763671 0.31213110 43.95825216
  jla_mock 0.693165 43.25314183 0.29243158 43.19149304
  jla_mock 0.625233 43.16505375 0.19088816 42.91943219
  jla_mock 0.896944 44.04929972 0.26745476 43.87629010
  jla_mock 0.608261 42.93433119 0.15987482 42.84713700
  jla_mock 0.789054 43.42378671 0.26932700 43.53500333
  jla_mock 0.578292 42.69377516 0.14637659 42.71452713
  jla_mock 0.590280 42.58616499 0.18966931 42.76830634
  jla_mock 0.719626 43.01641095 0.25305179 43.29065226
  jla_mock 0.210032 40.26067981 0.13132256 40.15483080
  jla_mock 0.766590 43.28981775 0.22576765 43.45828289
  jla_mock 0.858513 43.48596099 0.22289539 43.75956030
  jla_mock 0.367904 41.51947112 0.09931133 41.54729890
  jla_mock 0.558746 42.94323663 0.15678156 42.62454440
  jla_mock 0.848509 43.89976574 0.21739327 43.72833562
  jla_mock 0.996390 43.78998755 0.24266005 44.15702957
  jla_mock 0.776594 43.52642061 0.26449227 43.49271322
  jla_mock 0.582932 42.65842765 0.13306958 42.73551243
  jla_mock 0.583743 42.86935388 0.16752875 42.73918034
  jla_mock 0.796552 43.55473706 0.22887969 43.56021387
  jla_mock 0.588721 42.82148964 0.15579306 42.76137980
  jla_mock 0.913473 43.37139371 0.24294053 43.92502563
  jla_mock 0.768587 43.58691715 0.23905376 43.46520986
  jla_mock 0.948455 43.78741512 0.26528102 44.02529941
  jla_mock 0.513793 42.62974562 0.15287930 42.40582273
  jla_mock 0.733609 43.40758706 0.19294483 43.34167511
  jla_mock 0.637701 42.86823890 0.27010736 42.97142091
  jla_mock 0.765588 43.35299030 0.21113574 43.45480726
  jla_mock 0.434861 41.94427940 0.15772880 41.97448442
  jla_mock 0.983407 44.58316296 0.25879722 44.12197372
  jla_mock 0.583743 42.82631342 0.16232669 42.73918034
  jla_mock 0.700631 43.37129682 0.21687358 43.21987569
  jla_mock 0.662058 43.06869836 0.21294856 43.07025770
  jla_mock 0.838126 43.99641452 0.28077453 43.69551364
  jla_mock 0.621874 42.72253261 0.17546981 42.90526861
  jla_mock 0.370586 41.39585389 0.14291643 41.56574760
  jla_mock 0.416632 41.70726485 0.13815441 41.86461950
  jla_mock 0.358570 41.58304105 0.10704088 41.48212572
  jla_mock 0.451681 41.79927902 0.15278703 42.07216742
  jla_mock 0.522762 42.32362939 0.16112888 42.45088093
  jla_mock 0.733996 43.29669106 0.30408870 43.34308204
  jla_mock 0.701965 43.03129341 0.31176741 43.22488288
  jla_mock 0.742008 43.35147975 0.29013165 43.37180407
  jla_mock 0.746118 43.37270802 0.21822021 43.38651198
  jla_mock 0.349560 41.59386555 0.13472825 41.41773364
  jla_mock 0.591835 42.52379987 0.15357327 42.77521512
  jla_mock 0.514746 42.25076919 0.15561143 42.41063888
  jla_mock 0.620632 42.76154229 0.18447364 42.90003158
  jla_mock 0.643646 43.08665231 0.24392132 42.99587363
  jla_mock 1.002795 44.09088188 0.33216844 44.17412957
  jla_mock 0.470586 42.23868390 0.14420733 42.17805785
  jla_mock 0.610643 42.78499035 0.15877872 42.85735575
  jla_mock 0.263487 40.65555768 0.12804977 40.71059074
  jla_mock 0.358336 41.52705237 0.12918713 41.48045687
  jla_mock 0.742697 43.80519939 0.25908753 43.37426971
  jla_mock 0.451556 42.08220930 0.11538935 42.07145547
  jla_mock 0.910752 43.48251874 0.26164869 43.91705349
  jla_mock 0.552605 42.52673238 0.15821060 42.59574777
  jla_mock 0.337534 41.43535270 0.12813367 41.32918083
  jla_mock 0.750681 43.29471202 0.24281434 43.40263657
  jla_mock 0.983777 44.78204990 0.34665096 44.12297525
  jla_mock 0.822697 43.66139714 0.22175759 43.64609281
  jla_mock 0.813696 43.34052695 0.24256727 43.61677497
  jla_mock 0.950763 43.77722763 0.26472927 44.03181349
  jla_mock 0.817732 44.01449705 0.24643394 43.62994659
  jla_mock 0.340520 41.50337580 0.12574260 41.35156774
  jla_mock 0.960751 44.09088529 0.28766046 44.05969252
  jla_mock 0.810720 43.67381733 0.27275574 43.60706270
  jla_mock 0.756687 43.33432380 0.24755189 43.42379562
  jla_mock 0.611252 42.75549861 0.18572910 42.85996836
  jla_mock 0.877971 43.74954408 0.22378685 43.81925155
  jla_mock 0.548325 42.54903135 0.14258079 42.57535592
  jla_mock 0.809032 43.54715375 0.23222084 43.60155386
  jla_mock 1.028800 44.40293847 0.28337345 44.24255906
  jla_mock 0.627239 43.12603303 0.17555461 42.92789070
  jla_mock 0.422452 41.93565650 0.15606690 41.90009559
  jla_mock 0.933900 44.17606216 0.34999950 43.98400344
  jla_mock 0.701158 43.19338453 0.22740618 43.22185379
  jla_mock 0.697164 43.56881545 0.20952266 43.20674812
  jla_mock 0.685179 43.00985855 0.27044472 43.16089914
  jla_mock 0.767075 43.44406830 0.25233801 43.45996521
  jla_mock 0.931901 43.86644160 0.25136810 43.97828133
  jla_mock 0.863978 43.40317442 0.24510246 43.77643514
  jla_mock 0.749100 43.42438736 0.22590126 43.39706674
  jla_mock 0.514353 42.48285787 0.15357466 42.40865279
  jla_mock 0.468406 42.03258991 0.11440416 42.16613949
  jla_mock 0.470398 42.27019959 0.15654577 42.17703003
  jla_mock 0.958871 44.35933329 0.27681249 44.05446029
  jla_mock 0.927909 43.99257788 0.29724149 43.96685429
  jla_mock 0.840522 43.46219183 0.21913135 43.70310328
  jla_mock 0.630699 42.86512465 0.17083127 42.94239637
  jla_mock 0.562751 42.65997958 0.14440652 42.64332481
  jla_mock 0.615698 42.74811576 0.16969222 42.87904165
  jla_mock 0.828528 43.75989486 0.22446355 43.66483979
  jla_mock 0.564741 42.55859387 0.16042692 42.65249802
  jla_mock 0.578745 42.76110025 0.14758356 42.71657591
  jla_mock 0.557743 42.25914700 0.15831963 42.61984109
  jla_mock 0.864497 43.13753464 0.22870035 43.77803148
  jla_mock 0.735608 43.32783527 0.23468503 43.34890124
  jla_mock 0.858507 43.20400991 0.28336591 43.75954157
  jla_mock 0.261984 40.50398244 0.10443414 40.69650477
  jla_mock 0.585743 42.48026152 0.18660838 42.74814872
  jla_mock 0.761580 43.45080759 0.21598834 43.44090475
  jla_mock 0.488800 42.24762745 0.11155101 42.27645931
  jla_mock 0.858516 43.21731836 0.27431051 43.75956966
  jla_mock 0.688656 43.03260509 0.18053033 43.17429244
  jla_mock 0.558743 42.88449260 0.15491557 42.62453033
  jla_mock 0.324532 41.25447153 0.12601850 41.23031081
  jla_mock 0.480704 42.24872097 0.10839252 42.23310364
  jla_mock 0.185371 39.82440197 0.13095679 39.85267084
  jla_mock 0.922221 44.18885877 0.33854809 43.95042459
  jla_mock 0.681942 43.20713730 0.19640351 43.14834773
  jla_mock 0.475707 42.20676798 0.10811298 42.20605508
  jla_mock 0.922210 44.21252632 0.27644363 43.95039265
  jla_mock 0.893183 43.49652486 0.25783329 43.86505298
  jla_mock 0.428646 41.96704015 0.14143599 41.93756341
  jla_mock 0.631882 42.62331729 0.23474045 42.94730012
  jla_mock 0.699960 43.05803894 0.25834877 43.21735709
  jla_mock 0.736007 42.98641578 0.26468680 43.35032909
  jla_mock 0.575823 42.88697837 0.15953941 42.70336060
  jla_mock 0.418633 41.90976699 0.10651651 41.87691426
  jla_mock 0.511746 42.35874097 0.12000546 42.39547784
  jla_mock 0.535771 42.46768302 0.12653138 42.51490290
  jla_mock 0.641893 42.61231758 0.21547239 42.98872907
  jla_mock 0.734996 43.63668066 0.22720400 43.34671116
  jla_mock 0.351560 41.32608491 0.13079492 41.43213142
  jla_mock 0.609860 42.87168118 0.17401244 42.85399669
  jla_mock 0.349557 41.48036447 0.13436921 41.41771171
  jla_mock 0.701969 43.07488147 0.18819535 43.22489789
  jla_mock 0.355261 41.52174745 0.10427939 41.45852641
  jla_mock 0.983280 44.16992560 0.25756994 44.12162996
  jla_mock 0.872152 44.51123682 0.26597542 43.80157672
  jla_mock 0.759030 43.32252020 0.20819082 43.43204997
  jla_mock 0.926220 43.78734580 0.24599386 43.96201956
  jla_mock 0.643642 42.82468570 0.22846121 42.99585733
  jla_mock 0.419569 41.98784867 0.13772753 41.88259578
  jla_mock 0.515587 42.36996481 0.20313602 42.41488903
  jla_mock 0.890729 43.56601838 0.21057911 43.85772092
  jla_mock 0.805696 43.82555528 0.22987004 43.59050885
  jla_mock 0.480568 42.25324558 0.10874993 42.23237487
  jla_mock 0.800697 43.82484983 0.24546005 43.57394667
  jla_mock 0.580604 42.86438314 0.18881444 42.72498360
  jla_mock 0.715652 43.10386393 0.24396561 43.27597318
  jla_mock 0.805695 43.78575913 0.23276535 43.59050554
  jla_mock 0.766684 43.66711757 0.25283777 43.45860895
  jla_mock 0.664638 43.20075647 0.19578546 43.08055024
  jla_mock 0.901736 43.78060401 0.25190507 43.89049989
  jla_mock 0.745665 43.93301188 0.21142864 43.38489089
  jla_mock 0.718680 43.34752542 0.20380008 43.28715794
  jla_mock 0.736690 43.20865426 0.19636251 43.35277325
  jla_mock 0.579600 42.70216217 0.12084594 42.72044282
  jla_mock 0.370531 41.51583461 0.10256736 41.56537377
  jla_mock 0.960740 43.56030291 0.23956115 44.05966190
  jla_mock 0.850729 43.74699632 0.21179952 43.73526472
  jla_mock 0.648640 42.86767086 0.19254569 43.01622729
  jla_mock 0.219462 40.23198923 0.13036783 40.26165884
  jla_mock 0.936755 43.88795332 0.24129989 43.99217583
  jla_mock 0.647639 43.07381680 0.17876349 43.01214759
  jla_mock 0.461564 42.04834344 0.13341110 42.12801602
  jla_mock 0.600603 42.85277881 0.17945434 42.81380214
  jla_mock 0.670654 42.83934916 0.23100742 43.10426437
  jla_mock 0.760698 43.41176703 0.20946016 43.43784537
  jla_mock 0.246492 40.41104052 0.13212126 40.54611375
  jla_mock 0.470573 42.37207467 0.14759396 42.17798678
  jla_mock 0.169455 39.51131784 0.11209573 39.63714984
  jla_mock 0.497379 42.25650687 0.12912927 42.32153052
  jla_mock 0.638234 43.15491273 0.19688575 42.97363029
  jla_mock 0.507371 42.33771719 0.14542671 42.37316793
  jla_mock 0.535327 42.39451746 0.14229510 42.51274244
  jla_mock 0.587285 42.64282936 0.16639385 42.75499974
  jla_mock 0.773081 43.21108249 0.25620999 43.48071408
  jla_mock 0.699166 43.04038997 0.22210270 43.21437680
  jla_mock 0.370511 41.53356668 0.12736057 41.56523783
  jla_mock 0.761089 43.63010642 0.22808946 43.43920163
  jla_mock 0.699169 43.38526223 0.21959570 43.21438806
  jla_mock 0.788060 43.52692455 0.19242158 43.53165972
  jla_mock 0.373513 41.39728821 0.13202741 41.58564233
  jla_mock 0.405478 41.62541547 0.13198879 41.79507834
  jla_mock 0.852994 43.87490858 0.25729076 43.74233429
  jla_mock 0.808048 43.57288699 0.24185374 43.59830126
  jla_mock 0.603272 42.64499396 0.18397635 42.82545340
  jla_mock 0.583290 42.71167814 0.17902789 42.73713156
  jla_mock 0.534335 42.44860473 0.14774220 42.50791545
  jla_mock 0.720140 43.77865509 0.24070231 43.29255086
  jla_mock 0.400485 41.86122129 0.21060605 41.76340376
  jla_mock 0.837004 43.59550695 0.21502566 43.69195956
  jla_mock 0.371508 41.61878713 0.10193219 41.57201440
  jla_mock 0.806041 43.41254876 0.25907683 43.59165187
  jla_mock 0.840005 43.80830525 0.23506835 43.70146561
  jla_mock 0.500728 42.23299282 0.12981336 42.33894272
  jla_mock 0.532765 42.63524723 0.17422186 42.50027598
  jla_mock 0.533766 42.46220516 0.18215335 42.50514675
  jla_mock 0.932229 44.39106918 0.34152943 43.97922023
  jla_mock 0.822103 43.30781238 0.25790730 43.64418307
  jla_mock 0.553797 42.85615944 0.13544877 42.60133735
  jla_mock 0.125298 38.83439328 0.13709229 38.92231622
  jla_mock 0.842123 43.61847427 0.28302626 43.70817465
  jla_mock 0.443668 41.97418502 0.15186631 42.02604866
  jla_mock 0.727675 42.93139812 0.24978201 43.32010216
  jla_mock 0.683659 42.97233078 0.41253064 43.15500537
  jla_mock 0.442548 42.06555752 0.13367762 42.01953486
  jla_mock 0.726679 42.88722742 0.20021505 43.31648122
  jla_mock 0.282510 40.86409156 0.12747632 40.88348566
  jla_mock 0.404549 41.61740541 0.12965359 41.78918496
  jla_mock 0.519611 42.46384619 0.13964385 42.43522504
  jla_mock 0.690652 42.95349240 0.23214813 43.18190663
  jla_mock 1.060801 44.35081796 0.27869308 44.32447227
  jla_mock 0.576612 42.58510556 0.15376326 42.70692901
  jla_mock 0.268489 40.88793966 0.12614174 40.75741813
  jla_mock 0.720680 43.58638197 0.25106936 43.29454550
  jla_mock 0.250498 40.47469377 0.13111277 40.58610363
  jla_mock 0.760691 43.36141233 0.27664014 43.43782109
  jla_mock 0.698167 42.97724144 0.26129048 43.21057429
  jla_mock 0.550315 42.62250121 0.16854352 42.58486067
  jla_mock 0.730128 43.04063779 0.23524622 43.32902000
  jla_mock 0.847985 43.61076040 0.24702775 43.72670010
  jla_mock 0.997826 44.17865110 0.24705649 44.16086339
  jla_mock 0.435446 41.91429480 0.13052406 41.97795969
  jla_mock 0.409470 41.79753794 0.12922369 41.82018436
  jla_mock 0.301590 41.15668861 0.12598595 41.04647939
  jla_mock 1.299106 44.99891633 0.19340708 44.86649555
  jla_mock 1.020807 44.15869759 0.23668119 44.22175183
  jla_mock 0.839734 43.86942851 0.19264717 43.70060719
  jla_mock 1.120850 44.46451654 0.20807086 44.47175959
  jla_mock 1.230892 45.03740131 0.23900250 44.72227987
  jla_mock 0.974230 43.82960565 0.18427047 44.09690728
  jla_mock 0.970782 43.98605252 0.33863365 44.08744397
  jla_mock 0.064229 37.57297593 0.15072784 37.38125426
  jla_mock 0.129030 39.20594581 0.16416611 38.99103288
  jla_mock 0.102890 38.32240201 0.14983539 38.46320916
  jla_mock 0.044130 36.40383779 0.17359564 36.53640119
  jla_mock 0.113040 38.53402424 0.15276523 38.68140463
  jla_mock 0.256110 40.48880149 0.20496122 40.64044730
  jla_mock 0.380260 42.09100546 0.28702753 41.63127303
  jla_mock 0.145470 39.04957814 0.16218924 39.27385898
  jla_mock 0.088890 37.93336274 0.14636771 38.12524312
  jla_mock 0.260590 40.15652842 0.18294429 40.68344034
  jla_mock 0.078910 37.99068877 0.15602647 37.85079369
  jla_mock 0.083040 38.21803022 0.15331705 37.96757382
  jla_mock 0.165650 39.59077742 0.13854363 39.58315350
  jla_mock 0.168170 39.46834798 0.16196037 39.61913704
  jla_mock 0.170630 39.63263531 0.16520984 39.65362070
  jla_mock 0.170280 39.52997807 0.17035518 39.64871449
  jla_mock 0.120440 38.75748649 0.15109792 38.82967597
  jla_mock 0.276530 40.83535819 0.21443501 40.83052825
  jla_mock 0.231600 40.75062889 0.18253328 40.39327881
  jla_mock 0.305690 40.86791384 0.26735001 41.08031431
  jla_mock 0.079970 37.56149711 0.16566195 37.88231469
  jla_mock 0.174150 39.93152069 0.15831009 39.70296318
  jla_mock 0.138680 39.30814652 0.16604939 39.16075605
  jla_mock 0.146070 39.14607499 0.16391832 39.28355706
  jla_mock 0.081330 38.03343048 0.14393418 37.92106160
  jla_mock 0.233800 40.38375664 0.17178002 40.41664409
  jla_mock 0.256550 40.76816462 0.17733386 40.64470129
  jla_mock 0.245620 40.62616948 0.20041043 40.53740902
  jla_mock 0.125930 38.80996901 0.19132506 38.93436823
  jla_mock 0.223510 40.53397203 0.21582750 40.30640047
  jla_mock 0.102640 38.44495245 0.14663754 38.45739969
  jla_mock 0.119670 38.62745564 0.14566661 38.81499236
  jla_mock 0.180550 39.97128108 0.16851019 39.78925613
  jla_mock 0.197090 39.88830137 0.17389574 40.00058301
  jla_mock 0.229160 40.65900436 0.19939442 40.36723751
  jla_mock 0.264510 40.62048919 0.19876199 40.72017820
  jla_mock 0.103370 38.44338183 0.12264053 38.47436335
  jla_mock 0.364410 41.50389804 0.23042794 41.52297770
  jla_mock 0.205600 39.99284163 0.15584351 40.10300055
  jla_mock 0.179810 39.75784582 0.19620482 39.77932421
  jla_mock 0.199590 40.12369798 0.18224440 40.03149756
  jla_mock 0.156530 39.35953512 0.15012954 39.44792878
  jla_mock 0.161800 39.64306287 0.14760764 39.52668171
  jla_mock 0.209530 40.13567187 0.20608020 40.14907809
  jla_mock 0.241790 40.45390713 0.19813238 40.49907425
  jla_mock 0.236460 40.33794969 0.16266354 40.44408642
  jla_mock 0.226680 40.15798742 0.21050732 40.34076930
  jla_mock 0.296780 40.85933635 0.19716042 41.00636879
  jla_mock 0.208520 39.92335482 0.16317028 40.13750389
  jla_mock 0.251040 40.77186221 0.22085837 40.59142971
  jla_mock 0.250120 40.82907335 0.17967388 40.58233025
  jla_mock 0.117710 38.76726799 0.14551100 38.77612598
  jla_mock 0.219710 40.15669816 0.16999397 40.26439993
  jla_mock 0.149010 39.32738741 0.14890457 39.33107762
  jla_mock 0.287420 40.85170688 0.18840122 40.92649529
  jla_mock 0.143600 39.32557533 0.16639625 39.24363332
  jla_mock 0.328370 41.35485736 0.19601268 41.25983598
  jla_mock 0.246250 40.40347599 0.16506508 40.54369799
  jla_mock 0.119660 38.77999988 0.15026680 38.81480166
  jla_mock 0.328380 41.40693282 0.27642285 41.25991291
  jla_mock 0.215130 39.94964162 0.18366862 40.21325182
  jla_mock 0.144780 39.07704473 0.13616902 39.26270620
  jla_mock 0.132430 39.23644296 0.12839376 39.05220730
  jla_mock 0.210820 39.94526374 0.16235031 40.16386096
  jla_mock 0.203990 40.13324602 0.15780808 40.08384780
  jla_mock 0.279520 40.81760594 0.16701092 40.85709122
  jla_mock 0.044280 36.30735623 0.15509722 36.54352732
  jla_mock 0.180370 39.78304427 0.15078404 39.78684026
  jla_mock 0.260700 40.71044386 0.18972170 40.68447125
  jla_mock 0.056540 37.34149006 0.18696980 37.09160151
  jla_mock 0.212600 40.37846890 0.19194689 40.18425904
  jla_mock 0.369410 41.55630984 0.23700047 41.55775436
  jla_mock 0.173860 39.67822000 0.13051969 39.69889803
  jla_mock 0.142650 39.56974481 0.16862649 39.22827803
  jla_mock 0.177890 40.13837416 0.17323466 39.75355491
  jla_mock 0.328370 41.41064045 0.20656404 41.25983598
  jla_mock 0.253510 40.83669096 0.19560920 40.61531008
  jla_mock 0.300010 41.13697918 0.19320267 41.03330377
  jla_mock 0.105890 38.35371137 0.14607715 38.52910106
  jla_mock 0.223280 40.46695927 0.16843887 40.30385834
  jla_mock 0.118450 38.67794142 0.12252294 38.79113535
  jla_mock 0.176530 39.74169509 0.17118858 39.73530166
  jla_mock 0.182800 39.68355991 0.18906536 39.81945453
  jla_mock 0.297620 40.60911164 0.22708191 41.01337355
  jla_mock 0.196990 39.81430698 0.16336648 39.99934643
  jla_mock 0.152950 39.44346078 0.14755004 39.39286806
  jla_mock 0.248500 40.60675076 0.17447627 40.56615860
  jla_mock 0.138180 39.08831205 0.12408786 39.15224127
  jla_mock 0.207040 40.20723457 0.17044837 40.12013097
  jla_mock 0.214680 40.21591531 0.18059604 40.20809500
  jla_mock 0.306320 40.80054140 0.21502986 41.08542547
  jla_mock 0.246950 40.66053506 0.17120148 40.55068574
  jla_mock 0.198010 40.09423859 0.14489973 40.01195956
  jla_mock 0.222560 40.49653974 0.15195110 40.29590034
  jla_mock 0.135080 38.93365375 0.15130600 39.09944962
  jla_mock 0.210540 40.20174721 0.18260591 40.16065228
  jla_mock 0.272580 41.01528791 0.16910743 40.79461419
  jla_mock 0.246600 40.55266572 0.16168519 40.54719186
  jla_mock 0.220680 39.93156549 0.19428942 40.27512112
  jla_mock 0.274470 40.61455981 0.19147108 40.81179838
  jla_mock 0.176560 39.63796449 0.15540451 39.73570430
  jla_mock 0.310880 40.79726944 0.22015615 41.12242051
  jla_mock 0.184350 40.20526530 0.17307932 39.83952780
  jla_mock 0.159350 39.38138602 0.14827050 39.49074512
  jla_mock 0.219760 40.58787822 0.16604587 40.26495257
  jla_mock 0.252050 41.11141478 0.18410044 40.60119456
  jla_mock 0.181220 39.56382869 0.14940352 39.79824854
  jla_mock 0.173730 39.76913823 0.13336424 39.69707572
  jla_mock 0.380470 41.94126915 0.24246083 41.63266739
  jla_mock 0.178650 39.80596238 0.17172186 39.76375526
  jla_mock 0.245680 40.45240643 0.18910008 40.53800797
  jla_mock 0.209100 40.11129173 0.16102286 40.14415046
  jla_mock 0.249470 40.41684296 0.20970726 40.57584163
  jla_mock 0.133920 39.20629885 0.16606211 39.07901608
  jla_mock 0.177060 39.76339037 0.16039966 39.74241506
  jla_mock 0.281110 41.10329167 0.18775324 40.87112706
  jla_mock 0.173830 39.87166535 0.15186906 39.69847750
  jla_mock 0.196540 40.00589550 0.16513423 39.99378181
  jla_mock 0.363970 41.85732011 0.22724835 41.51991492
  jla_mock 0.378350 42.15511123 0.26733097 41.61851927
  jla_mock 0.316460 41.48803282 0.21038880 41.16699585
  jla_mock 0.183220 39.88641699 0.13519430 39.82498164
  jla_mock 0.241020 40.55946993 0.16773658 40.49113042
  jla_mock 0.202030 40.04478817 0.19953174 40.06053140
  jla_mock 0.168690 39.68019515 0.16511959 39.62642627
  jla_mock 0.197940 39.88667630 0.17492454 40.01109396
  jla_mock 0.122760 39.26439089 0.14574653 38.87391751
  jla_mock 0.203180 40.01708184 0.16105255 40.07421194
  jla_mock 0.127390 38.82327422 0.14895509 38.96152523
  jla_mock 0.275490 41.00612399 0.19972760 40.82107239
  jla_mock 0.144680 39.24186162 0.14721731 39.26108985
  jla_mock 0.334360 41.70691059 0.24977783 41.30538443
  jla_mock 0.195800 39.87014149 0.15392559 39.98463111
  jla_mock 0.193920 39.98868117 0.16374737 39.96138337
  jla_mock 0.249730 41.04271085 0.18580683 40.57843707
  jla_mock 0.148600 39.16536236 0.14879989 39.32445060
  jla_mock 0.155960 39.44216483 0.14872192 39.43916213
  jla_mock 0.095820 38.46712963 0.15034816 38.29891732
  jla_mock 0.150650 39.25697791 0.15872946 39.35749386
  jla_mock 0.309330 41.27858313 0.24715745 41.10984544
  jla_mock 0.248570 40.43949444 0.17340396 40.56685738
  jla_mock 0.365540 42.11637081 0.24311996 41.53084345
  jla_mock 0.117710 38.77583336 0.12847626 38.77612598
  jla_mock 0.191760 40.00573473 0.14428474 39.93467320
  jla_mock 0.182550 39.82261002 0.16171197 39.81609915
  jla_mock 0.234720 40.59791104 0.18444964 40.42613542
  jla_mock 0.246470 40.47844965 0.19927669 40.54589414
  jla_mock 0.288450 40.72932645 0.18873457 40.93532948
  jla_mock 0.209600 40.21822970 0.19927022 40.14988026
  jla_mock 0.191980 40.08675163 0.17965405 39.93739368
  jla_mock 0.114020 38.76396185 0.12215388 38.70128192
  jla_mock 0.113890 38.27513548 0.18397194 38.69864513
  jla_mock 0.198800 40.22434933 0.20967258 40.02172856
  jla_mock 0.220580 40.62202382 0.22796022 40.27401584
  jla_mock 0.182570 39.84332992 0.16453718 39.81636758
  jla_mock 0.158950 39.38260425 0.16372575 39.48487792
  jla_mock 0.078490 37.75990950 0.14911597 37.83830424
  jla_mock 0.138640 39.21458736 0.13217046 39.16007487
  jla_mock 0.180790 39.81247152 0.15445548 39.79247729
  jla_mock 0.177570 39.79600803 0.18629282 39.74926003
  jla_mock 0.170660 39.61988088 0.16102003 39.65404123
  jla_mock 0.233810 40.61375156 0.20858516 40.41674726
  jla_mock 0.071530 37.72951536 0.17410666 37.62633113
  jla_mock 0.154630 39.39803566 0.18791656 39.41870661
  jla_mock 0.090100 37.96534352 0.15950858 38.15556956
  jla_mock 0.176580 39.98295269 0.20448697 39.73597273
  jla_mock 0.130450 39.26887696 0.16440638 39.01658220
  jla_mock 0.182040 39.82059791 0.17166998 39.80925418
  jla_mock 0.256170 40.71403095 0.17261330 40.64102739
  jla_mock 0.138110 39.03967202 0.14854031 39.15104920
  jla_mock 0.170700 39.66762596 0.16749506 39.65460194
  jla_mock 0.216740 40.05523014 0.14793120 40.23157319
  jla_mock 0.245550 40.44869838 0.17887642 40.53671024
  jla_mock 0.143820 39.34371418 0.16709807 39.24718928
  jla_mock 0.248620 40.61955460 0.18856198 40.56735650
  jla_mock 0.145330 39.37270518 0.17138622 39.27159610
  jla_mock 0.135880 39.19807629 0.12760365 39.11307327
  jla_mock 0.058740 37.13792584 0.12754402 37.18054381
  jla_mock 0.036520 36.12169152 0.15191506 36.11467233
  jla_mock 0.277490 40.50045526 0.22703402 40.83917126
  jla_mock 0.205150 39.77096198 0.29701418 40.09764730
  jla_mock 0.280510 40.90841323 0.20078942 40.86583052
  jla_mock 0.198670 40.15169262 0.16215673 40.02012100
  jla_mock 0.159990 39.67510278 0.15164286 39.50013264
  jla_mock 0.210750 40.11495306 0.18113105 40.16305879
  jla_mock 0.071950 37.75226875 0.17245857 37.64010622
  jla_mock 0.237820 40.57793434 0.19074175 40.45811709
  jla_mock 0.141390 39.18437211 0.17359013 39.20690618
  jla_mock 0.155060 39.29907010 0.15760876 39.42532005
  jla_mock 0.370130 41.52960509 0.22886799 41.56264818
  jla_mock 0.093910 38.23364702 0.17056414 38.25106025
  jla_mock 0.118630 38.98212123 0.17057943 38.79478628
  jla_mock 0.153630 39.71470108 0.15381057 39.40332652
  jla_mock 0.253560 40.42818256 0.16809525 40.61579348
  jla_mock 0.107250 38.57296258 0.14420228 38.55855910
  jla_mock 0.129610 38.87082952 0.15302154 39.00146852
  jla_mock 0.266650 40.81432887 0.19376454 40.74023408
  jla_mock 0.212260 40.17420970 0.16262819 40.18036278
  jla_mock 0.278220 40.85319727 0.18167466 40.84561538
  jla_mock 0.245400 40.37704165 0.16811689 40.53521287
  jla_mock 0.133620 39.18184602 0.15059378 39.07361834
  jla_mock 0.176560 39.53948419 0.16208219 39.73570430
  jla_mock 0.113680 38.80177926 0.14584429 38.69438572
  jla_mock 0.320380 41.58031446 0.26368273 41.19795536
  jla_mock 0.112710 38.92303757 0.12253270 38.67471126
  jla_mock 0.106020 38.54943450 0.14472955 38.53191691
  jla_mock 0.391350 41.57457031 0.26610488 41.70446868
  jla_mock 0.155750 39.19588824 0.14611530 39.43593231
  jla_mock 0.186670 39.69710667 0.16762102 39.86939250
  jla_mock 0.196710 39.78251361 0.16669908 39.99588400
  jla_mock 0.191910 39.68718541 0.17339098 39.93652807
  jla_mock 0.190840 39.69516718 0.15087610 39.92307171
  jla_mock 0.176250 40.06944805 0.15361286 39.73154363
  jla_mock 0.128370 39.11762246 0.15035584 38.97915785
  jla_mock 0.122620 38.62691589 0.14734428 38.87124776
  jla_mock 0.127150 39.04429999 0.14706216 38.95720703
  jla_mock 0.213230 40.29514557 0.17620944 40.19147859
  jla_mock 0.218610 40.37865808 0.18110338 40.25224188
  jla_mock 0.268560 40.70583928 0.19152223 40.75806368
  jla_mock 0.204660 39.84923640 0.16518790 40.09181820
  jla_mock 0.267100 40.51315657 0.17377576 40.74445143
  jla_mock 0.217570 40.28763764 0.17264916 40.24074699
  jla_mock 0.241850 40.44918952 0.17151433 40.49969325
  jla_mock 0.293500 40.79433557 0.20071643 40.97864273
  jla_mock 0.353460 41.40768842 0.23113786 41.44568194
  jla_mock 0.185630 39.75289267 0.15494760 39.85600487
  jla_mock 0.285430 40.98307918 0.19928385 40.90926217
  jla_mock 0.194940 39.91869611 0.16836015 39.97399650
  jla_mock 0.075920 37.62739449 0.14499851 37.76188071
  jla_mock 0.163570 39.60525182 0.15777754 39.55264407
  jla_mock 0.257210 40.36180431 0.20821329 40.65108228
  jla_mock 0.219550 40.57112393 0.18725136 40.26263149
  jla_mock 0.175580 39.68434421 0.15163366 39.72255122
  jla_mock 0.226670 40.12971931 0.18608202 40.34066257
  jla_mock 0.153220 39.55076194 0.15082218 39.39702068
  jla_mock 0.210250 40.28219381 0.19550076 40.15732899
  jla_mock 0.121640 38.83902527 0.12361443 38.85255952
  jla_mock 0.291350 41.32279020 0.19904915 40.96020244
  jla_mock 0.294480 41.29154964 0.27859702 40.98704807
  jla_mock 0.164550 39.66253623 0.12599124 39.56701870
  jla_mock 0.307020 41.11582134 0.20906564 41.09110453
  jla_mock 0.198630 39.83436050 0.16157737 40.01962637
  jla_mock 0.268210 41.04338529 0.21539519 40.75485425
  jla_mock 0.401280 41.82224596 0.24823001 41.76844708
  jla_mock 0.136680 38.98698043 0.15334431 39.12669692
  jla_mock 0.295420 40.84088234 0.24720467 40.99502774
  jla_mock 0.291920 40.84616343 0.19219946 40.96509126
  jla_mock 0.090070 38.16971238 0.12096556 38.15481767
  jla_mock 0.205570 39.77218569 0.18292629 40.10264367
  jla_mock 0.145820 39.34598153 0.14934529 39.27951619
  jla_mock 0.117670 38.81336216 0.14486540 38.77531466
  jla_mock 0.054990 36.99286274 0.14997934 37.02755570
  jla_mock 0.174200 39.62578980 0.15142908 39.70366406
  jla_mock 0.244950 40.39466368 0.18020903 40.53072075
  jla_mock 0.224520 40.42475946 0.18249954 40.31756378
  jla_mock 0.245580 40.27599075 0.16228277 40.53700972
  jla_mock 0.283510 40.73150657 0.21250233 40.89231323
  jla_mock 0.180560 39.63052847 0.17619167 39.78939034
  jla_mock 0.103910 38.56472431 0.12352191 38.48621362
  jla_mock 0.129610 38.78885430 0.15326847 39.00146852
  jla_mock 0.243520 40.32966121 0.16045597 40.51644578
  jla_mock 0.331360 40.87502416 0.26935111 41.28283761
  jla_mock 0.243480 40.38182837 0.19048000 40.51604648
  jla_mock 0.314680 41.08892761 0.17577640 41.15293771
  jla_mock 0.218650 40.32200080 0.18935500 40.25268399
  jla_mock 0.260140 40.69838411 0.21925656 40.67922298
  jla_mock 0.282430 40.62451204 0.19830733 40.88277946
  jla_mock 0.300410 40.75345107 0.20581539 41.03663937
  jla_mock 0.151860 39.27525928 0.14864409 39.37610376
  jla_mock 0.263570 41.04133188 0.18936772 40.71136861
  jla_mock 0.213820 40.85067801 0.20621233 40.19823975
  jla_mock 0.162840 39.54501763 0.16761662 39.54193643
  jla_mock 0.124400 38.91110356 0.17140549 38.90519170
  jla_mock 0.194650 39.84440400 0.13938689 39.97041042
  jla_mock 0.205540 39.98856821 0.18299408 40.10228679
  jla_mock 0.106670 38.45306254 0.14588621 38.54599612
  jla_mock 0.187720 39.99847632 0.18724598 39.88290884
  jla_mock 0.163870 39.69325083 0.15682059 39.55704447
  jla_mock 0.290210 41.02179432 0.19470283 40.95042479
  jla_mock 0.094010 38.09028266 0.12497638 38.25356657
  jla_mock 0.227860 40.16343012 0.18009820 40.35336304
  jla_mock 0.107510 38.55491642 0.14764565 38.56419079
  jla_mock 0.310650 41.05472345 0.22259423 41.12055454
  jla_mock 0.145640 39.10258334 0.15575872 39.27660677
  jla_mock 0.087840 38.05454576 0.12609586 38.09813443
  jla_mock 0.148390 39.14351825 0.15572534 39.32105628
  jla_mock 0.286620 41.38261728 0.19365541 40.91963379
  jla_mock 0.122810 38.68485157 0.13329108 38.87487099
  jla_mock 0.186550 39.87120385 0.20280242 39.86784777
  jla_mock 0.128930 39.04589370 0.15503539 38.98923364
  jla_mock 0.194220 39.83640333 0.16863568 39.96509311
  jla_mock 0.148000 39.32281288 0.14676099 39.31475253
  jla_mock 0.211790 40.53048182 0.22866165 40.17497677
  jla_mock 0.179620 39.70556901 0.17351314 39.77677412
  jla_mock 0.263490 40.80530626 0.18130204 40.71061886
  jla_mock 0.192150 40.04721233 0.15956887 39.93949587
  jla_mock 0.338800 41.21310686 0.22987627 41.33867240
  jla_mock 0.117410 38.54487051 0.14766783 38.77004109
  jla_mock 0.143100 39.18965797 0.16841647 39.23555159
  jla_mock 0.160350 39.32326239 0.13218212 39.50541312
  jla_mock 0.288720 40.78233632 0.21129560 40.93764524
  jla_mock 0.123030 38.86779674 0.15464992 38.87906631
  jla_mock 0.264050 40.75731131 0.18533646 40.71586713
  jla_mock 0.126080 38.75416536 0.17182656 38.93722867
  jla_mock 0.173740 39.67571773 0.14981160 39.69721590
  jla_mock 0.164400 39.53271283 0.14972618 39.56481851
  jla_mock 0.249610 40.65010668 0.16242204 40.57723917
  jla_mock 0.159990 39.59087088 0.15136580 39.50013264
  jla_mock 0.244480 40.57557536 0.15150476 40.52602897
  jla_mock 0.248510 40.49220257 0.17707716 40.56625843
  jla_mock 0.228930 40.36066926 0.16847625 40.36478279
  jla_mock 0.085280 38.27884991 0.14384543 38.02850211
  jla_mock 0.062818 37.61433785 0.14854713 37.32965972
  jla_mock 0.277450 40.87750668 0.23370164 40.83881815
  jla_mock 0.275440 41.23412427 0.21508178 40.82061778
  jla_mock 0.330510 41.53198201 0.21087893 41.27629868
  jla_mock 0.361930 41.22886711 0.24565378 41.50571480
  jla_mock 0.331030 41.18046044 0.21800830 41.28029897
  jla_mock 0.160500 39.48943349 0.12714994 39.50761332
  jla_mock 0.300210 41.22541566 0.20430208 41.03497157
  jla_mock 0.116350 38.76726495 0.12231010 38.74854117
  jla_mock 0.218290 40.16528722 0.16062208 40.24870499
  jla_mock 0.119670 38.71585052 0.12046332 38.81499236
  jla_mock 0.154730 39.56674689 0.12395445 39.42024462
  jla_mock 0.178100 39.89876024 0.16562813 39.75637343
  jla_mock 0.250370 40.55329614 0.16560962 40.58482587
  jla_mock 0.251740 40.60291782 0.14466362 40.59819743
  jla_mock 0.129530 38.58889827 0.14518911 39.00002912
  jla_mock 0.309290 41.07707219 0.18810950 41.10952092
  jla_mock 0.278520 40.46705446 0.17881943 40.84826365
  jla_mock 0.185810 39.72662217 0.13605911 39.85832196
  jla_mock 0.066510 37.45566360 0.17228058 37.46168597
  jla_mock 0.258000 40.58426802 0.18756945 40.65872012
  jla_mock 0.298880 41.15164191 0.21609463 41.02388070
  jla_mock 0.270440 40.42231500 0.22437165 40.77515695
  jla_mock 0.279160 40.60245503 0.17183675 40.85391330
  jla_mock 0.292870 41.05576022 0.21554431 40.97323930
  jla_mock 0.189650 40.04424863 0.15711153 39.90775318
  jla_mock 0.265760 40.48548554 0.19291042 40.73189308
  jla_mock 0.123760 39.02996887 0.14509081 38.89298713
  jla_mock 0.182550 39.70918190 0.14971699 39.81609915
  jla_mock 0.056340 37.03403752 0.14895035 37.08333754
  jla_mock 0.312880 40.98227121 0.18264477 41.13864641
  jla_mock 0.309150 41.25753548 0.22328713 41.10838511
  jla_mock 0.200610 39.98065651 0.15587566 40.04363891
  jla_mock 0.326400 41.14149574 0.20549386 41.24468106
  jla_mock 0.211630 40.28874204 0.13899445 40.17314324
  jla_mock 0.179690 39.77600786 0.15636245 39.77771363
  jla_mock 0.302400 41.01758154 0.19662226 41.05323399
  jla_mock 0.109240 38.68252126 0.14870399 38.60166315
  jla_mock 0.085220 38.25225844 0.15002378 38.02687010
  jla_mock 0.202310 40.09671531 0.16131988 40.06386231
  jla_mock 0.126490 38.92505553 0.15584855 38.94504722
  jla_mock 0.214570 39.83774378 0.16812914 40.20683444
  jla_mock 0.320450 41.21157785 0.19168742 41.19850820
  jla_mock 0.218350 40.33420528 0.17273249 40.24936815
  jla_mock 0.190100 39.63821443 0.15982384 39.91354590
  jla_mock 0.092430 38.27926518 0.15614025 38.21396675
  jla_mock 0.379860 41.65512438 0.18489314 41.62861712
  jla_mock 0.211340 40.07288272 0.16607978 40.16981995
  jla_mock 0.258330 40.86956369 0.18011571 40.66191062
  jla_mock 0.183270 39.89427740 0.16855779 39.82562527
  jla_mock 0.212950 40.22423549 0.17784935 40.18826990
  jla_mock 0.116510 38.71465994 0.15544019 38.75178644
  jla_mock 0.144010 39.27037744 0.17185674 39.25026033
  jla_mock 0.252490 40.49917522 0.18599877 40.60544855
  jla_mock 0.255390 40.59552554 0.21319916 40.63348622
  jla_mock 0.216980 40.16554486 0.18860575 40.23422585
  jla_mock 1.265901 44.68416724 0.22380442 44.79726150
  jla_mock 0.935774 43.76371282 0.22958872 43.98936774
  jla_mock 0.049519 37.14172753 0.20228994 36.79241934
  jla_mock 0.030325 35.45433557 0.18207848 35.69463564
  jla_mock 0.074579 37.44644901 0.21872943 37.72200368
  jla_mock 0.025198 35.41043661 0.22034080 35.27019548
  jla_mock 0.014411 33.73742158 0.20528439 34.03100129
  jla_mock 0.020792 34.59628920 0.19750056 34.84402582
  jla_mock 0.035218 35.87989729 0.20378488 36.02701442
  jla_mock 0.041657 36.10773341 0.21523275 36.40181746
  jla_mock 0.042400 36.30058209 0.20618664 36.44334925
  jla_mock 0.018902 34.27341250 0.18361956 34.61733569
  jla_mock 0.078840 37.81264160 0.21534076 37.84871212
  jla_mock 0.063345 37.43261491 0.20758765 37.34892997
  jla_mock 0.027637 35.45963689 0.23141589 35.48155629
  jla_mock 0.049325 36.56019304 0.21068097 36.78320287
  jla_mock 0.070153 37.29231041 0.22041411 37.58116850
  jla_mock 0.023909 35.22594677 0.18367797 35.15849228
  jla_mock 0.053126 36.92274776 0.22335947 36.95053545
  jla_mock 0.024951 34.99249936 0.18978288 35.24879075
  jla_mock 0.015664 34.07362348 0.20165316 34.22896394
  jla_mock 0.048984 36.80808946 0.15985830 36.76700280
  jla_mock 0.022399 34.81934536 0.18927946 35.02763749
  jla_mock 0.034854 35.98025675 0.23666209 36.00228810
  jla_mock 0.016966 34.43855415 0.20291443 34.38512824
  jla_mock 0.030721 35.57623667 0.18171781 35.72153570
  jla_mock 0.030482 35.82404683 0.18203752 35.70530056
  jla_mock 0.010550 33.23526623 0.21945028 33.27241718
  jla_mock 0.014256 34.05490327 0.17170736 34.00054790
  jla_mock 0.027688 35.30130249 0.18124529 35.48597589
  jla_mock 0.053860 36.84082364 0.15903793 36.98086424
  jla_mock 0.017672 34.84861197 0.19251135 34.46980720
  jla_mock 0.017450 34.27345280 0.17037052 34.44318011
  jla_mock 0.015573 34.39613839 0.20219934 34.21804923
  jla_mock 0.010060 33.05656565 0.23112569 33.17614517
  jla_mock 0.054931 37.14982630 0.18431298 37.02511783
  jla_mock 0.039083 36.51739733 0.16317419 36.25793746
  jla_mock 0.078317 37.54944324 0.18391968 37.83315978
  jla_mock 0.031764 35.89682138 0.15356487 35.79238611
  jla_mock 0.014440 34.36512953 0.22581465 34.03669902
  jla_mock 0.013533 33.71025621 0.22079334 33.85849757
  jla_mock 0.026677 35.34111500 0.19349962 35.39836385
  jla_mock 0.023360 35.20063279 0.17880596 35.11091660
  jla_mock 0.036934 36.21634923 0.19001518 36.13781387
  jla_mock 0.023552 35.11867886 0.17819828 35.12755509
  jla_mock 0.017483 34.67325373 0.19211831 34.44713819
  jla_mock 0.040259 36.39010754 0.17447686 36.32367284
  jla_mock 0.030381 35.71896485 0.20408145 35.69843968
  jla_mock 0.015504 34.36200857 0.20027602 34.20977324
  jla_mock 0.014151 33.99643629 0.18788306 33.97991818
  jla_mock 0.015487 33.94887488 0.18431337 34.20773422
  jla_mock 0.015554 34.20286968 0.19852180 34.21577033
  jla_mock 0.037075 36.14952741 0.15485493 36.14569541
  jla_mock 0.015482 33.70737308 0.20249750 34.20713452
  jla_mock 0.013324 34.05918498 0.18643777 33.81743462
  jla_mock 0.014575 34.02281920 0.20791179 34.06322294
  jla_mock 0.015791 34.26613185 0.19846605 34.24419655
  jla_mock 0.024746 35.14639622 0.17954713 35.23102570
  jla_mock 0.027748 35.66422392 0.17503344 35.49117542
  jla_mock 0.010888 33.60247073 0.25477943 33.33882522
  jla_mock 0.013652 33.94203446 0.18670962 33.88187792
  jla_mock 0.035755 36.04374882 0.16295663 36.06349253
  jla_mock 0.024725 35.44142375 0.17710562 35.22920587
  jla_mock 0.038086 36.24654505 0.17051564 36.20220772
  jla_mock 0.021541 35.17181287 0.17711857 34.93386228
  jla_mock 0.019581 34.78860183 0.17898631 34.69877622
  jla_mock 0.030416 35.85138249 0.17571774 35.70081721
  jla_mock 0.039219 36.30468766 0.17021381 36.26553951
  jla_mock 0.034971 35.92008633 0.15987848 36.01023585
  jla_mock 0.028561 35.39920355 0.17650121 35.56162903
  jla_mock 0.020997 35.06276364 0.18822756 34.86861390
  jla_mock 0.032538 35.78648550 0.18232286 35.84496350
  jla_mock 0.015469 34.22666332 0.19318910 34.20557527
  jla_mock 0.015678 34.65246101 0.20747940 34.23064312
  jla_mock 0.027499 35.23187130 0.15598630 35.46959738
  jla_mock 0.046856 36.95857651 0.17134850 36.66590675
  jla_mock 0.033173 35.51024859 0.18295753 35.88809870
  jla_mock 0.010291 33.56983378 0.23549671 33.22153055
  jla_mock 0.080103 37.54644275 0.17116407 37.88626968
  jla_mock 0.012317 33.61691146 0.20020781 33.61958582
  jla_mock 0.024586 35.20327705 0.20631378 35.21716029
  jla_mock 0.014467 33.74640061 0.20827809 34.04200380
  jla_mock 0.015154 33.96221977 0.18399751 34.16779358
  jla_mock 0.029086 35.44053456 0.17337203 35.60712490
  jla_mock 0.034781 36.07023276 0.17928903 35.99732925
  jla_mock 0.044920 36.70024318 0.14070569 36.57393215
  jla_mock 0.034074 35.86414163 0.16958177 35.94930313
  jla_mock 0.074870 37.75214891 0.14386215 37.73065708
  jla_mock 0.014960 34.15239402 0.19782876 34.13886523
  jla_mock 0.020396 34.73207778 0.17103812 34.79652884
  jla_mock 0.040689 36.15312656 0.17468105 36.34770874
  jla_mock 0.026567 35.25349687 0.18033141 35.38883138
  jla_mock 0.026881 35.47403290 0.15330990 35.41604224
  jla_mock 0.023471 35.02507754 0.17597781 35.12053573
  jla_mock 0.069122 37.81211620 0.19117659 37.54735393
  jla_mock 0.065193 37.40648248 0.15879632 37.41650383
  jla_mock 0.022980 35.15378998 0.17790505 35.07798626
  jla_mock 0.017387 34.60611535 0.19829162 34.43562377
  jla_mock 0.031485 36.06783957 0.15108749 35.77343379
  jla_mock 0.011184 33.15279704 0.19447979 33.39698137
  jla_mock 0.021956 34.84098754 0.17567209 34.98363815
  jla_mock 0.031484 35.89598631 0.15080691 35.77336586
  jla_mock 0.023321 34.81565565 0.20285194 35.10753691
  jla_mock 0.020390 34.81791166 0.18300723 34.79580919
  jla_mock 0.022466 35.35272280 0.18140785 35.03344363
  jla_mock 0.033614 35.76949328 0.18044129 35.91805559
  jla_mock 0.036969 35.94138717 0.17916902 36.13977028
  jla_mock 0.022629 34.95405974 0.18007478 35.04756902
  jla_mock 0.014700 34.08944250 0.18462322 34.08778212
  jla_mock 0.036950 36.23032255 0.14876338 36.13870823
  jla_mock 0.060959 37.33194034 0.12531329 37.26168363
  jla_mock 0.059289 37.19059697 0.12135718 37.20061851
  jla_mock 0.069751 37.57615306 0.15873536 37.56798377
  jla_mock 0.029526 35.69595418 0.17470465 35.64036001
  jla_mock 0.033255 35.76164840 0.17565362 35.89366892
  jla_mock 0.024159 35.48726043 0.18124182 35.18015698
  jla_mock 0.015999 34.18520402 0.19155982 34.26914446
  jla_mock 0.062961 37.12236248 0.16530929 37.33488865
  jla_mock 0.021706 34.96811599 0.19186355 34.95365268
  jla_mock 0.031638 35.76810554 0.18943844 35.78382700
  jla_mock 0.018599 34.65056951 0.17304818 34.58099331
  jla_mock 0.027064 35.44313642 0.17332763 35.43190080
  jla_mock 0.025468 35.20226186 0.18469991 35.29359335
  jla_mock 0.023810 35.20756881 0.19336693 35.14991306
  jla_mock 0.023867 35.07663878 0.18298494 35.15485261
  jla_mock 0.022068 34.73822285 0.16678206 34.99707164
