  jla_mock 0.503084 42.54247019 0.14571158 42.35108100
  jla_mock 0.580724 42.71544972 0.16122778 42.72552632
  jla_mock 0.494795 42.24051440 0.12070859 42.30795504
  jla_mock 0.345928 41.54997540 0.13253081 41.39118194
  jla_mock 0.677662 43.45076326 0.22871689 43.13175210
  jla_mock 0.610712 42.91223551 0.22548733 42.85765176
  jla_mock 0.866494 44.02591600 0.25803499 43.78417385
  jla_mock 0.330932 41.29691196 0.12801230 41.27954507
  jla_mock 0.798566 43.63626132 0.25919990 43.56688646
  jla_mock 0.449562 42.08794393 0.16139765 42.06009851
  jla_mock 0.371443 41.69264841 0.14921889 41.57157260
  jla_mock 0.291718 40.90659191 0.14231442 40.96335873
  jla_mock 0.355820 41.39024473 0.14101044 41.46251312
  jla_mock 0.461274 42.26947447 0.15587207 42.12639800
  jla_mock 0.283610 40.78222738 0.13055630 40.89319599
  jla_mock 0.632234 43.05138630 0.22182909 42.94875922
  jla_mock 0.466414 41.71355121 0.17243727 42.15507604
  jla_mock 0.268624 40.84261002 0.12820280 40.75864558
  jla_mock 0.946890 43.99193712 0.29224985 44.02088236
  jla_mock 0.924917 44.16046406 0.31213110 43.95825216
  jla_mock 0.693165 43.07113762 0.29243158 43.19149304
  jla_mock 0.625233 43.03803939 0.19088816 42.91943219
  jla_mock 0.896944 44.10854099 0.26745476 43.87629010
  jla_mock 0.608261 43.02048521 0.15987482 42.84713700
  jla_mock 0.789054 43.50925598 0.26932700 43.53500333
  jla_mock 0.578292 42.65607111 0.14637659 42.71452713
  jla_mock 0.590280 42.86896064 0.18966931 42.76830634
  jla_mock 0.719626 43.58941489 0.25305179 43.29065226
  jla_mock 0.210032 40.24748960 0.13132256 40.15483080
  jla_mock 0.766590 43.66976942 0.22576765 43.45828289
  jla_mock 0.858513 43.56285850 0.22289539 43.75956030
  jla_mock 0.367904 41.44977411 0.09931133 41.54729890
  jla_mock 0.558746 42.49262336 0.15678156 42.62454440
  jla_mock 0.848509 43.62691869 0.21739327 43.72833562
  jla_mock 0.996390 44.33346061 0.24266005 44.15702957
  jla_mock 0.776594 42.93332974 0.26449227 43.49271322
  jla_mock 0.582932 42.75531401 0.13306958 42.73551243
  jla_mock 0.583743 42.53374121 0.16752875 42.73918034
  jla_mock 0.796552 43.52727338 0.22887969 43.56021387
  jla_mock 0.588721 42.66736004 0.15579306 42.76137980
  jla_mock 0.913473 43.50723544 0.24294053 43.92502563
  jla_mock 0.768587 43.24873183 0.23905376 43.46520986
  jla_mock 0.948455 43.80327666 0.26528102 44.02529941
  jla_mock 0.513793 42.42325852 0.15287930 42.40582273
  jla_mock 0.733609 43.12001626 0.19294483 43.34167511
  jla_mock 0.637701 43.01507781 0.27010736 42.97142091
  jla_mock 0.765588 43.87585304 0.21113574 43.45480726
  jla_mock 0.434861 42.03587859 0.15772880 41.97448442
  jla_mock 0.983407 44.00524060 0.25879722 44.12197372
  jla_mock 0.583743 42.88228715 0.16232669 42.73918034
  jla_mock 0.700631 43.06026334 0.21687358 43.21987569
  jla_mock 0.662058 43.20652179 0.21294856 43.07025770
  jla_mock 0.838126 43.48272610 0.28077453 43.69551364
  jla_mock 0.621874 42.67432292 0.17546981 42.90526861
  jla_mock 0.370586 41.66963687 0.14291643 41.56574760
  jla_mock 0.416632 41.67797221 0.13815441 41.86461950
  jla_mock 0.358570 41.44118961 0.10704088 41.48212572
  jla_mock 0.451681 41.94772686 0.15278703 42.07216742
  jla_mock 0.522762 42.44959221 0.16112888 42.45088093
  jla_mock 0.733996 43.10081732 0.30408870 43.34308204
  jla_mock 0.701965 43.14558154 0.31176741 43.22488288
  jla_mock 0.742008 43.42871018 0.29013165 43.37180407
  jla_mock 0.746118 43.38805563 0.21822021 43.38651198
  jla_mock 0.349560 41.64976142 0.13472825 41.41773364
  jla_mock 0.591835 42.87591897 0.15357327 42.77521512
  jla_mock 0.514746 42.28241718 0.15561143 42.41063888
  jla_mock 0.620632 43.35319228 0.18447364 42.90003158
  jla_mock 0.643646 43.36518052 0.24392132 42.99587363
  jla_mock 1.002795 44.35567840 0.33216844 44.17412957
  jla_mock 0.470586 42.03464340 0.14420733 42.17805785
  jla_mock 0.610643 42.84237869 0.15877872 42.85735575
  jla_mock 0.263487 40.80396897 0.12804977 40.71059074
  jla_mock 0.358336 41.41082568 0.12918713 41.48045687
  jla_mock 0.742697 43.15949563 0.25908753 43.37426971
  jla_mock 0.451556 42.02277825 0.11538935 42.07145547
  jla_mock 0.910752 43.79755052 0.26164869 43.91705349
  jla_mock 0.552605 42.51391733 0.15821060 42.59574777
  jla_mock 0.337534 41.31826875 0.12813367 41.32918083
  jla_mock 0.750681 43.59985108 0.24281434 43.40263657
  jla_mock 0.983777 43.88561720 0.34665096 44.12297525
  jla_mock 0.822697 43.38597757 0.22175759 43.64609281
  jla_mock 0.813696 44.11851547 0.24256727 43.61677497
  jla_mock 0.950763 44.00190772 0.26472927 44.03181349
  jla_mock 0.817732 43.89181994 0.24643394 43.62994659
  jla_mock 0.340520 41.42119583 0.12574260 41.35156774
  jla_mock 0.960751 43.89271764 0.28766046 44.05969252
  jla_mock 0.810720 43.55994016 0.27275574 43.60706270
  jla_mock 0.756687 43.53828618 0.24755189 43.42379562
  jla_mock 0.611252 42.72395498 0.18572910 42.85996836
  jla_mock 0.877971 43.53355191 0.22378685 43.81925155
  jla_mock 0.548325 42.37513490 0.14258079 42.57535592
  jla_mock 0.809032 43.34444574 0.23222084 43.60155386
  jla_mock 1.028800 44.21697962 0.28337345 44.24255906
  jla_mock 0.627239 42.78429241 0.17555461 42.92789070
  jla_mock 0.422452 41.88793537 0.15606690 41.90009559
  jla_mock 0.933900 43.82324452 0.34999950 43.98400344
  jla_mock 0.701158 43.03902644 0.22740618 43.22185379
  jla_mock 0.697164 42.86711314 0.20952266 43.20674812
  jla_mock 0.685179 43.37446946 0.27044472 43.16089914
  jla_mock 0.767075 43.50296820 0.25233801 43.45996521
  jla_mock 0.931901 43.59550512 0.25136810 43.97828133
  jla_mock 0.863978 43.47944381 0.24510246 43.77643514
  jla_mock 0.749100 43.44988479 0.22590126 43.39706674
  jla_mock 0.514353 42.33153993 0.15357466 42.40865279
  jla_mock 0.468406 42.20613701 0.11440416 42.16613949
  jla_mock 0.470398 42.49417817 0.15654577 42.17703003
  jla_mock 0.958871 43.83111463 0.27681249 44.05446029
  jla_mock 0.927909 43.48919752 0.29724149 43.96685429
  jla_mock 0.840522 43.94817297 0.21913135 43.70310328
  jla_mock 0.630699 43.02323370 0.17083127 42.94239637
  jla_mock 0.562751 42.66203311 0.14440652 42.64332481
  jla_mock 0.615698 42.93416585 0.16969222 42.87904165
  jla_mock 0.828528 43.58643385 0.22446355 43.66483979
  jla_mock 0.564741 42.43334938 0.16042692 42.65249802
  jla_mock 0.578745 42.76688293 0.14758356 42.71657591
  jla_mock 0.557743 42.59470545 0.15831963 42.61984109
  jla_mock 0.864497 44.20791280 0.22870035 43.77803148
  jla_mock 0.735608 43.21861427 0.23468503 43.34890124
  jla_mock 0.858507 44.08853861 0.28336591 43.75954157
  jla_mock 0.261984 40.62073325 0.10443414 40.69650477
  jla_mock 0.585743 42.70557229 0.18660838 42.74814872
  jla_mock 0.761580 43.56039661 0.21598834 43.44090475
  jla_mock 0.488800 42.24236439 0.11155101 42.27645931
  jla_mock 0.858516 43.68085681 0.27431051 43.75956966
  jla_mock 0.688656 43.07806404 0.18053033 43.17429244
  jla_mock 0.558743 42.77807032 0.15491557 42.62453033
  jla_mock 0.324532 41.24295050 0.12601850 41.23031081
  jla_mock 0.480704 42.16282817 0.10839252 42.23310364
  jla_mock 0.185371 39.86239987 0.13095679 39.85267084
  jla_mock 0.922221 43.95196407 0.33854809 43.95042459
  jla_mock 0.681942 43.49624483 0.19640351 43.14834773
  jla_mock 0.475707 42.10032363 0.10811298 42.20605508
  jla_mock 0.922210 44.06107685 0.27644363 43.95039265
  jla_mock 0.893183 44.23265693 0.25783329 43.86505298
  jla_mock 0.428646 42.20675865 0.14143599 41.93756341
  jla_mock 0.631882 43.37787037 0.23474045 42.94730012
  jla_mock 0.699960 42.99813419 0.25834877 43.21735709
  jla_mock 0.736007 43.52636198 0.26468680 43.35032909
  jla_mock 0.575823 42.69031621 0.15953941 42.70336060
  jla_mock 0.418633 42.02516010 0.10651651 41.87691426
  jla_mock 0.511746 42.11367264 0.12000546 42.39547784
  jla_mock 0.535771 42.33885970 0.12653138 42.51490290
  jla_mock 0.641893 42.89468888 0.21547239 42.98872907
  jla_mock 0.734996 43.34021362 0.22720400 43.34671116
  jla_mock 0.351560 41.59156850 0.13079492 41.43213142
  jla_mock 0.609860 42.86375296 0.17401244 42.85399669
  jla_mock 0.349557 41.39883435 0.13436921 41.41771171
  jla_mock 0.701969 43.25034485 0.18819535 43.22489789
  jla_mock 0.355261 41.41348070 0.10427939 41.45852641
  jla_mock 0.983280 44.26380033 0.25756994 44.12162996
  jla_mock 0.872152 43.10160442 0.26597542 43.80157672
  jla_mock 0.759030 43.96627011 0.20819082 43.43204997
  jla_mock 0.926220 44.09456790 0.24599386 43.96201956
  jla_mock 0.643642 43.23901404 0.22846121 42.99585733
  jla_mock 0.419569 41.67958357 0.13772753 41.88259578
  jla_mock 0.515587 42.89371001 0.20313602 42.41488903
  jla_mock 0.890729 43.52368808 0.21057911 43.85772092
  jla_mock 0.805696 43.63197406 0.22987004 43.59050885
  jla_mock 0.480568 42.33225272 0.10874993 42.23237487
  jla_mock 0.800697 43.60710396 0.24546005 43.57394667
  jla_mock 0.580604 42.89468255 0.18881444 42.72498360
  jla_mock 0.715652 43.36629927 0.24396561 43.27597318
  jla_mock 0.805695 43.49404185 0.23276535 43.59050554
  jla_mock 0.766684 43.74317637 0.25283777 43.45860895
  jla_mock 0.664638 43.31497698 0.19578546 43.08055024
  jla_mock 0.901736 43.79295008 0.25190507 43.89049989
  jla_mock 0.745665 43.31099886 0.21142864 43.38489089
  jla_mock 0.718680 43.45679447 0.20380008 43.28715794
  jla_mock 0.736690 43.27466641 0.19636251 43.35277325
  jla_mock 0.579600 42.85163176 0.12084594 42.72044282
  jla_mock 0.370531 41.56617834 0.10256736 41.56537377
  jla_mock 0.960740 43.99040469 0.23956115 44.05966190
  jla_mock 0.850729 43.60208253 0.21179952 43.73526472
  jla_mock 0.648640 42.92608801 0.19254569 43.01622729
  jla_mock 0.219462 40.18014815 0.13036783 40.26165884
  jla_mock 0.936755 43.78070938 0.24129989 43.99217583
  jla_mock 0.647639 43.20655604 0.17876349 43.01214759
  jla_mock 0.461564 42.13608014 0.13341110 42.12801602
  jla_mock 0.600603 42.87089973 0.17945434 42.81380214
  jla_mock 0.670654 42.81644838 0.23100742 43.10426437
  jla_mock 0.760698 43.23100942 0.20946016 43.43784537
  jla_mock 0.246492 40.33992195 0.13212126 40.54611375
  jla_mock 0.470573 42.06887280 0.14759396 42.17798678
  jla_mock 0.169455 39.41026313 0.11209573 39.63714984
  jla_mock 0.497379 42.52567786 0.12912927 42.32153052
  jla_mock 0.638234 42.89152170 0.19688575 42.97363029
  jla_mock 0.507371 42.39468921 0.14542671 42.37316793
  jla_mock 0.535327 42.57773000 0.14229510 42.51274244
  jla_mock 0.587285 42.80868712 0.16639385 42.75499974
  jla_mock 0.773081 43.22384236 0.25620999 43.48071408
  jla_mock 0.699166 43.08190688 0.22210270 43.21437680
  jla_mock 0.370511 41.73765187 0.12736057 41.56523783
  jla_mock 0.761089 43.90925698 0.22808946 43.43920163
  jla_mock 0.699169 43.14193431 0.21959570 43.21438806
  jla_mock 0.788060 43.21482040 0.19242158 43.53165972
  jla_mock 0.373513 41.71328511 0.13202741 41.58564233
  jla_mock 0.405478 41.71648297 0.13198879 41.79507834
  jla_mock 0.852994 43.90448544 0.25729076 43.74233429
  jla_mock 0.808048 43.41890733 0.24185374 43.59830126
  jla_mock 0.603272 43.11953218 0.18397635 42.82545340
  jla_mock 0.583290 42.42952822 0.17902789 42.73713156
  jla_mock 0.534335 42.33367720 0.14774220 42.50791545
  jla_mock 0.720140 43.40151472 0.24070231 43.29255086
  jla_mock 0.400485 42.03624040 0.21060605 41.76340376
  jla_mock 0.837004 43.59784358 0.21502566 43.69195956
  jla_mock 0.371508 41.44942319 0.10193219 41.57201440
  jla_mock 0.806041 43.62067724 0.25907683 43.59165187
  jla_mock 0.840005 44.02479957 0.23506835 43.70146561
  jla_mock 0.500728 42.61013533 0.12981336 42.33894272
  jla_mock 0.532765 42.30174272 0.17422186 42.50027598
  jla_mock 0.533766 42.69317070 0.18215335 42.50514675
  jla_mock 0.932229 43.92932459 0.34152943 43.97922023
  jla_mock 0.822103 43.38232891 0.25790730 43.64418307
  jla_mock 0.553797 42.50933204 0.13544877 42.60133735
  jla_mock 0.125298 38.81400584 0.13709229 38.92231622
  jla_mock 0.842123 43.76808894 0.28302626 43.70817465
  jla_mock 0.443668 42.03645333 0.15186631 42.02604866
  jla_mock 0.727675 43.15610266 0.24978201 43.32010216
  jla_mock 0.683659 42.95585167 0.41253064 43.15500537
  jla_mock 0.442548 41.82231382 0.13367762 42.01953486
  jla_mock 0.726679 43.23630463 0.20021505 43.31648122
  jla_mock 0.282510 40.82546770 0.12747632 40.88348566
  jla_mock 0.404549 41.94430387 0.12965359 41.78918496
  jla_mock 0.519611 42.53929370 0.13964385 42.43522504
  jla_mock 0.690652 43.00093661 0.23214813 43.18190663
  jla_mock 1.060801 44.29977437 0.27869308 44.32447227
  jla_mock 0.576612 42.64647571 0.15376326 42.70692901
  jla_mock 0.268489 40.77131270 0.12614174 40.75741813
  jla_mock 0.720680 43.78529795 0.25106936 43.29454550
  jla_mock 0.250498 40.42970539 0.13111277 40.58610363
  jla_mock 0.760691 43.39544761 0.27664014 43.43782109
  jla_mock 0.698167 42.93763970 0.26129048 43.21057429
  jla_mock 0.550315 42.43906965 0.16854352 42.58486067
  jla_mock 0.730128 43.70896968 0.23524622 43.32902000
  jla_mock 0.847985 44.04480462 0.24702775 43.72670010
  jla_mock 0.997826 44.11785429 0.24705649 44.16086339
  jla_mock 0.435446 41.95689116 0.13052406 41.97795969
  jla_mock 0.409470 41.98520531 0.12922369 41.82018436
  jla_mock 0.301590 40.86535592 0.12598595 41.04647939
  jla_mock 1.299106 44.89513123 0.19340708 44.86649555
  jla_mock 1.020807 44.46561708 0.23668119 44.22175183
  jla_mock 0.839734 43.77851901 0.19264717 43.70060719
  jla_mock 1.120850 44.46865969 0.20807086 44.47175959
  jla_mock 1.230892 44.80510525 0.23900250 44.72227987
  jla_mock 0.974230 44.11172605 0.18427047 44.09690728
  jla_mock 0.970782 44.46430117 0.33863365 44.08744397
  jla_mock 0.064229 37.31806661 0.15072784 37.38125426
  jla_mock 0.129030 39.07898071 0.16416611 38.99103288
  jla_mock 0.102890 38.32688297 0.14983539 38.46320916
  jla_mock 0.044130 36.43919724 0.17359564 36.53640119
  jla_mock 0.113040 38.48549736 0.15276523 38.68140463
  jla_mock 0.256110 41.09653455 0.20496122 40.64044730
  jla_mock 0.380260 41.52077243 0.28702753 41.63127303
  jla_mock 0.145470 39.33421612 0.16218924 39.27385898
  jla_mock 0.088890 38.39247770 0.14636771 38.12524312
  jla_mock 0.260590 40.98410784 0.18294429 40.68344034
  jla_mock 0.078910 37.81348153 0.15602647 37.85079369
  jla_mock 0.083040 38.08569891 0.15331705 37.96757382
  jla_mock 0.165650 39.64009149 0.13854363 39.58315350
  jla_mock 0.168170 39.48499820 0.16196037 39.61913704
  jla_mock 0.170630 39.53465571 0.16520984 39.65362070
  jla_mock 0.170280 39.90846738 0.17035518 39.64871449
  jla_mock 0.120440 38.90943154 0.15109792 38.82967597
  jla_mock 0.276530 40.69283511 0.21443501 40.83052825
  jla_mock 0.231600 40.33173322 0.18253328 40.39327881
  jla_mock 0.305690 41.40638295 0.26735001 41.08031431
  jla_mock 0.079970 37.62824865 0.16566195 37.88231469
  jla_mock 0.174150 39.32412314 0.15831009 39.70296318
  jla_mock 0.138680 39.31904735 0.16604939 39.16075605
  jla_mock 0.146070 39.31593697 0.16391832 39.28355706
  jla_mock 0.081330 37.73965532 0.14393418 37.92106160
  jla_mock 0.233800 40.16615479 0.17178002 40.41664409
  jla_mock 0.256550 40.96175434 0.17733386 40.64470129
  jla_mock 0.245620 40.23779133 0.20041043 40.53740902
  jla_mock 0.125930 39.07134425 0.19132506 38.93436823
  jla_mock 0.223510 39.95484566 0.21582750 40.30640047
  jla_mock 0.102640 38.78718381 0.14663754 38.45739969
  jla_mock 0.119670 38.82806168 0.14566661 38.81499236
  jla_mock 0.180550 39.75023752 0.16851019 39.78925613
  jla_mock 0.197090 40.02568614 0.17389574 40.00058301
  jla_mock 0.229160 40.31115410 0.19939442 40.36723751
  jla_mock 0.264510 41.10446295 0.19876199 40.72017820
  jla_mock 0.103370 38.45989785 0.12264053 38.47436335
  jla_mock 0.364410 41.55745670 0.23042794 41.52297770
  jla_mock 0.205600 40.05862216 0.15584351 40.10300055
  jla_mock 0.179810 39.47321164 0.19620482 39.77932421
  jla_mock 0.199590 40.13803609 0.18224440 40.03149756
  jla_mock 0.156530 39.53578841 0.15012954 39.44792878
  jla_mock 0.161800 39.47964281 0.14760764 39.52668171
  jla_mock 0.209530 40.29627587 0.20608020 40.14907809
  jla_mock 0.241790 40.42083507 0.19813238 40.49907425
  jla_mock 0.236460 40.46330716 0.16266354 40.44408642
  jla_mock 0.226680 40.52131917 0.21050732 40.34076930
  jla_mock 0.296780 40.92713678 0.19716042 41.00636879
  jla_mock 0.208520 40.14896860 0.16317028 40.13750389
  jla_mock 0.251040 40.50397456 0.22085837 40.59142971
  jla_mock 0.250120 40.46154843 0.17967388 40.58233025
  jla_mock 0.117710 38.73977077 0.14551100 38.77612598
  jla_mock 0.219710 40.21570992 0.16999397 40.26439993
  jla_mock 0.149010 39.26688165 0.14890457 39.33107762
  jla_mock 0.287420 40.79764305 0.18840122 40.92649529
  jla_mock 0.143600 39.09556776 0.16639625 39.24363332
  jla_mock 0.328370 41.83688076 0.19601268 41.25983598
  jla_mock 0.246250 40.77087039 0.16506508 40.54369799
  jla_mock 0.119660 39.00564119 0.15026680 38.81480166
  jla_mock 0.328380 41.24157044 0.27642285 41.25991291
  jla_mock 0.215130 40.05799517 0.18366862 40.21325182
  jla_mock 0.144780 39.18840900 0.13616902 39.26270620
  jla_mock 0.132430 38.92596427 0.12839376 39.05220730
  jla_mock 0.210820 40.31883500 0.16235031 40.16386096
  jla_mock 0.203990 40.11500542 0.15780808 40.08384780
  jla_mock 0.279520 40.70970076 0.16701092 40.85709122
  jla_mock 0.044280 36.50456147 0.15509722 36.54352732
  jla_mock 0.180370 39.66009884 0.15078404 39.78684026
  jla_mock 0.260700 40.76716875 0.18972170 40.68447125
  jla_mock 0.056540 37.08146363 0.18696980 37.09160151
  jla_mock 0.212600 39.85660693 0.19194689 40.18425904
  jla_mock 0.369410 41.44850633 0.23700047 41.55775436
  jla_mock 0.173860 39.74904246 0.13051969 39.69889803
  jla_mock 0.142650 39.11606979 0.16862649 39.22827803
  jla_mock 0.177890 39.41132889 0.17323466 39.75355491
  jla_mock 0.328370 41.32940848 0.20656404 41.25983598
  jla_mock 0.253510 40.70172211 0.19560920 40.61531008
  jla_mock 0.300010 41.29582651 0.19320267 41.03330377
  jla_mock 0.105890 38.43344333 0.14607715 38.52910106
  jla_mock 0.223280 40.06677120 0.16843887 40.30385834
  jla_mock 0.118450 38.62842831 0.12252294 38.79113535
  jla_mock 0.176530 39.61232404 0.17118858 39.73530166
  jla_mock 0.182800 39.73374822 0.18906536 39.81945453
  jla_mock 0.297620 40.99186334 0.22708191 41.01337355
  jla_mock 0.196990 40.14350556 0.16336648 39.99934643
  jla_mock 0.152950 39.48074855 0.14755004 39.39286806
  jla_mock 0.248500 40.59362451 0.17447627 40.56615860
  jla_mock 0.138180 39.13853547 0.12408786 39.15224127
  jla_mock 0.207040 39.95975258 0.17044837 40.12013097
  jla_mock 0.214680 40.30558951 0.18059604 40.20809500
  jla_mock 0.306320 40.97313211 0.21502986 41.08542547
  jla_mock 0.246950 40.60851767 0.17120148 40.55068574
  jla_mock 0.198010 40.05562590 0.14489973 40.01195956
  jla_mock 0.222560 40.31130105 0.15195110 40.29590034
  jla_mock 0.135080 39.14611024 0.15130600 39.09944962
  jla_mock 0.210540 39.97995921 0.18260591 40.16065228
  jla_mock 0.272580 41.10924384 0.16910743 40.79461419
  jla_mock 0.246600 40.57852863 0.16168519 40.54719186
  jla_mock 0.220680 40.40169865 0.19428942 40.27512112
  jla_mock 0.274470 40.94941500 0.19147108 40.81179838
  jla_mock 0.176560 39.54286065 0.15540451 39.73570430
  jla_mock 0.310880 41.01080003 0.22015615 41.12242051
  jla_mock 0.184350 39.91130542 0.17307932 39.83952780
  jla_mock 0.159350 39.62423417 0.14827050 39.49074512
  jla_mock 0.219760 40.16528137 0.16604587 40.26495257
  jla_mock 0.252050 40.93114489 0.18410044 40.60119456
  jla_mock 0.181220 39.77395387 0.14940352 39.79824854
  jla_mock 0.173730 39.73833973 0.13336424 39.69707572
  jla_mock 0.380470 41.76802663 0.24246083 41.63266739
  jla_mock 0.178650 40.00179956 0.17172186 39.76375526
  jla_mock 0.245680 40.30263859 0.18910008 40.53800797
  jla_mock 0.209100 40.22656932 0.16102286 40.14415046
  jla_mock 0.249470 40.41518701 0.20970726 40.57584163
  jla_mock 0.133920 38.92738413 0.16606211 39.07901608
  jla_mock 0.177060 39.64209059 0.16039966 39.74241506
  jla_mock 0.281110 40.73473058 0.18775324 40.87112706
  jla_mock 0.173830 39.69784734 0.15186906 39.69847750
  jla_mock 0.196540 40.21396163 0.16513423 39.99378181
  jla_mock 0.363970 41.73278400 0.22724835 41.51991492
  jla_mock 0.378350 41.69626985 0.26733097 41.61851927
  jla_mock 0.316460 41.28279814 0.21038880 41.16699585
  jla_mock 0.183220 39.90760256 0.13519430 39.82498164
  jla_mock 0.241020 40.62391660 0.16773658 40.49113042
  jla_mock 0.202030 40.01544323 0.19953174 40.06053140
  jla_mock 0.168690 39.60469690 0.16511959 39.62642627
  jla_mock 0.197940 39.98271320 0.17492454 40.01109396
  jla_mock 0.122760 38.68780057 0.14574653 38.87391751
  jla_mock 0.203180 39.91553659 0.16105255 40.07421194
  jla_mock 0.127390 38.99859582 0.14895509 38.96152523
  jla_mock 0.275490 40.68167279 0.19972760 40.82107239
  jla_mock 0.144680 39.09641725 0.14721731 39.26108985
  jla_mock 0.334360 41.58273968 0.24977783 41.30538443
  jla_mock 0.195800 39.77656658 0.15392559 39.98463111
  jla_mock 0.193920 40.05270848 0.16374737 39.96138337
  jla_mock 0.249730 40.62745551 0.18580683 40.57843707
  jla_mock 0.148600 39.54405462 0.14879989 39.32445060
  jla_mock 0.155960 39.59219432 0.14872192 39.43916213
  jla_mock 0.095820 38.14245751 0.15034816 38.29891732
  jla_mock 0.150650 39.28405078 0.15872946 39.35749386
  jla_mock 0.309330 41.36696479 0.24715745 41.10984544
  jla_mock 0.248570 40.43570089 0.17340396 40.56685738
  jla_mock 0.365540 41.52903449 0.24311996 41.53084345
  jla_mock 0.117710 38.76716483 0.12847626 38.77612598
  jla_mock 0.191760 39.83399483 0.14428474 39.93467320
  jla_mock 0.182550 39.95956246 0.16171197 39.81609915
  jla_mock 0.234720 40.34158160 0.18444964 40.42613542
  jla_mock 0.246470 40.54687900 0.19927669 40.54589414
  jla_mock 0.288450 40.61976387 0.18873457 40.93532948
  jla_mock 0.209600 40.22347603 0.19927022 40.14988026
  jla_mock 0.191980 40.03838379 0.17965405 39.93739368
  jla_mock 0.114020 38.85884138 0.12215388 38.70128192
  jla_mock 0.113890 38.65718997 0.18397194 38.69864513
  jla_mock 0.198800 40.25778927 0.20967258 40.02172856
  jla_mock 0.220580 40.33406666 0.22796022 40.27401584
  jla_mock 0.182570 40.00171972 0.16453718 39.81636758
  jla_mock 0.158950 39.46437422 0.16372575 39.48487792
  jla_mock 0.078490 37.88313836 0.14911597 37.83830424
  jla_mock 0.138640 39.04943325 0.13217046 39.16007487
  jla_mock 0.180790 39.66180964 0.15445548 39.79247729
  jla_mock 0.177570 39.73389840 0.18629282 39.74926003
  jla_mock 0.170660 39.64085188 0.16102003 39.65404123
  jla_mock 0.233810 40.35811038 0.20858516 40.41674726
  jla_mock 0.071530 37.56827409 0.17410666 37.62633113
  jla_mock 0.154630 39.68724751 0.18791656 39.41870661
  jla_mock 0.090100 38.26618886 0.15950858 38.15556956
  jla_mock 0.176580 39.70300731 0.20448697 39.73597273
  jla_mock 0.130450 38.79501722 0.16440638 39.01658220
  jla_mock 0.182040 39.56199942 0.17166998 39.80925418
  jla_mock 0.256170 40.80844224 0.17261330 40.64102739
  jla_mock 0.138110 39.36169171 0.14854031 39.15104920
  jla_mock 0.170700 39.38836383 0.16749506 39.65460194
  jla_mock 0.216740 40.17299712 0.14793120 40.23157319
  jla_mock 0.245550 40.37196747 0.17887642 40.53671024
  jla_mock 0.143820 38.96501791 0.16709807 39.24718928
  jla_mock 0.248620 40.67266634 0.18856198 40.56735650
  jla_mock 0.145330 39.05052292 0.17138622 39.27159610
  jla_mock 0.135880 38.97273967 0.12760365 39.11307327
  jla_mock 0.058740 37.13586687 0.12754402 37.18054381
  jla_mock 0.036520 36.08391132 0.15191506 36.11467233
  jla_mock 0.277490 40.54824860 0.22703402 40.83917126
  jla_mock 0.205150 40.10963277 0.29701418 40.09764730
  jla_mock 0.280510 41.11644484 0.20078942 40.86583052
  jla_mock 0.198670 40.09990141 0.16215673 40.02012100
  jla_mock 0.159990 39.57741198 0.15164286 39.50013264
  jla_mock 0.210750 39.94072294 0.18113105 40.16305879
  jla_mock 0.071950 37.51449745 0.17245857 37.64010622
  jla_mock 0.237820 40.46032683 0.19074175 40.45811709
  jla_mock 0.141390 39.38686901 0.17359013 39.20690618
  jla_mock 0.155060 39.26417423 0.15760876 39.42532005
  jla_mock 0.370130 41.75991650 0.22886799 41.56264818
  jla_mock 0.093910 38.26316700 0.17056414 38.25106025
  jla_mock 0.118630 38.72172938 0.17057943 38.79478628
  jla_mock 0.153630 39.25707570 0.15381057 39.40332652
  jla_mock 0.253560 40.53307530 0.16809525 40.61579348
  jla_mock 0.107250 38.68427378 0.14420228 38.55855910
  jla_mock 0.129610 38.82715011 0.15302154 39.00146852
  jla_mock 0.266650 40.60876079 0.19376454 40.74023408
  jla_mock 0.212260 40.22824791 0.16262819 40.18036278
  jla_mock 0.278220 40.55431766 0.18167466 40.84561538
  jla_mock 0.245400 40.52039116 0.16811689 40.53521287
  jla_mock 0.133620 39.14538705 0.15059378 39.07361834
  jla_mock 0.176560 39.86771198 0.16208219 39.73570430
  jla_mock 0.113680 38.85124671 0.14584429 38.69438572
  jla_mock 0.320380 41.04525962 0.26368273 41.19795536
  jla_mock 0.112710 38.42188240 0.12253270 38.67471126
  jla_mock 0.106020 38.46423225 0.14472955 38.53191691
  jla_mock 0.391350 41.66235733 0.26610488 41.70446868
  jla_mock 0.155750 39.32181288 0.14611530 39.43593231
  jla_mock 0.186670 39.89718882 0.16762102 39.86939250
  jla_mock 0.196710 39.99910653 0.16669908 39.99588400
  jla_mock 0.191910 39.60877302 0.17339098 39.93652807
  jla_mock 0.190840 39.58688858 0.15087610 39.92307171
  jla_mock 0.176250 39.92907820 0.15361286 39.73154363
  jla_mock 0.128370 38.91289253 0.15035584 38.97915785
  jla_mock 0.122620 38.58545332 0.14734428 38.87124776
  jla_mock 0.127150 38.85043740 0.14706216 38.95720703
  jla_mock 0.213230 40.15563806 0.17620944 40.19147859
  jla_mock 0.218610 40.06019916 0.18110338 40.25224188
  jla_mock 0.268560 41.12132040 0.19152223 40.75806368
  jla_mock 0.204660 39.97941768 0.16518790 40.09181820
  jla_mock 0.267100 40.62777634 0.17377576 40.74445143
  jla_mock 0.217570 40.42657521 0.17264916 40.24074699
  jla_mock 0.241850 40.65065941 0.17151433 40.49969325
  jla_mock 0.293500 41.02508876 0.20071643 40.97864273
  jla_mock 0.353460 41.54144707 0.23113786 41.44568194
  jla_mock 0.185630 39.69407550 0.15494760 39.85600487
  jla_mock 0.285430 40.67466558 0.19928385 40.90926217
  jla_mock 0.194940 39.96039168 0.16836015 39.97399650
  jla_mock 0.075920 38.10959879 0.14499851 37.76188071
  jla_mock 0.163570 39.32650791 0.15777754 39.55264407
  jla_mock 0.257210 40.81401843 0.20821329 40.65108228
  jla_mock 0.219550 39.96643105 0.18725136 40.26263149
  jla_mock 0.175580 39.71095559 0.15163366 39.72255122
  jla_mock 0.226670 40.69302181 0.18608202 40.34066257
  jla_mock 0.153220 39.68848579 0.15082218 39.39702068
  jla_mock 0.210250 40.26868642 0.19550076 40.15732899
  jla_mock 0.121640 38.79641667 0.12361443 38.85255952
  jla_mock 0.291350 41.07202852 0.19904915 40.96020244
  jla_mock 0.294480 41.28456036 0.27859702 40.98704807
  jla_mock 0.164550 39.77297758 0.12599124 39.56701870
  jla_mock 0.307020 41.35069540 0.20906564 41.09110453
  jla_mock 0.198630 40.14840181 0.16157737 40.01962637
  jla_mock 0.268210 40.96377084 0.21539519 40.75485425
  jla_mock 0.401280 41.74615328 0.24823001 41.76844708
  jla_mock 0.136680 39.11046225 0.15334431 39.12669692
  jla_mock 0.295420 41.12212975 0.24720467 40.99502774
  jla_mock 0.291920 40.93862644 0.19219946 40.96509126
  jla_mock 0.090070 38.15381374 0.12096556 38.15481767
  jla_mock 0.205570 40.29490159 0.18292629 40.10264367
  jla_mock 0.145820 39.24185576 0.14934529 39.27951619
  jla_mock 0.117670 38.84936518 0.14486540 38.77531466
  jla_mock 0.054990 37.07783366 0.14997934 37.02755570
  jla_mock 0.174200 39.47882129 0.15142908 39.70366406
  jla_mock 0.244950 40.61644988 0.18020903 40.53072075
  jla_mock 0.224520 40.54492200 0.18249954 40.31756378
  jla_mock 0.245580 40.82624066 0.16228277 40.53700972
  jla_mock 0.283510 40.65706918 0.21250233 40.89231323
  jla_mock 0.180560 39.86435248 0.17619167 39.78939034
  jla_mock 0.103910 38.36092034 0.12352191 38.48621362
  jla_mock 0.129610 39.07641968 0.15326847 39.00146852
  jla_mock 0.243520 40.46779624 0.16045597 40.51644578
  jla_mock 0.331360 41.43796412 0.26935111 41.28283761
  jla_mock 0.243480 40.59196197 0.19048000 40.51604648
  jla_mock 0.314680 41.24395242 0.17577640 41.15293771
  jla_mock 0.218650 40.34442439 0.18935500 40.25268399
  jla_mock 0.260140 40.80345019 0.21925656 40.67922298
  jla_mock 0.282430 40.82947979 0.19830733 40.88277946
  jla_mock 0.300410 40.94217035 0.20581539 41.03663937
  jla_mock 0.151860 39.55607004 0.14864409 39.37610376
  jla_mock 0.263570 40.74836838 0.18936772 40.71136861
  jla_mock 0.213820 40.00594619 0.20621233 40.19823975
  jla_mock 0.162840 39.53399803 0.16761662 39.54193643
  jla_mock 0.124400 39.17939974 0.17140549 38.90519170
  jla_mock 0.194650 40.14802560 0.13938689 39.97041042
  jla_mock 0.205540 40.08684510 0.18299408 40.10228679
  jla_mock 0.106670 38.42413981 0.14588621 38.54599612
  jla_mock 0.187720 40.03584245 0.18724598 39.88290884
  jla_mock 0.163870 39.18634024 0.15682059 39.55704447
  jla_mock 0.290210 41.29957168 0.19470283 40.95042479
  jla_mock 0.094010 38.44454491 0.12497638 38.25356657
  jla_mock 0.227860 40.20762848 0.18009820 40.35336304
  jla_mock 0.107510 38.81148954 0.14764565 38.56419079
  jla_mock 0.310650 41.29943579 0.22259423 41.12055454
  jla_mock 0.145640 39.38168733 0.15575872 39.27660677
  jla_mock 0.087840 38.26306303 0.12609586 38.09813443
  jla_mock 0.148390 39.25476649 0.15572534 39.32105628
  jla_mock 0.286620 40.74866688 0.19365541 40.91963379
  jla_mock 0.122810 38.92441343 0.13329108 38.87487099
  jla_mock 0.186550 39.98140502 0.20280242 39.86784777
  jla_mock 0.128930 38.79788751 0.15503539 38.98923364
  jla_mock 0.194220 39.76733179 0.16863568 39.96509311
  jla_mock 0.148000 39.13551744 0.14676099 39.31475253
  jla_mock 0.211790 39.70621468 0.22866165 40.17497677
  jla_mock 0.179620 39.79122554 0.17351314 39.77677412
  jla_mock 0.263490 40.75863968 0.18130204 40.71061886
  jla_mock 0.192150 40.04849120 0.15956887 39.93949587
  jla_mock 0.338800 41.21747103 0.22987627 41.33867240
  jla_mock 0.117410 38.58371958 0.14766783 38.77004109
  jla_mock 0.143100 39.55309622 0.16841647 39.23555159
  jla_mock 0.160350 39.44332993 0.13218212 39.50541312
  jla_mock 0.288720 41.00496788 0.21129560 40.93764524
  jla_mock 0.123030 38.79439196 0.15464992 38.87906631
  jla_mock 0.264050 40.72207617 0.18533646 40.71586713
  jla_mock 0.126080 38.96192948 0.17182656 38.93722867
  jla_mock 0.173740 39.58812089 0.14981160 39.69721590
  jla_mock 0.164400 39.69067636 0.14972618 39.56481851
  jla_mock 0.249610 40.45692578 0.16242204 40.57723917
  jla_mock 0.159990 39.25613068 0.15136580 39.50013264
  jla_mock 0.244480 40.35064647 0.15150476 40.52602897
  jla_mock 0.248510 40.71334741 0.17707716 40.56625843
  jla_mock 0.228930 40.60567071 0.16847625 40.36478279
  jla_mock 0.085280 37.78699079 0.14384543 38.02850211
  jla_mock 0.062818 37.42597201 0.14854713 37.32965972
  jla_mock 0.277450 41.03049570 0.23370164 40.83881815
  jla_mock 0.275440 41.05186130 0.21508178 40.82061778
  jla_mock 0.330510 40.94421483 0.21087893 41.27629868
  jla_mock 0.361930 41.32996194 0.24565378 41.50571480
  jla_mock 0.331030 41.21099777 0.21800830 41.28029897
  jla_mock 0.160500 39.53183085 0.12714994 39.50761332
  jla_mock 0.300210 40.89417585 0.20430208 41.03497157
  jla_mock 0.116350 38.87317906 0.12231010 38.74854117
  jla_mock 0.218290 39.96558950 0.16062208 40.24870499
  jla_mock 0.119670 38.79701284 0.12046332 38.81499236
  jla_mock 0.154730 39.54526951 0.12395445 39.42024462
  jla_mock 0.178100 39.75287511 0.16562813 39.75637343
  jla_mock 0.250370 40.53205965 0.16560962 40.58482587
  jla_mock 0.251740 40.97072272 0.14466362 40.59819743
  jla_mock 0.129530 38.94979748 0.14518911 39.00002912
  jla_mock 0.309290 41.29386447 0.18810950 41.10952092
  jla_mock 0.278520 41.16612484 0.17881943 40.84826365
  jla_mock 0.185810 39.84571295 0.13605911 39.85832196
  jla_mock 0.066510 37.23890213 0.17228058 37.46168597
  jla_mock 0.258000 40.82041272 0.18756945 40.65872012
  jla_mock 0.298880 40.97987482 0.21609463 41.02388070
  jla_mock 0.270440 40.65726289 0.22437165 40.77515695
  jla_mock 0.279160 40.80437439 0.17183675 40.85391330
  jla_mock 0.292870 40.93932664 0.21554431 40.97323930
  jla_mock 0.189650 39.93551037 0.15711153 39.90775318
  jla_mock 0.265760 40.74515111 0.19291042 40.73189308
  jla_mock 0.123760 38.90032094 0.14509081 38.89298713
  jla_mock 0.182550 39.98356364 0.14971699 39.81609915
  jla_mock 0.056340 37.12438711 0.14895035 37.08333754
  jla_mock 0.312880 41.06104195 0.18264477 41.13864641
  jla_mock 0.309150 40.62520854 0.22328713 41.10838511
  jla_mock 0.200610 39.91158093 0.15587566 40.04363891
  jla_mock 0.326400 41.24285361 0.20549386 41.24468106
  jla_mock 0.211630 40.21519849 0.13899445 40.17314324
  jla_mock 0.179690 39.68607641 0.15636245 39.77771363
  jla_mock 0.302400 41.34503541 0.19662226 41.05323399
  jla_mock 0.109240 38.46120107 0.14870399 38.60166315
  jla_mock 0.085220 38.03555051 0.15002378 38.02687010
  jla_mock 0.202310 39.97139823 0.16131988 40.06386231
  jla_mock 0.126490 38.99757714 0.15584855 38.94504722
  jla_mock 0.214570 40.13928054 0.16812914 40.20683444
  jla_mock 0.320450 41.17785034 0.19168742 41.19850820
  jla_mock 0.218350 40.46643201 0.17273249 40.24936815
  jla_mock 0.190100 39.79097550 0.15982384 39.91354590
  jla_mock 0.092430 38.26618261 0.15614025 38.21396675
  jla_mock 0.379860 41.39221868 0.18489314 41.62861712
  jla_mock 0.211340 40.00074969 0.16607978 40.16981995
  jla_mock 0.258330 40.77274679 0.18011571 40.66191062
  jla_mock 0.183270 39.77211316 0.16855779 39.82562527
  jla_mock 0.212950 40.48123786 0.17784935 40.18826990
  jla_mock 0.116510 38.97643703 0.15544019 38.75178644
  jla_mock 0.144010 39.42119449 0.17185674 39.25026033
  jla_mock 0.252490 40.63856725 0.18599877 40.60544855
  jla_mock 0.255390 40.39328525 0.21319916 40.63348622
  jla_mock 0.216980 40.16776441 0.18860575 40.23422585
  jla_mock 1.265901 44.72986993 0.22380442 44.79726150
  jla_mock 0.935774 44.21702283 0.22958872 43.98936774
  jla_mock 0.049519 36.72812896 0.20228994 36.79241934
  jla_mock 0.030325 36.01280957 0.18207848 35.69463564
  jla_mock 0.074579 38.30538676 0.21872943 37.72200368
  jla_mock 0.025198 35.70992722 0.22034080 35.27019548
  jla_mock 0.014411 34.04984480 0.20528439 34.03100129
  jla_mock 0.020792 34.79700550 0.19750056 34.84402582
  jla_mock 0.035218 36.23401163 0.20378488 36.02701442
  jla_mock 0.041657 36.56561595 0.21523275 36.40181746
  jla_mock 0.042400 36.40781992 0.20618664 36.44334925
  jla_mock 0.018902 34.77399098 0.18361956 34.61733569
  jla_mock 0.078840 38.21059184 0.21534076 37.84871212
  jla_mock 0.063345 37.48012531 0.20758765 37.34892997
  jla_mock 0.027637 35.75813691 0.23141589 35.48155629
  jla_mock 0.049325 36.31394207 0.21068097 36.78320287
  jla_mock 0.070153 37.36485382 0.22041411 37.58116850
  jla_mock 0.023909 35.22274044 0.18367797 35.15849228
  jla_mock 0.053126 37.27174076 0.22335947 36.95053545
  jla_mock 0.024951 35.09755903 0.18978288 35.24879075
  jla_mock 0.015664 34.01463349 0.20165316 34.22896394
  jla_mock 0.048984 36.45206002 0.15985830 36.76700280
  jla_mock 0.022399 34.90497927 0.18927946 35.02763749
  jla_mock 0.034854 36.00334234 0.23666209 36.00228810
  jla_mock 0.016966 34.30670379 0.20291443 34.38512824
  jla_mock 0.030721 35.74049610 0.18171781 35.72153570
  jla_mock 0.030482 35.76675292 0.18203752 35.70530056
  jla_mock 0.010550 33.25702976 0.21945028 33.27241718
  jla_mock 0.014256 33.95056841 0.17170736 34.00054790
  jla_mock 0.027688 35.46993258 0.18124529 35.48597589
  jla_mock 0.053860 36.90354473 0.15903793 36.98086424
  jla_mock 0.017672 34.36292145 0.19251135 34.46980720
  jla_mock 0.017450 34.15852969 0.17037052 34.44318011
  jla_mock 0.015573 33.77800963 0.20219934 34.21804923
  jla_mock 0.010060 33.20734177 0.23112569 33.17614517
  jla_mock 0.054931 37.35604034 0.18431298 37.02511783
  jla_mock 0.039083 36.15202580 0.16317419 36.25793746
  jla_mock 0.078317 37.37609715 0.18391968 37.83315978
  jla_mock 0.031764 35.85444378 0.15356487 35.79238611
  jla_mock 0.014440 33.84669258 0.22581465 34.03669902
  jla_mock 0.013533 33.93753420 0.22079334 33.85849757
  jla_mock 0.026677 35.50023437 0.19349962 35.39836385
  jla_mock 0.023360 35.17495204 0.17880596 35.11091660
  jla_mock 0.036934 36.31720690 0.19001518 36.13781387
  jla_mock 0.023552 35.24218772 0.17819828 35.12755509
  jla_mock 0.017483 34.22763862 0.19211831 34.44713819
  jla_mock 0.040259 36.10316389 0.17447686 36.32367284
  jla_mock 0.030381 35.67546700 0.20408145 35.69843968
  jla_mock 0.015504 34.38801806 0.20027602 34.20977324
  jla_mock 0.014151 34.19425429 0.18788306 33.97991818
  jla_mock 0.015487 34.43112558 0.18431337 34.20773422
  jla_mock 0.015554 34.06931165 0.19852180 34.21577033
  jla_mock 0.037075 36.09829563 0.15485493 36.14569541
  jla_mock 0.015482 34.27604739 0.20249750 34.20713452
  jla_mock 0.013324 33.72911303 0.18643777 33.81743462
  jla_mock 0.014575 34.02119066 0.20791179 34.06322294
  jla_mock 0.015791 33.89719707 0.19846605 34.24419655
  jla_mock 0.024746 35.18039375 0.17954713 35.23102570
  jla_mock 0.027748 35.45439663 0.17503344 35.49117542
  jla_mock 0.010888 33.57359304 0.25477943 33.33882522
  jla_mock 0.013652 33.82505918 0.18670962 33.88187792
  jla_mock 0.035755 36.03441596 0.16295663 36.06349253
  jla_mock 0.024725 35.35662549 0.17710562 35.22920587
  jla_mock 0.038086 36.39504516 0.17051564 36.20220772
  jla_mock 0.021541 35.48699479 0.17711857 34.93386228
  jla_mock 0.019581 34.53879066 0.17898631 34.69877622
  jla_mock 0.030416 35.41559005 0.17571774 35.70081721
  jla_mock 0.039219 36.42819018 0.17021381 36.26553951
  jla_mock 0.034971 36.04836835 0.15987848 36.01023585
  jla_mock 0.028561 35.67312806 0.17650121 35.56162903
  jla_mock 0.020997 34.66931689 0.18822756 34.86861390
  jla_mock 0.032538 35.86963187 0.18232286 35.84496350
  jla_mock 0.015469 34.25593739 0.19318910 34.20557527
  jla_mock 0.015678 34.28313639 0.20747940 34.23064312
  jla_mock 0.027499 35.29245408 0.15598630 35.46959738
  jla_mock 0.046856 36.78921314 0.17134850 36.66590675
  jla_mock 0.033173 35.92523157 0.18295753 35.88809870
  jla_mock 0.010291 33.04445699 0.23549671 33.22153055
  jla_mock 0.080103 37.87679111 0.17116407 37.88626968
  jla_mock 0.012317 33.71853956 0.20020781 33.61958582
  jla_mock 0.024586 34.83196061 0.20631378 35.21716029
  jla_mock 0.014467 34.32957489 0.20827809 34.04200380
  jla_mock 0.015154 33.97162155 0.18399751 34.16779358
  jla_mock 0.029086 35.67667980 0.17337203 35.60712490
  jla_mock 0.034781 35.85797031 0.17928903 35.99732925
  jla_mock 0.044920 36.56831337 0.14070569 36.57393215
  jla_mock 0.034074 36.09680220 0.16958177 35.94930313
  jla_mock 0.074870 37.63461808 0.14386215 37.73065708
  jla_mock 0.014960 33.88274018 0.19782876 34.13886523
  jla_mock 0.020396 34.85518509 0.17103812 34.79652884
  jla_mock 0.040689 36.19981037 0.17468105 36.34770874
  jla_mock 0.026567 35.22641533 0.18033141 35.38883138
  jla_mock 0.026881 35.18152234 0.15330990 35.41604224
  jla_mock 0.023471 35.16599857 0.17597781 35.12053573
  jla_mock 0.069122 37.40816990 0.19117659 37.54735393
  jla_mock 0.065193 37.29245279 0.15879632 37.41650383
  jla_mock 0.022980 34.93539683 0.17790505 35.07798626
  jla_mock 0.017387 34.34493418 0.19829162 34.43562377
  jla_mock 0.031485 35.82468978 0.15108749 35.77343379
  jla_mock 0.011184 32.99269820 0.19447979 33.39698137
  jla_mock 0.021956 34.75547196 0.17567209 34.98363815
  jla_mock 0.031484 35.62689983 0.15080691 35.77336586
  jla_mock 0.023321 35.10948124 0.20285194 35.10753691
  jla_mock 0.020390 34.72844441 0.18300723 34.79580919
  jla_mock 0.022466 34.89137157 0.18140785 35.03344363
  jla_mock 0.033614 36.02744148 0.18044129 35.91805559
  jla_mock 0.036969 35.99320910 0.17916902 36.13977028
  jla_mock 0.022629 35.14437615 0.18007478 35.04756902
  jla_mock 0.014700 34.00152101 0.18462322 34.08778212
  jla_mock 0.036950 36.23307262 0.14876338 36.13870823
  jla_mock 0.060959 37.02649592 0.12531329 37.26168363
  jla_mock 0.059289 37.12431148 0.12135718 37.20061851
  jla_mock 0.069751 37.52055960 0.15873536 37.56798377
  jla_mock 0.029526 35.48888867 0.17470465 35.64036001
  jla_mock 0.033255 35.81762618 0.17565362 35.89366892
  jla_mock 0.024159 34.87963001 0.18124182 35.18015698
  jla_mock 0.015999 34.39806106 0.19155982 34.26914446
  jla_mock 0.062961 37.53374381 0.16530929 37.33488865
  jla_mock 0.021706 34.81267091 0.19186355 34.95365268
  jla_mock 0.031638 35.19131629 0.18943844 35.78382700
  jla_mock 0.018599 34.77550018 0.17304818 34.58099331
  jla_mock 0.027064 35.54906847 0.17332763 35.43190080
  jla_mock 0.025468 35.32747764 0.18469991 35.29359335
  jla_mock 0.023810 35.03092526 0.19336693 35.14991306
  jla_mock 0.023867 35.38815652 0.18298494 35.15485261
  jla_mock 0.022068 35.31532317 0.16678206 34.99707164
