  jla_mock 0.503084 42.42317701 0.14571158 42.35108100
  jla_mock 0.580724 42.71244067 0.16122778 42.72552632
  jla_mock 0.494795 42.41329493 0.12070859 42.30795504
  jla_mock 0.345928 41.32349342 0.13253081 41.39118194
  jla_mock 0.677662 43.24544397 0.22871689 43.13175210
  jla_mock 0.610712 42.90085756 0.22548733 42.85765176
  jla_mock 0.866494 43.77541803 0.25803499 43.78417385
  jla_mock 0.330932 41.04664522 0.12801230 41.27954507
  jla_mock 0.798566 43.12031439 0.25919990 43.56688646
  jla_mock 0.449562 41.76851412 0.16139765 42.06009851
  jla_mock 0.371443 41.65877348 0.14921889 41.57157260
  jla_mock 0.291718 40.87869976 0.14231442 40.96335873
  jla_mock 0.355820 41.52959698 0.14101044 41.46251312
  jla_mock 0.461274 42.21771021 0.15587207 42.12639800
  jla_mock 0.283610 40.87527626 0.13055630 40.89319599
  jla_mock 0.632234 42.82529531 0.22182909 42.94875922
  jla_mock 0.466414 42.15189044 0.17243727 42.15507604
  jla_mock 0.268624 40.69794653 0.12820280 40.75864558
  jla_mock 0.946890 44.35293446 0.29224985 44.02088236
  jla_mock 0.924917 44.15367487 0.31213110 43.95825216
  jla_mock 0.693165 42.76544961 0.29243158 43.19149304
  jla_mock 0.625233 42.72348421 0.19088816 42.91943219
  jla_mock 0.896944 44.08301743 0.26745476 43.87629010
  jla_mock 0.608261 42.73114642 0.15987482 42.84713700
  jla_mock 0.789054 43.58367172 0.26932700 43.53500333
  jla_mock 0.578292 42.52407453 0.14637659 42.71452713
  jla_mock 0.590280 42.45708999 0.18966931 42.76830634
  jla_mock 0.719626 43.25745551 0.25305179 43.29065226
  jla_mock 0.210032 39.95912620 0.13132256 40.15483080
  jla_mock 0.766590 43.60754176 0.22576765 43.45828289
  jla_mock 0.858513 43.60642261 0.22289539 43.75956030
  jla_mock 0.367904 41.50339212 0.09931133 41.54729890
  jla_mock 0.558746 42.41247526 0.15678156 42.62454440
  jla_mock 0.848509 43.52068859 0.21739327 43.72833562
  jla_mock 0.996390 44.01459231 0.24266005 44.15702957
  jla_mock 0.776594 43.63747572 0.26449227 43.49271322
  jla_mock 0.582932 42.73252994 0.13306958 42.73551243
  jla_mock 0.583743 42.57817334 0.16752875 42.73918034
  jla_mock 0.796552 43.60860426 0.22887969 43.56021387
  jla_mock 0.588721 42.78869144 0.15579306 42.76137980
  jla_mock 0.913473 44.25708693 0.24294053 43.92502563
  jla_mock 0.768587 43.44682599 0.23905376 43.46520986
  jla_mock 0.948455 44.23339696 0.26528102 44.02529941
  jla_mock 0.513793 42.54484991 0.15287930 42.40582273
  jla_mock 0.733609 43.25088681 0.19294483 43.34167511
  jla_mock 0.637701 43.48647631 0.27010736 42.97142091
  jla_mock 0.765588 43.32415194 0.21113574 43.45480726
  jla_mock 0.434861 41.92665896 0.15772880 41.97448442
  jla_mock 0.983407 44.55546303 0.25879722 44.12197372
  jla_mock 0.583743 42.86263673 0.16232669 42.73918034
  jla_mock 0.700631 43.22277025 0.21687358 43.21987569
  jla_mock 0.662058 42.99388630 0.21294856 43.07025770
  jla_mock 0.838126 44.02665023 0.28077453 43.69551364
  jla_mock 0.621874 42.99632146 0.17546981 42.90526861
  jla_mock 0.370586 41.61402409 0.14291643 41.56574760
  jla_mock 0.416632 41.71601674 0.13815441 41.86461950
  jla_mock 0.358570 41.32109983 0.10704088 41.48212572
  jla_mock 0.451681 41.90255891 0.15278703 42.07216742
  jla_mock 0.522762 42.64266285 0.16112888 42.45088093
  jla_mock 0.733996 43.07392990 0.30408870 43.34308204
  jla_mock 0.701965 43.35099645 0.31176741 43.22488288
  jla_mock 0.742008 43.40414391 0.29013165 43.37180407
  jla_mock 0.746118 43.07427308 0.21822021 43.38651198
  jla_mock 0.349560 41.61402858 0.13472825 41.41773364
  jla_mock 0.591835 42.66302126 0.15357327 42.77521512
  jla_mock 0.514746 42.43649128 0.15561143 42.41063888
  jla_mock 0.620632 42.84072887 0.18447364 42.90003158
  jla_mock 0.643646 43.46043614 0.24392132 42.99587363
  jla_mock 1.002795 43.83887229 0.33216844 44.17412957
  jla_mock 0.470586 42.02668015 0.14420733 42.17805785
  jla_mock 0.610643 42.93807731 0.15877872 42.85735575
  jla_mock 0.263487 40.86232198 0.12804977 40.71059074
  jla_mock 0.358336 41.63232677 0.12918713 41.48045687
  jla_mock 0.742697 43.38511887 0.25908753 43.37426971
  jla_mock 0.451556 42.01141853 0.11538935 42.07145547
  jla_mock 0.910752 43.82925456 0.26164869 43.91705349
  jla_mock 0.552605 42.52113119 0.15821060 42.59574777
  jla_mock 0.337534 41.48042470 0.12813367 41.32918083
  jla_mock 0.750681 43.32641041 0.24281434 43.40263657
  jla_mock 0.983777 44.15816519 0.34665096 44.12297525
  jla_mock 0.822697 43.35351312 0.22175759 43.64609281
  jla_mock 0.813696 43.98836082 0.24256727 43.61677497
  jla_mock 0.950763 43.71184852 0.26472927 44.03181349
  jla_mock 0.817732 43.59322261 0.24643394 43.62994659
  jla_mock 0.340520 41.37331882 0.12574260 41.35156774
  jla_mock 0.960751 44.12826052 0.28766046 44.05969252
  jla_mock 0.810720 44.22408990 0.27275574 43.60706270
  jla_mock 0.756687 43.43930113 0.24755189 43.42379562
  jla_mock 0.611252 42.78144625 0.18572910 42.85996836
  jla_mock 0.877971 44.06606939 0.22378685 43.81925155
  jla_mock 0.548325 42.62976574 0.14258079 42.57535592
  jla_mock 0.809032 43.74758462 0.23222084 43.60155386
  jla_mock 1.028800 43.86346221 0.28337345 44.24255906
  jla_mock 0.627239 42.81687923 0.17555461 42.92789070
  jla_mock 0.422452 42.20413721 0.15606690 41.90009559
  jla_mock 0.933900 44.55751532 0.34999950 43.98400344
  jla_mock 0.701158 43.14628115 0.22740618 43.22185379
  jla_mock 0.697164 43.50995183 0.20952266 43.20674812
  jla_mock 0.685179 43.09891169 0.27044472 43.16089914
  jla_mock 0.767075 43.32607131 0.25233801 43.45996521
  jla_mock 0.931901 44.45384284 0.25136810 43.97828133
  jla_mock 0.863978 44.05008957 0.24510246 43.77643514
  jla_mock 0.749100 43.33595325 0.22590126 43.39706674
  jla_mock 0.514353 42.49830036 0.15357466 42.40865279
  jla_mock 0.468406 42.25131348 0.11440416 42.16613949
  jla_mock 0.470398 42.46723049 0.15654577 42.17703003
  jla_mock 0.958871 44.03948980 0.27681249 44.05446029
  jla_mock 0.927909 44.55834792 0.29724149 43.96685429
  jla_mock 0.840522 43.85456845 0.21913135 43.70310328
  jla_mock 0.630699 42.77723303 0.17083127 42.94239637
  jla_mock 0.562751 42.41919695 0.14440652 42.64332481
  jla_mock 0.615698 43.05614911 0.16969222 42.87904165
  jla_mock 0.828528 43.96505669 0.22446355 43.66483979
  jla_mock 0.564741 42.66168593 0.16042692 42.65249802
  jla_mock 0.578745 42.72494218 0.14758356 42.71657591
  jla_mock 0.557743 42.25752277 0.15831963 42.61984109
  jla_mock 0.864497 43.81387045 0.22870035 43.77803148
  jla_mock 0.735608 43.03140089 0.23468503 43.34890124
  jla_mock 0.858507 43.49005678 0.28336591 43.75954157
  jla_mock 0.261984 40.56283274 0.10443414 40.69650477
  jla_mock 0.585743 42.77633748 0.18660838 42.74814872
  jla_mock 0.761580 43.50086548 0.21598834 43.44090475
  jla_mock 0.488800 42.12788347 0.11155101 42.27645931
  jla_mock 0.858516 43.83825349 0.27431051 43.75956966
  jla_mock 0.688656 43.19458388 0.18053033 43.17429244
  jla_mock 0.558743 42.79537936 0.15491557 42.62453033
  jla_mock 0.324532 41.23559287 0.12601850 41.23031081
  jla_mock 0.480704 42.18657690 0.10839252 42.23310364
  jla_mock 0.185371 39.64574936 0.13095679 39.85267084
  jla_mock 0.922221 43.79224734 0.33854809 43.95042459
  jla_mock 0.681942 43.01591705 0.19640351 43.14834773
  jla_mock 0.475707 42.19410145 0.10811298 42.20605508
  jla_mock 0.922210 44.28671727 0.27644363 43.95039265
  jla_mock 0.893183 43.36094954 0.25783329 43.86505298
  jla_mock 0.428646 41.89351005 0.14143599 41.93756341
  jla_mock 0.631882 43.67016937 0.23474045 42.94730012
  jla_mock 0.699960 43.24550044 0.25834877 43.21735709
  jla_mock 0.736007 42.95959429 0.26468680 43.35032909
  jla_mock 0.575823 42.74181357 0.15953941 42.70336060
  jla_mock 0.418633 41.74585649 0.10651651 41.87691426
  jla_mock 0.511746 42.49622809 0.12000546 42.39547784
  jla_mock 0.535771 42.44591589 0.12653138 42.51490290
  jla_mock 0.641893 43.31246188 0.21547239 42.98872907
  jla_mock 0.734996 43.31164899 0.22720400 43.34671116
  jla_mock 0.351560 41.28733139 0.13079492 41.43213142
  jla_mock 0.609860 42.77703113 0.17401244 42.85399669
  jla_mock 0.349557 41.37635938 0.13436921 41.41771171
  jla_mock 0.701969 43.28049772 0.18819535 43.22489789
  jla_mock 0.355261 41.47473008 0.10427939 41.45852641
  jla_mock 0.983280 44.14998437 0.25756994 44.12162996
  jla_mock 0.872152 44.24729929 0.26597542 43.80157672
  jla_mock 0.759030 43.47386550 0.20819082 43.43204997
  jla_mock 0.926220 43.73554171 0.24599386 43.96201956
  jla_mock 0.643642 43.26301074 0.22846121 42.99585733
  jla_mock 0.419569 41.89212562 0.13772753 41.88259578
  jla_mock 0.515587 42.78603936 0.20313602 42.41488903
  jla_mock 0.890729 43.96077774 0.21057911 43.85772092
  jla_mock 0.805696 43.67934095 0.22987004 43.59050885
  jla_mock 0.480568 42.22794401 0.10874993 42.23237487
  jla_mock 0.800697 43.59761318 0.24546005 43.57394667
  jla_mock 0.580604 42.63309923 0.18881444 42.72498360
  jla_mock 0.715652 43.07229247 0.24396561 43.27597318
  jla_mock 0.805695 43.69832670 0.23276535 43.59050554
  jla_mock 0.766684 43.77977008 0.25283777 43.45860895
  jla_mock 0.664638 43.01449794 0.19578546 43.08055024
  jla_mock 0.901736 43.97133736 0.25190507 43.89049989
  jla_mock 0.745665 43.32206879 0.21142864 43.38489089
  jla_mock 0.718680 43.57375896 0.20380008 43.28715794
  jla_mock 0.736690 43.30007529 0.19636251 43.35277325
  jla_mock 0.579600 42.57837658 0.12084594 42.72044282
  jla_mock 0.370531 41.38705099 0.10256736 41.56537377
  jla_mock 0.960740 43.70634266 0.23956115 44.05966190
  jla_mock 0.850729 43.89945788 0.21179952 43.73526472
  jla_mock 0.648640 43.20744687 0.19254569 43.01622729
  jla_mock 0.219462 40.53511826 0.13036783 40.26165884
  jla_mock 0.936755 43.90391471 0.24129989 43.99217583
  jla_mock 0.647639 42.98274123 0.17876349 43.01214759
  jla_mock 0.461564 42.18857023 0.13341110 42.12801602
  jla_mock 0.600603 42.78076265 0.17945434 42.81380214
  jla_mock 0.670654 42.91596366 0.23100742 43.10426437
  jla_mock 0.760698 43.53761475 0.20946016 43.43784537
  jla_mock 0.246492 40.69290431 0.13212126 40.54611375
  jla_mock 0.470573 42.05377564 0.14759396 42.17798678
  jla_mock 0.169455 39.81964052 0.11209573 39.63714984
  jla_mock 0.497379 42.38524262 0.12912927 42.32153052
  jla_mock 0.638234 43.09992349 0.19688575 42.97363029
  jla_mock 0.507371 41.95255396 0.14542671 42.37316793
  jla_mock 0.535327 42.50197031 0.14229510 42.51274244
  jla_mock 0.587285 43.11473714 0.16639385 42.75499974
  jla_mock 0.773081 43.93189624 0.25620999 43.48071408
  jla_mock 0.699166 43.98801201 0.22210270 43.21437680
  jla_mock 0.370511 41.31005478 0.12736057 41.56523783
  jla_mock 0.761089 43.11489887 0.22808946 43.43920163
  jla_mock 0.699169 43.46299553 0.21959570 43.21438806
  jla_mock 0.788060 43.23805417 0.19242158 43.53165972
  jla_mock 0.373513 41.46160974 0.13202741 41.58564233
  jla_mock 0.405478 41.85658577 0.13198879 41.79507834
  jla_mock 0.852994 43.98177232 0.25729076 43.74233429
  jla_mock 0.808048 43.91048124 0.24185374 43.59830126
  jla_mock 0.603272 42.69798720 0.18397635 42.82545340
  jla_mock 0.583290 42.75990749 0.17902789 42.73713156
  jla_mock 0.534335 42.43342868 0.14774220 42.50791545
  jla_mock 0.720140 43.47034563 0.24070231 43.29255086
  jla_mock 0.400485 41.63219198 0.21060605 41.76340376
  jla_mock 0.837004 43.52734795 0.21502566 43.69195956
  jla_mock 0.371508 41.69319342 0.10193219 41.57201440
  jla_mock 0.806041 43.48326376 0.25907683 43.59165187
  jla_mock 0.840005 43.73983221 0.23506835 43.70146561
  jla_mock 0.500728 42.40653107 0.12981336 42.33894272
  jla_mock 0.532765 42.54548149 0.17422186 42.50027598
  jla_mock 0.533766 42.71095885 0.18215335 42.50514675
  jla_mock 0.932229 43.87684334 0.34152943 43.97922023
  jla_mock 0.822103 43.51372643 0.25790730 43.64418307
  jla_mock 0.553797 42.93192407 0.13544877 42.60133735
  jla_mock 0.125298 38.69126082 0.13709229 38.92231622
  jla_mock 0.842123 43.90119369 0.28302626 43.70817465
  jla_mock 0.443668 42.04575541 0.15186631 42.02604866
  jla_mock 0.727675 43.39085716 0.24978201 43.32010216
  jla_mock 0.683659 43.01286605 0.41253064 43.15500537
  jla_mock 0.442548 42.17432440 0.13367762 42.01953486
  jla_mock 0.726679 43.67510151 0.20021505 43.31648122
  jla_mock 0.282510 41.15984124 0.12747632 40.88348566
  jla_mock 0.404549 41.95981276 0.12965359 41.78918496
  jla_mock 0.519611 42.47961378 0.13964385 42.43522504
  jla_mock 0.690652 43.49230594 0.23214813 43.18190663
  jla_mock 1.060801 44.55666659 0.27869308 44.32447227
  jla_mock 0.576612 42.55207746 0.15376326 42.70692901
  jla_mock 0.268489 40.79818234 0.12614174 40.75741813
  jla_mock 0.720680 43.34797847 0.25106936 43.29454550
  jla_mock 0.250498 40.50910751 0.13111277 40.58610363
  jla_mock 0.760691 43.10210815 0.27664014 43.43782109
  jla_mock 0.698167 43.45932700 0.26129048 43.21057429
  jla_mock 0.550315 42.52217995 0.16854352 42.58486067
  jla_mock 0.730128 43.41595911 0.23524622 43.32902000
  jla_mock 0.847985 43.39049612 0.24702775 43.72670010
  jla_mock 0.997826 43.97714028 0.24705649 44.16086339
  jla_mock 0.435446 42.00895295 0.13052406 41.97795969
  jla_mock 0.409470 41.85981027 0.12922369 41.82018436
  jla_mock 0.301590 41.17451703 0.12598595 41.04647939
  jla_mock 1.299106 44.56923177 0.19340708 44.86649555
  jla_mock 1.020807 44.40752374 0.23668119 44.22175183
  jla_mock 0.839734 44.01395802 0.19264717 43.70060719
  jla_mock 1.120850 44.41292662 0.20807086 44.47175959
  jla_mock 1.230892 44.87252499 0.23900250 44.72227987
  jla_mock 0.974230 43.86535946 0.18427047 44.09690728
  jla_mock 0.970782 44.00789131 0.33863365 44.08744397
  jla_mock 0.064229 37.53339003 0.15072784 37.38125426
  jla_mock 0.129030 38.77587675 0.16416611 38.99103288
  jla_mock 0.102890 38.19284791 0.14983539 38.46320916
  jla_mock 0.044130 36.44894173 0.17359564 36.53640119
  jla_mock 0.113040 38.89807321 0.15276523 38.68140463
  jla_mock 0.256110 40.61818809 0.20496122 40.64044730
  jla_mock 0.380260 41.80470604 0.28702753 41.63127303
  jla_mock 0.145470 39.20693648 0.16218924 39.27385898
  jla_mock 0.088890 38.06276640 0.14636771 38.12524312
  jla_mock 0.260590 40.49699349 0.18294429 40.68344034
  jla_mock 0.078910 37.74996847 0.15602647 37.85079369
  jla_mock 0.083040 38.36415679 0.15331705 37.96757382
  jla_mock 0.165650 39.56520905 0.13854363 39.58315350
  jla_mock 0.168170 39.60478106 0.16196037 39.61913704
  jla_mock 0.170630 39.76930409 0.16520984 39.65362070
  jla_mock 0.170280 39.66361444 0.17035518 39.64871449
  jla_mock 0.120440 38.89770658 0.15109792 38.82967597
  jla_mock 0.276530 40.76766004 0.21443501 40.83052825
  jla_mock 0.231600 40.07344802 0.18253328 40.39327881
  jla_mock 0.305690 41.57304586 0.26735001 41.08031431
  jla_mock 0.079970 37.71085486 0.16566195 37.88231469
  jla_mock 0.174150 39.40291965 0.15831009 39.70296318
  jla_mock 0.138680 39.24206375 0.16604939 39.16075605
  jla_mock 0.146070 39.58536818 0.16391832 39.28355706
  jla_mock 0.081330 38.03306571 0.14393418 37.92106160
  jla_mock 0.233800 40.41730527 0.17178002 40.41664409
  jla_mock 0.256550 41.14485690 0.17733386 40.64470129
  jla_mock 0.245620 40.64415853 0.20041043 40.53740902
  jla_mock 0.125930 38.67985338 0.19132506 38.93436823
  jla_mock 0.223510 40.29756286 0.21582750 40.30640047
  jla_mock 0.102640 38.51087680 0.14663754 38.45739969
  jla_mock 0.119670 38.89518908 0.14566661 38.81499236
  jla_mock 0.180550 39.74784381 0.16851019 39.78925613
  jla_mock 0.197090 39.70805290 0.17389574 40.00058301
  jla_mock 0.229160 40.32000114 0.19939442 40.36723751
  jla_mock 0.264510 40.99148522 0.19876199 40.72017820
  jla_mock 0.103370 38.35744697 0.12264053 38.47436335
  jla_mock 0.364410 41.58359848 0.23042794 41.52297770
  jla_mock 0.205600 40.33212329 0.15584351 40.10300055
  jla_mock 0.179810 39.71880490 0.19620482 39.77932421
  jla_mock 0.199590 39.85057832 0.18224440 40.03149756
  jla_mock 0.156530 39.02839246 0.15012954 39.44792878
  jla_mock 0.161800 39.39662659 0.14760764 39.52668171
  jla_mock 0.209530 39.89177522 0.20608020 40.14907809
  jla_mock 0.241790 40.52499077 0.19813238 40.49907425
  jla_mock 0.236460 40.55017451 0.16266354 40.44408642
  jla_mock 0.226680 40.36873855 0.21050732 40.34076930
  jla_mock 0.296780 41.06750624 0.19716042 41.00636879
  jla_mock 0.208520 40.26500246 0.16317028 40.13750389
  jla_mock 0.251040 40.54243036 0.22085837 40.59142971
  jla_mock 0.250120 40.41892381 0.17967388 40.58233025
  jla_mock 0.117710 38.79867207 0.14551100 38.77612598
  jla_mock 0.219710 40.17396794 0.16999397 40.26439993
  jla_mock 0.149010 39.31329459 0.14890457 39.33107762
  jla_mock 0.287420 40.92955775 0.18840122 40.92649529
  jla_mock 0.143600 39.21627355 0.16639625 39.24363332
  jla_mock 0.328370 41.24877455 0.19601268 41.25983598
  jla_mock 0.246250 40.44150906 0.16506508 40.54369799
  jla_mock 0.119660 38.72365324 0.15026680 38.81480166
  jla_mock 0.328380 41.18315333 0.27642285 41.25991291
  jla_mock 0.215130 40.01046321 0.18366862 40.21325182
  jla_mock 0.144780 39.34513371 0.13616902 39.26270620
  jla_mock 0.132430 38.96100807 0.12839376 39.05220730
  jla_mock 0.210820 40.14295327 0.16235031 40.16386096
  jla_mock 0.203990 40.21385317 0.15780808 40.08384780
  jla_mock 0.279520 40.72579339 0.16701092 40.85709122
  jla_mock 0.044280 36.45886099 0.15509722 36.54352732
  jla_mock 0.180370 39.81529049 0.15078404 39.78684026
  jla_mock 0.260700 40.60681805 0.18972170 40.68447125
  jla_mock 0.056540 36.96998802 0.18696980 37.09160151
  jla_mock 0.212600 40.20975110 0.19194689 40.18425904
  jla_mock 0.369410 41.50752755 0.23700047 41.55775436
  jla_mock 0.173860 39.82584592 0.13051969 39.69889803
  jla_mock 0.142650 39.00045408 0.16862649 39.22827803
  jla_mock 0.177890 39.58677699 0.17323466 39.75355491
  jla_mock 0.328370 41.20030900 0.20656404 41.25983598
  jla_mock 0.253510 40.87256273 0.19560920 40.61531008
  jla_mock 0.300010 41.00706637 0.19320267 41.03330377
  jla_mock 0.105890 38.60684582 0.14607715 38.52910106
  jla_mock 0.223280 39.95965256 0.16843887 40.30385834
  jla_mock 0.118450 38.90864801 0.12252294 38.79113535
  jla_mock 0.176530 39.87950683 0.17118858 39.73530166
  jla_mock 0.182800 39.78765834 0.18906536 39.81945453
  jla_mock 0.297620 40.86900379 0.22708191 41.01337355
  jla_mock 0.196990 39.75976751 0.16336648 39.99934643
  jla_mock 0.152950 39.37447477 0.14755004 39.39286806
  jla_mock 0.248500 40.82986367 0.17447627 40.56615860
  jla_mock 0.138180 39.09928801 0.12408786 39.15224127
  jla_mock 0.207040 40.11120957 0.17044837 40.12013097
  jla_mock 0.214680 40.06406836 0.18059604 40.20809500
  jla_mock 0.306320 40.75294045 0.21502986 41.08542547
  jla_mock 0.246950 40.95268740 0.17120148 40.55068574
  jla_mock 0.198010 39.97671089 0.14489973 40.01195956
  jla_mock 0.222560 40.27838910 0.15195110 40.29590034
  jla_mock 0.135080 39.09654756 0.15130600 39.09944962
  jla_mock 0.210540 40.17451118 0.18260591 40.16065228
  jla_mock 0.272580 40.81320228 0.16910743 40.79461419
  jla_mock 0.246600 40.73668470 0.16168519 40.54719186
  jla_mock 0.220680 40.37977232 0.19428942 40.27512112
  jla_mock 0.274470 40.80562865 0.19147108 40.81179838
  jla_mock 0.176560 39.90064193 0.15540451 39.73570430
  jla_mock 0.310880 41.38578904 0.22015615 41.12242051
  jla_mock 0.184350 39.86848314 0.17307932 39.83952780
  jla_mock 0.159350 39.52705665 0.14827050 39.49074512
  jla_mock 0.219760 40.33067008 0.16604587 40.26495257
  jla_mock 0.252050 40.57455711 0.18410044 40.60119456
  jla_mock 0.181220 39.65051513 0.14940352 39.79824854
  jla_mock 0.173730 39.53537282 0.13336424 39.69707572
  jla_mock 0.380470 41.29299122 0.24246083 41.63266739
  jla_mock 0.178650 39.50099608 0.17172186 39.76375526
  jla_mock 0.245680 40.23631712 0.18910008 40.53800797
  jla_mock 0.209100 40.01087230 0.16102286 40.14415046
  jla_mock 0.249470 40.84879932 0.20970726 40.57584163
  jla_mock 0.133920 39.02615368 0.16606211 39.07901608
  jla_mock 0.177060 39.69428783 0.16039966 39.74241506
  jla_mock 0.281110 40.69005771 0.18775324 40.87112706
  jla_mock 0.173830 39.56267987 0.15186906 39.69847750
  jla_mock 0.196540 39.93787963 0.16513423 39.99378181
  jla_mock 0.363970 41.50611461 0.22724835 41.51991492
  jla_mock 0.378350 41.78085055 0.26733097 41.61851927
  jla_mock 0.316460 41.37680758 0.21038880 41.16699585
  jla_mock 0.183220 39.90360063 0.13519430 39.82498164
  jla_mock 0.241020 40.29835144 0.16773658 40.49113042
  jla_mock 0.202030 40.42591614 0.19953174 40.06053140
  jla_mock 0.168690 39.62200571 0.16511959 39.62642627
  jla_mock 0.197940 40.16594840 0.17492454 40.01109396
  jla_mock 0.122760 38.39103812 0.14574653 38.87391751
  jla_mock 0.203180 39.89936480 0.16105255 40.07421194
  jla_mock 0.127390 39.15010062 0.14895509 38.96152523
  jla_mock 0.275490 40.69946030 0.19972760 40.82107239
  jla_mock 0.144680 39.25023609 0.14721731 39.26108985
  jla_mock 0.334360 41.17729162 0.24977783 41.30538443
  jla_mock 0.195800 39.92686294 0.15392559 39.98463111
  jla_mock 0.193920 39.72702883 0.16374737 39.96138337
  jla_mock 0.249730 40.48267045 0.18580683 40.57843707
  jla_mock 0.148600 39.51388316 0.14879989 39.32445060
  jla_mock 0.155960 39.46605484 0.14872192 39.43916213
  jla_mock 0.095820 38.24073911 0.15034816 38.29891732
  jla_mock 0.150650 39.16596679 0.15872946 39.35749386
  jla_mock 0.309330 40.81526832 0.24715745 41.10984544
  jla_mock 0.248570 40.57548769 0.17340396 40.56685738
  jla_mock 0.365540 40.92724394 0.24311996 41.53084345
  jla_mock 0.117710 38.65236404 0.12847626 38.77612598
  jla_mock 0.191760 40.04116207 0.14428474 39.93467320
  jla_mock 0.182550 39.81582714 0.16171197 39.81609915
  jla_mock 0.234720 40.16295053 0.18444964 40.42613542
  jla_mock 0.246470 40.87560470 0.19927669 40.54589414
  jla_mock 0.288450 40.81447315 0.18873457 40.93532948
  jla_mock 0.209600 40.42268132 0.19927022 40.14988026
  jla_mock 0.191980 39.95959812 0.17965405 39.93739368
  jla_mock 0.114020 38.70979893 0.12215388 38.70128192
  jla_mock 0.113890 38.72450487 0.18397194 38.69864513
  jla_mock 0.198800 39.94110153 0.20967258 40.02172856
  jla_mock 0.220580 40.26113285 0.22796022 40.27401584
  jla_mock 0.182570 39.99218514 0.16453718 39.81636758
  jla_mock 0.158950 39.38582594 0.16372575 39.48487792
  jla_mock 0.078490 38.16087459 0.14911597 37.83830424
  jla_mock 0.138640 39.07835205 0.13217046 39.16007487
  jla_mock 0.180790 39.86931798 0.15445548 39.79247729
  jla_mock 0.177570 39.79387709 0.18629282 39.74926003
  jla_mock 0.170660 39.53997080 0.16102003 39.65404123
  jla_mock 0.233810 40.36230134 0.20858516 40.41674726
  jla_mock 0.071530 37.71435646 0.17410666 37.62633113
  jla_mock 0.154630 39.49627825 0.18791656 39.41870661
  jla_mock 0.090100 38.19183386 0.15950858 38.15556956
  jla_mock 0.176580 39.55530050 0.20448697 39.73597273
  jla_mock 0.130450 39.08540900 0.16440638 39.01658220
  jla_mock 0.182040 39.63478791 0.17166998 39.80925418
  jla_mock 0.256170 40.79796144 0.17261330 40.64102739
  jla_mock 0.138110 39.30129110 0.14854031 39.15104920
  jla_mock 0.170700 39.90305313 0.16749506 39.65460194
  jla_mock 0.216740 40.18580684 0.14793120 40.23157319
  jla_mock 0.245550 40.57722064 0.17887642 40.53671024
  jla_mock 0.143820 39.38436144 0.16709807 39.24718928
  jla_mock 0.248620 41.18958525 0.18856198 40.56735650
  jla_mock 0.145330 39.14003439 0.17138622 39.27159610
  jla_mock 0.135880 39.27685700 0.12760365 39.11307327
  jla_mock 0.058740 36.97249856 0.12754402 37.18054381
  jla_mock 0.036520 36.20872760 0.15191506 36.11467233
  jla_mock 0.277490 40.97412165 0.22703402 40.83917126
  jla_mock 0.205150 40.01080319 0.29701418 40.09764730
  jla_mock 0.280510 40.93071924 0.20078942 40.86583052
  jla_mock 0.198670 40.09841853 0.16215673 40.02012100
  jla_mock 0.159990 39.49478757 0.15164286 39.50013264
  jla_mock 0.210750 40.06055362 0.18113105 40.16305879
  jla_mock 0.071950 37.61661587 0.17245857 37.64010622
  jla_mock 0.237820 40.45431177 0.19074175 40.45811709
  jla_mock 0.141390 39.26663792 0.17359013 39.20690618
  jla_mock 0.155060 39.36824852 0.15760876 39.42532005
  jla_mock 0.370130 41.63620041 0.22886799 41.56264818
  jla_mock 0.093910 38.23549579 0.17056414 38.25106025
  jla_mock 0.118630 39.03147737 0.17057943 38.79478628
  jla_mock 0.153630 39.15654946 0.15381057 39.40332652
  jla_mock 0.253560 40.65941625 0.16809525 40.61579348
  jla_mock 0.107250 38.52275000 0.14420228 38.55855910
  jla_mock 0.129610 39.09964952 0.15302154 39.00146852
  jla_mock 0.266650 40.64241054 0.19376454 40.74023408
  jla_mock 0.212260 40.23179553 0.16262819 40.18036278
  jla_mock 0.278220 40.94502427 0.18167466 40.84561538
  jla_mock 0.245400 40.61937591 0.16811689 40.53521287
  jla_mock 0.133620 38.85858872 0.15059378 39.07361834
  jla_mock 0.176560 40.00805923 0.16208219 39.73570430
  jla_mock 0.113680 38.66318749 0.14584429 38.69438572
  jla_mock 0.320380 40.90165241 0.26368273 41.19795536
  jla_mock 0.112710 38.70455005 0.12253270 38.67471126
  jla_mock 0.106020 38.67011976 0.14472955 38.53191691
  jla_mock 0.391350 41.34459960 0.26610488 41.70446868
  jla_mock 0.155750 39.57667278 0.14611530 39.43593231
  jla_mock 0.186670 39.86995366 0.16762102 39.86939250
  jla_mock 0.196710 40.17355353 0.16669908 39.99588400
  jla_mock 0.191910 39.69727207 0.17339098 39.93652807
  jla_mock 0.190840 39.96658550 0.15087610 39.92307171
  jla_mock 0.176250 39.62963905 0.15361286 39.73154363
  jla_mock 0.128370 39.10615454 0.15035584 38.97915785
  jla_mock 0.122620 38.84618868 0.14734428 38.87124776
  jla_mock 0.127150 38.81610884 0.14706216 38.95720703
  jla_mock 0.213230 40.35813895 0.17620944 40.19147859
  jla_mock 0.218610 40.07814687 0.18110338 40.25224188
  jla_mock 0.268560 40.61731628 0.19152223 40.75806368
  jla_mock 0.204660 40.06296212 0.16518790 40.09181820
  jla_mock 0.267100 40.65285364 0.17377576 40.74445143
  jla_mock 0.217570 40.18347095 0.17264916 40.24074699
  jla_mock 0.241850 40.27869720 0.17151433 40.49969325
  jla_mock 0.293500 41.11436993 0.20071643 40.97864273
  jla_mock 0.353460 41.22388796 0.23113786 41.44568194
  jla_mock 0.185630 39.73036304 0.15494760 39.85600487
  jla_mock 0.285430 40.81587745 0.19928385 40.90926217
  jla_mock 0.194940 39.80579403 0.16836015 39.97399650
  jla_mock 0.075920 37.87813423 0.14499851 37.76188071
  jla_mock 0.163570 39.65890334 0.15777754 39.55264407
  jla_mock 0.257210 40.37916295 0.20821329 40.65108228
  jla_mock 0.219550 40.31856412 0.18725136 40.26263149
  jla_mock 0.175580 39.52664542 0.15163366 39.72255122
  jla_mock 0.226670 40.18056421 0.18608202 40.34066257
  jla_mock 0.153220 39.46138234 0.15082218 39.39702068
  jla_mock 0.210250 40.22204391 0.19550076 40.15732899
  jla_mock 0.121640 38.89575507 0.12361443 38.85255952
  jla_mock 0.291350 40.70908478 0.19904915 40.96020244
  jla_mock 0.294480 40.75949128 0.27859702 40.98704807
  jla_mock 0.164550 39.41747372 0.12599124 39.56701870
  jla_mock 0.307020 41.06388365 0.20906564 41.09110453
  jla_mock 0.198630 40.08928372 0.16157737 40.01962637
  jla_mock 0.268210 40.53558306 0.21539519 40.75485425
  jla_mock 0.401280 41.91916528 0.24823001 41.76844708
  jla_mock 0.136680 39.03719145 0.15334431 39.12669692
  jla_mock 0.295420 41.02452629 0.24720467 40.99502774
  jla_mock 0.291920 40.82561901 0.19219946 40.96509126
  jla_mock 0.090070 37.99959839 0.12096556 38.15481767
  jla_mock 0.205570 40.04757401 0.18292629 40.10264367
  jla_mock 0.145820 39.32651002 0.14934529 39.27951619
  jla_mock 0.117670 38.81477258 0.14486540 38.77531466
  jla_mock 0.054990 37.24847613 0.14997934 37.02755570
  jla_mock 0.174200 39.61373904 0.15142908 39.70366406
  jla_mock 0.244950 40.32138118 0.18020903 40.53072075
  jla_mock 0.224520 40.30871755 0.18249954 40.31756378
  jla_mock 0.245580 40.55158016 0.16228277 40.53700972
  jla_mock 0.283510 40.87568000 0.21250233 40.89231323
  jla_mock 0.180560 39.69920992 0.17619167 39.78939034
  jla_mock 0.103910 38.25005090 0.12352191 38.48621362
  jla_mock 0.129610 38.99881071 0.15326847 39.00146852
  jla_mock 0.243520 40.37768738 0.16045597 40.51644578
  jla_mock 0.331360 41.28512402 0.26935111 41.28283761
  jla_mock 0.243480 40.35699398 0.19048000 40.51604648
  jla_mock 0.314680 40.94071586 0.17577640 41.15293771
  jla_mock 0.218650 40.33124602 0.18935500 40.25268399
  jla_mock 0.260140 41.15731304 0.21925656 40.67922298
  jla_mock 0.282430 40.83100278 0.19830733 40.88277946
  jla_mock 0.300410 40.79710539 0.20581539 41.03663937
  jla_mock 0.151860 39.43758023 0.14864409 39.37610376
  jla_mock 0.263570 40.79962082 0.18936772 40.71136861
  jla_mock 0.213820 40.09960733 0.20621233 40.19823975
  jla_mock 0.162840 39.64401211 0.16761662 39.54193643
  jla_mock 0.124400 38.98093344 0.17140549 38.90519170
  jla_mock 0.194650 39.97193107 0.13938689 39.97041042
  jla_mock 0.205540 40.22890080 0.18299408 40.10228679
  jla_mock 0.106670 38.65287672 0.14588621 38.54599612
  jla_mock 0.187720 39.77401506 0.18724598 39.88290884
  jla_mock 0.163870 39.40630544 0.15682059 39.55704447
  jla_mock 0.290210 40.94859511 0.19470283 40.95042479
  jla_mock 0.094010 38.34932477 0.12497638 38.25356657
  jla_mock 0.227860 40.39014305 0.18009820 40.35336304
  jla_mock 0.107510 38.62126994 0.14764565 38.56419079
  jla_mock 0.310650 40.76618990 0.22259423 41.12055454
  jla_mock 0.145640 39.09638642 0.15575872 39.27660677
  jla_mock 0.087840 38.36559615 0.12609586 38.09813443
  jla_mock 0.148390 39.31040172 0.15572534 39.32105628
  jla_mock 0.286620 40.81688621 0.19365541 40.91963379
  jla_mock 0.122810 38.89440035 0.13329108 38.87487099
  jla_mock 0.186550 40.15038962 0.20280242 39.86784777
  jla_mock 0.128930 38.91388411 0.15503539 38.98923364
  jla_mock 0.194220 40.10943666 0.16863568 39.96509311
  jla_mock 0.148000 39.54969401 0.14676099 39.31475253
  jla_mock 0.211790 40.06186762 0.22866165 40.17497677
  jla_mock 0.179620 39.71915755 0.17351314 39.77677412
  jla_mock 0.263490 40.75239045 0.18130204 40.71061886
  jla_mock 0.192150 39.95911441 0.15956887 39.93949587
  jla_mock 0.338800 41.35004589 0.22987627 41.33867240
  jla_mock 0.117410 38.63216680 0.14766783 38.77004109
  jla_mock 0.143100 39.06455754 0.16841647 39.23555159
  jla_mock 0.160350 39.16868272 0.13218212 39.50541312
  jla_mock 0.288720 40.95120427 0.21129560 40.93764524
  jla_mock 0.123030 39.04429876 0.15464992 38.87906631
  jla_mock 0.264050 40.54747889 0.18533646 40.71586713
  jla_mock 0.126080 39.18385066 0.17182656 38.93722867
  jla_mock 0.173740 39.80431319 0.14981160 39.69721590
  jla_mock 0.164400 39.61818538 0.14972618 39.56481851
  jla_mock 0.249610 40.47783401 0.16242204 40.57723917
  jla_mock 0.159990 39.58006489 0.15136580 39.50013264
  jla_mock 0.244480 40.50984139 0.15150476 40.52602897
  jla_mock 0.248510 40.66003287 0.17707716 40.56625843
  jla_mock 0.228930 40.30346400 0.16847625 40.36478279
  jla_mock 0.085280 38.08690216 0.14384543 38.02850211
  jla_mock 0.062818 36.95116611 0.14854713 37.32965972
  jla_mock 0.277450 40.62515362 0.23370164 40.83881815
  jla_mock 0.275440 40.69766697 0.21508178 40.82061778
  jla_mock 0.330510 40.98779016 0.21087893 41.27629868
  jla_mock 0.361930 41.75482082 0.24565378 41.50571480
  jla_mock 0.331030 41.61851763 0.21800830 41.28029897
  jla_mock 0.160500 39.58731935 0.12714994 39.50761332
  jla_mock 0.300210 40.86248777 0.20430208 41.03497157
  jla_mock 0.116350 38.72353942 0.12231010 38.74854117
  jla_mock 0.218290 40.29054085 0.16062208 40.24870499
  jla_mock 0.119670 38.87974202 0.12046332 38.81499236
  jla_mock 0.154730 39.25888146 0.12395445 39.42024462
  jla_mock 0.178100 39.55085960 0.16562813 39.75637343
  jla_mock 0.250370 40.28859613 0.16560962 40.58482587
  jla_mock 0.251740 40.69150063 0.14466362 40.59819743
  jla_mock 0.129530 38.87550675 0.14518911 39.00002912
  jla_mock 0.309290 41.23372949 0.18810950 41.10952092
  jla_mock 0.278520 41.00407168 0.17881943 40.84826365
  jla_mock 0.185810 39.82368551 0.13605911 39.85832196
  jla_mock 0.066510 37.70395222 0.17228058 37.46168597
  jla_mock 0.258000 40.54040975 0.18756945 40.65872012
  jla_mock 0.298880 41.13790552 0.21609463 41.02388070
  jla_mock 0.270440 40.80553057 0.22437165 40.77515695
  jla_mock 0.279160 40.72464414 0.17183675 40.85391330
  jla_mock 0.292870 40.82292582 0.21554431 40.97323930
  jla_mock 0.189650 39.81446739 0.15711153 39.90775318
  jla_mock 0.265760 40.78028877 0.19291042 40.73189308
  jla_mock 0.123760 39.22565706 0.14509081 38.89298713
  jla_mock 0.182550 39.87469776 0.14971699 39.81609915
  jla_mock 0.056340 37.06604185 0.14895035 37.08333754
  jla_mock 0.312880 41.24306905 0.18264477 41.13864641
  jla_mock 0.309150 41.11162983 0.22328713 41.10838511
  jla_mock 0.200610 40.06428770 0.15587566 40.04363891
  jla_mock 0.326400 41.24858055 0.20549386 41.24468106
  jla_mock 0.211630 40.27545329 0.13899445 40.17314324
  jla_mock 0.179690 39.58260654 0.15636245 39.77771363
  jla_mock 0.302400 41.06222208 0.19662226 41.05323399
  jla_mock 0.109240 38.68757409 0.14870399 38.60166315
  jla_mock 0.085220 38.04002315 0.15002378 38.02687010
  jla_mock 0.202310 40.03158888 0.16131988 40.06386231
  jla_mock 0.126490 38.89647130 0.15584855 38.94504722
  jla_mock 0.214570 40.02937315 0.16812914 40.20683444
  jla_mock 0.320450 41.21586297 0.19168742 41.19850820
  jla_mock 0.218350 40.42575972 0.17273249 40.24936815
  jla_mock 0.190100 40.02072863 0.15982384 39.91354590
  jla_mock 0.092430 38.30819316 0.15614025 38.21396675
  jla_mock 0.379860 41.94865239 0.18489314 41.62861712
  jla_mock 0.211340 40.20496075 0.16607978 40.16981995
  jla_mock 0.258330 40.87860585 0.18011571 40.66191062
  jla_mock 0.183270 40.04168463 0.16855779 39.82562527
  jla_mock 0.212950 40.37705882 0.17784935 40.18826990
  jla_mock 0.116510 38.81916129 0.15544019 38.75178644
  jla_mock 0.144010 39.31963356 0.17185674 39.25026033
  jla_mock 0.252490 40.35446912 0.18599877 40.60544855
  jla_mock 0.255390 40.69506174 0.21319916 40.63348622
  jla_mock 0.216980 40.30674906 0.18860575 40.23422585
  jla_mock 1.265901 44.64678223 0.22380442 44.79726150
  jla_mock 0.935774 43.82994983 0.22958872 43.98936774
  jla_mock 0.049519 36.95297505 0.20228994 36.79241934
  jla_mock 0.030325 35.57986524 0.18207848 35.69463564
  jla_mock 0.074579 37.90608367 0.21872943 37.72200368
  jla_mock 0.025198 35.35898242 0.22034080 35.27019548
  jla_mock 0.014411 33.86289876 0.20528439 34.03100129
  jla_mock 0.020792 34.93242249 0.19750056 34.84402582
  jla_mock 0.035218 36.08073413 0.20378488 36.02701442
  jla_mock 0.041657 36.72706115 0.21523275 36.40181746
  jla_mock 0.042400 36.26729101 0.20618664 36.44334925
  jla_mock 0.018902 34.88273646 0.18361956 34.61733569
  jla_mock 0.078840 37.58638804 0.21534076 37.84871212
  jla_mock 0.063345 37.31039938 0.20758765 37.34892997
  jla_mock 0.027637 35.34389971 0.23141589 35.48155629
  jla_mock 0.049325 36.57428401 0.21068097 36.78320287
  jla_mock 0.070153 37.92398910 0.22041411 37.58116850
  jla_mock 0.023909 35.31797730 0.18367797 35.15849228
  jla_mock 0.053126 37.09327307 0.22335947 36.95053545
  jla_mock 0.024951 35.36786202 0.18978288 35.24879075
  jla_mock 0.015664 34.13339953 0.20165316 34.22896394
  jla_mock 0.048984 36.57580663 0.15985830 36.76700280
  jla_mock 0.022399 34.56484818 0.18927946 35.02763749
  jla_mock 0.034854 35.90858806 0.23666209 36.00228810
  jla_mock 0.016966 34.26274520 0.20291443 34.38512824
  jla_mock 0.030721 35.69031145 0.18171781 35.72153570
  jla_mock 0.030482 35.75999155 0.18203752 35.70530056
  jla_mock 0.010550 33.41531667 0.21945028 33.27241718
  jla_mock 0.014256 33.96356460 0.17170736 34.00054790
  jla_mock 0.027688 35.25459913 0.18124529 35.48597589
  jla_mock 0.053860 36.86162424 0.15903793 36.98086424
  jla_mock 0.017672 34.45154857 0.19251135 34.46980720
  jla_mock 0.017450 34.45144491 0.17037052 34.44318011
  jla_mock 0.015573 34.22751630 0.20219934 34.21804923
  jla_mock 0.010060 33.21708567 0.23112569 33.17614517
  jla_mock 0.054931 36.85383197 0.18431298 37.02511783
  jla_mock 0.039083 36.28993674 0.16317419 36.25793746
  jla_mock 0.078317 37.92436650 0.18391968 37.83315978
  jla_mock 0.031764 35.67835959 0.15356487 35.79238611
  jla_mock 0.014440 34.20029036 0.22581465 34.03669902
  jla_mock 0.013533 33.42370633 0.22079334 33.85849757
  jla_mock 0.026677 34.96761583 0.19349962 35.39836385
  jla_mock 0.023360 35.38494400 0.17880596 35.11091660
  jla_mock 0.036934 36.09291611 0.19001518 36.13781387
  jla_mock 0.023552 35.22474030 0.17819828 35.12755509
  jla_mock 0.017483 34.20961427 0.19211831 34.44713819
  jla_mock 0.040259 36.44481149 0.17447686 36.32367284
  jla_mock 0.030381 35.64461409 0.20408145 35.69843968
  jla_mock 0.015504 34.46508016 0.20027602 34.20977324
  jla_mock 0.014151 33.99679174 0.18788306 33.97991818
  jla_mock 0.015487 34.42055343 0.18431337 34.20773422
  jla_mock 0.015554 33.97705183 0.19852180 34.21577033
  jla_mock 0.037075 36.05385952 0.15485493 36.14569541
  jla_mock 0.015482 34.19563540 0.20249750 34.20713452
  jla_mock 0.013324 33.32764260 0.18643777 33.81743462
  jla_mock 0.014575 33.88463217 0.20791179 34.06322294
  jla_mock 0.015791 34.17879331 0.19846605 34.24419655
  jla_mock 0.024746 35.07941138 0.17954713 35.23102570
  jla_mock 0.027748 35.45221248 0.17503344 35.49117542
  jla_mock 0.010888 32.96009986 0.25477943 33.33882522
  jla_mock 0.013652 33.99925857 0.18670962 33.88187792
  jla_mock 0.035755 36.14522283 0.16295663 36.06349253
  jla_mock 0.024725 35.13752693 0.17710562 35.22920587
  jla_mock 0.038086 36.41805269 0.17051564 36.20220772
  jla_mock 0.021541 34.78107398 0.17711857 34.93386228
  jla_mock 0.019581 34.73961916 0.17898631 34.69877622
  jla_mock 0.030416 35.70146661 0.17571774 35.70081721
  jla_mock 0.039219 36.39960950 0.17021381 36.26553951
  jla_mock 0.034971 35.82462878 0.15987848 36.01023585
  jla_mock 0.028561 35.36216842 0.17650121 35.56162903
  jla_mock 0.020997 34.69634879 0.18822756 34.86861390
  jla_mock 0.032538 36.18700828 0.18232286 35.84496350
  jla_mock 0.015469 34.32186760 0.19318910 34.20557527
  jla_mock 0.015678 34.42738672 0.20747940 34.23064312
  jla_mock 0.027499 35.41406281 0.15598630 35.46959738
  jla_mock 0.046856 36.58562997 0.17134850 36.66590675
  jla_mock 0.033173 36.11412610 0.18295753 35.88809870
  jla_mock 0.010291 33.33668839 0.23549671 33.22153055
  jla_mock 0.080103 38.04546189 0.17116407 37.88626968
  jla_mock 0.012317 33.60429680 0.20020781 33.61958582
  jla_mock 0.024586 35.19980522 0.20631378 35.21716029
  jla_mock 0.014467 34.11935538 0.20827809 34.04200380
  jla_mock 0.015154 34.04976962 0.18399751 34.16779358
  jla_mock 0.029086 35.42655368 0.17337203 35.60712490
  jla_mock 0.034781 36.19563175 0.17928903 35.99732925
  jla_mock 0.044920 36.60833385 0.14070569 36.57393215
  jla_mock 0.034074 35.91640297 0.16958177 35.94930313
  jla_mock 0.074870 37.64269407 0.14386215 37.73065708
  jla_mock 0.014960 34.33583743 0.19782876 34.13886523
  jla_mock 0.020396 35.00558150 0.17103812 34.79652884
  jla_mock 0.040689 36.55324455 0.17468105 36.34770874
  jla_mock 0.026567 35.31735983 0.18033141 35.38883138
  jla_mock 0.026881 35.32965060 0.15330990 35.41604224
  jla_mock 0.023471 35.03877298 0.17597781 35.12053573
  jla_mock 0.069122 37.23128039 0.19117659 37.54735393
  jla_mock 0.065193 37.44383812 0.15879632 37.41650383
  jla_mock 0.022980 35.11875011 0.17790505 35.07798626
  jla_mock 0.017387 34.32439816 0.19829162 34.43562377
  jla_mock 0.031485 35.81983921 0.15108749 35.77343379
  jla_mock 0.011184 33.22772604 0.19447979 33.39698137
  jla_mock 0.021956 35.16959683 0.17567209 34.98363815
  jla_mock 0.031484 35.57881434 0.15080691 35.77336586
  jla_mock 0.023321 35.33961704 0.20285194 35.10753691
  jla_mock 0.020390 35.01797598 0.18300723 34.79580919
  jla_mock 0.022466 34.90655607 0.18140785 35.03344363
  jla_mock 0.033614 35.93567897 0.18044129 35.91805559
  jla_mock 0.036969 36.31406222 0.17916902 36.13977028
  jla_mock 0.022629 34.99654106 0.18007478 35.04756902
  jla_mock 0.014700 33.78022234 0.18462322 34.08778212
  jla_mock 0.036950 36.17813456 0.14876338 36.13870823
  jla_mock 0.060959 37.33451991 0.12531329 37.26168363
  jla_mock 0.059289 37.20316041 0.12135718 37.20061851
  jla_mock 0.069751 37.45758737 0.15873536 37.56798377
  jla_mock 0.029526 35.75424854 0.17470465 35.64036001
  jla_mock 0.033255 35.89439089 0.17565362 35.89366892
  jla_mock 0.024159 35.30803083 0.18124182 35.18015698
  jla_mock 0.015999 34.10057474 0.19155982 34.26914446
  jla_mock 0.062961 37.33666618 0.16530929 37.33488865
  jla_mock 0.021706 34.99190601 0.19186355 34.95365268
  jla_mock 0.031638 35.81498568 0.18943844 35.78382700
  jla_mock 0.018599 34.53166187 0.17304818 34.58099331
  jla_mock 0.027064 35.26461275 0.17332763 35.43190080
  jla_mock 0.025468 35.07695514 0.18469991 35.29359335
  jla_mock 0.023810 35.16458890 0.19336693 35.14991306
  jla_mock 0.023867 35.26065839 0.18298494 35.15485261
  jla_mock 0.022068 35.12549073 0.16678206 34.99707164
