  jla_mock 0.503084 42.43440627 0.14571158 42.35108100
  jla_mock 0.580724 42.42355373 0.16122778 42.72552632
  jla_mock 0.494795 42.07341113 0.12070859 42.30795504
  jla_mock 0.345928 41.45937854 0.13253081 41.39118194
  jla_mock 0.677662 42.59174657 0.22871689 43.13175210
  jla_mock 0.610712 43.10705146 0.22548733 42.85765176
  jla_mock 0.866494 44.52727502 0.25803499 43.78417385
  jla_mock 0.330932 41.27557250 0.12801230 41.27954507
  jla_mock 0.798566 43.78383899 0.25919990 43.56688646
  jla_mock 0.449562 42.08437686 0.16139765 42.06009851
  jla_mock 0.371443 41.75664003 0.14921889 41.57157260
  jla_mock 0.291718 40.69150966 0.14231442 40.96335873
  jla_mock 0.355820 41.23681789 0.14101044 41.46251312
  jla_mock 0.461274 41.92507535 0.15587207 42.12639800
  jla_mock 0.283610 41.04512428 0.13055630 40.89319599
  jla_mock 0.632234 43.16932980 0.22182909 42.94875922
  jla_mock 0.466414 42.19980746 0.17243727 42.15507604
  jla_mock 0.268624 40.83205936 0.12820280 40.75864558
  jla_mock 0.946890 44.41133979 0.29224985 44.02088236
  jla_mock 0.924917 44.20141060 0.31213110 43.95825216
  jla_mock 0.693165 43.06457271 0.29243158 43.19149304
  jla_mock 0.625233 43.04307590 0.19088816 42.91943219
  jla_mock 0.896944 43.73500398 0.26745476 43.87629010
  jla_mock 0.608261 42.91679048 0.15987482 42.84713700
  jla_mock 0.789054 43.60640830 0.26932700 43.53500333
  jla_mock 0.578292 42.54340119 0.14637659 42.71452713
  jla_mock 0.590280 42.72545872 0.18966931 42.76830634
  jla_mock 0.719626 43.11701458 0.25305179 43.29065226
  jla_mock 0.210032 40.27605047 0.13132256 40.15483080
  jla_mock 0.766590 43.36012469 0.22576765 43.45828289
  jla_mock 0.858513 43.68490167 0.22289539 43.75956030
  jla_mock 0.367904 41.68924029 0.09931133 41.54729890
  jla_mock 0.558746 42.37798088 0.15678156 42.62454440
  jla_mock 0.848509 43.79541400 0.21739327 43.72833562
  jla_mock 0.996390 44.05098977 0.24266005 44.15702957
  jla_mock 0.776594 42.99740452 0.26449227 43.49271322
  jla_mock 0.582932 42.97839096 0.13306958 42.73551243
  jla_mock 0.583743 42.76367808 0.16752875 42.73918034
  jla_mock 0.796552 43.66712508 0.22887969 43.56021387
  jla_mock 0.588721 42.64848742 0.15579306 42.76137980
  jla_mock 0.913473 44.08226710 0.24294053 43.92502563
  jla_mock 0.768587 43.07123448 0.23905376 43.46520986
  jla_mock 0.948455 43.79348143 0.26528102 44.02529941
  jla_mock 0.513793 42.17252849 0.15287930 42.40582273
  jla_mock 0.733609 43.25952260 0.19294483 43.34167511
  jla_mock 0.637701 43.20522528 0.27010736 42.97142091
  jla_mock 0.765588 43.29956752 0.21113574 43.45480726
  jla_mock 0.434861 41.90892556 0.15772880 41.97448442
  jla_mock 0.983407 44.20567168 0.25879722 44.12197372
  jla_mock 0.583743 42.58821232 0.16232669 42.73918034
  jla_mock 0.700631 43.20630232 0.21687358 43.21987569
  jla_mock 0.662058 43.00566245 0.21294856 43.07025770
  jla_mock 0.838126 43.93215879 0.28077453 43.69551364
  jla_mock 0.621874 42.93468672 0.17546981 42.90526861
  jla_mock 0.370586 41.24027257 0.14291643 41.56574760
  jla_mock 0.416632 41.75547775 0.13815441 41.86461950
  jla_mock 0.358570 41.50836149 0.10704088 41.48212572
  jla_mock 0.451681 42.09834050 0.15278703 42.07216742
  jla_mock 0.522762 42.38257888 0.16112888 42.45088093
  jla_mock 0.733996 43.70842318 0.30408870 43.34308204
  jla_mock 0.701965 43.45930088 0.31176741 43.22488288
  jla_mock 0.742008 43.27595029 0.29013165 43.37180407
  jla_mock 0.746118 43.86260386 0.21822021 43.38651198
  jla_mock 0.349560 41.34794391 0.13472825 41.41773364
  jla_mock 0.591835 42.82770205 0.15357327 42.77521512
  jla_mock 0.514746 42.50329888 0.15561143 42.41063888
  jla_mock 0.620632 42.85101659 0.18447364 42.90003158
  jla_mock 0.643646 42.78158807 0.24392132 42.99587363
  jla_mock 1.002795 44.28021936 0.33216844 44.17412957
  jla_mock 0.470586 42.24268263 0.14420733 42.17805785
  jla_mock 0.610643 42.79440781 0.15877872 42.85735575
  jla_mock 0.263487 40.65522727 0.12804977 40.71059074
  jla_mock 0.358336 41.65530991 0.12918713 41.48045687
  jla_mock 0.742697 42.66956056 0.25908753 43.37426971
  jla_mock 0.451556 42.07854900 0.11538935 42.07145547
  jla_mock 0.910752 43.73228271 0.26164869 43.91705349
  jla_mock 0.552605 42.70520638 0.15821060 42.59574777
  jla_mock 0.337534 41.26351898 0.12813367 41.32918083
  jla_mock 0.750681 43.38111731 0.24281434 43.40263657
  jla_mock 0.983777 44.35283785 0.34665096 44.12297525
  jla_mock 0.822697 43.83044145 0.22175759 43.64609281
  jla_mock 0.813696 44.13053892 0.24256727 43.61677497
  jla_mock 0.950763 43.97456297 0.26472927 44.03181349
  jla_mock 0.817732 43.33268255 0.24643394 43.62994659
  jla_mock 0.340520 41.18299701 0.12574260 41.35156774
  jla_mock 0.960751 44.02395680 0.28766046 44.05969252
  jla_mock 0.810720 43.53360428 0.27275574 43.60706270
  jla_mock 0.756687 43.37228356 0.24755189 43.42379562
  jla_mock 0.611252 42.82719771 0.18572910 42.85996836
  jla_mock 0.877971 44.06989818 0.22378685 43.81925155
  jla_mock 0.548325 42.69403004 0.14258079 42.57535592
  jla_mock 0.809032 43.44968401 0.23222084 43.60155386
  jla_mock 1.028800 44.01229104 0.28337345 44.24255906
  jla_mock 0.627239 43.04611568 0.17555461 42.92789070
  jla_mock 0.422452 42.14838053 0.15606690 41.90009559
  jla_mock 0.933900 44.10784846 0.34999950 43.98400344
  jla_mock 0.701158 43.67276605 0.22740618 43.22185379
  jla_mock 0.697164 43.18797426 0.20952266 43.20674812
  jla_mock 0.685179 42.98471557 0.27044472 43.16089914
  jla_mock 0.767075 43.18913565 0.25233801 43.45996521
  jla_mock 0.931901 44.24793190 0.25136810 43.97828133
  jla_mock 0.863978 44.04242812 0.24510246 43.77643514
  jla_mock 0.749100 43.60067701 0.22590126 43.39706674
  jla_mock 0.514353 42.46636486 0.15357466 42.40865279
  jla_mock 0.468406 42.21288453 0.11440416 42.16613949
  jla_mock 0.470398 42.13495341 0.15654577 42.17703003
  jla_mock 0.958871 44.10089967 0.27681249 44.05446029
  jla_mock 0.927909 43.34496968 0.29724149 43.96685429
  jla_mock 0.840522 43.60987251 0.21913135 43.70310328
  jla_mock 0.630699 43.04745231 0.17083127 42.94239637
  jla_mock 0.562751 42.54373955 0.14440652 42.64332481
  jla_mock 0.615698 42.60386005 0.16969222 42.87904165
  jla_mock 0.828528 43.97997322 0.22446355 43.66483979
  jla_mock 0.564741 42.78358704 0.16042692 42.65249802
  jla_mock 0.578745 42.70919494 0.14758356 42.71657591
  jla_mock 0.557743 42.58895494 0.15831963 42.61984109
  jla_mock 0.864497 43.56806738 0.22870035 43.77803148
  jla_mock 0.735608 43.61024280 0.23468503 43.34890124
  jla_mock 0.858507 43.71928035 0.28336591 43.75954157
  jla_mock 0.261984 40.87919193 0.10443414 40.69650477
  jla_mock 0.585743 42.88643708 0.18660838 42.74814872
  jla_mock 0.761580 43.78640332 0.21598834 43.44090475
  jla_mock 0.488800 42.03439883 0.11155101 42.27645931
  jla_mock 0.858516 43.79903404 0.27431051 43.75956966
  jla_mock 0.688656 43.03512540 0.18053033 43.17429244
  jla_mock 0.558743 42.64384341 0.15491557 42.62453033
  jla_mock 0.324532 41.20450039 0.12601850 41.23031081
  jla_mock 0.480704 42.31653686 0.10839252 42.23310364
  jla_mock 0.185371 39.48566513 0.13095679 39.85267084
  jla_mock 0.922221 43.97591134 0.33854809 43.95042459
  jla_mock 0.681942 43.17337424 0.19640351 43.14834773
  jla_mock 0.475707 41.95956970 0.10811298 42.20605508
  jla_mock 0.922210 44.28902371 0.27644363 43.95039265
  jla_mock 0.893183 43.79842652 0.25783329 43.86505298
  jla_mock 0.428646 41.67955512 0.14143599 41.93756341
  jla_mock 0.631882 43.01322381 0.23474045 42.94730012
  jla_mock 0.699960 42.96321765 0.25834877 43.21735709
  jla_mock 0.736007 43.27947631 0.26468680 43.35032909
  jla_mock 0.575823 42.42398331 0.15953941 42.70336060
  jla_mock 0.418633 41.77883125 0.10651651 41.87691426
  jla_mock 0.511746 42.32179743 0.12000546 42.39547784
  jla_mock 0.535771 42.60940809 0.12653138 42.51490290
  jla_mock 0.641893 43.10123507 0.21547239 42.98872907
  jla_mock 0.734996 42.87219337 0.22720400 43.34671116
  jla_mock 0.351560 41.61194216 0.13079492 41.43213142
  jla_mock 0.609860 42.96814692 0.17401244 42.85399669
  jla_mock 0.349557 41.56031878 0.13436921 41.41771171
  jla_mock 0.701969 43.07780672 0.18819535 43.22489789
  jla_mock 0.355261 41.66843648 0.10427939 41.45852641
  jla_mock 0.983280 44.71616504 0.25756994 44.12162996
  jla_mock 0.872152 44.28873758 0.26597542 43.80157672
  jla_mock 0.759030 43.56356496 0.20819082 43.43204997
  jla_mock 0.926220 43.61383492 0.24599386 43.96201956
  jla_mock 0.643642 43.02261734 0.22846121 42.99585733
  jla_mock 0.419569 41.74982545 0.13772753 41.88259578
  jla_mock 0.515587 42.72546417 0.20313602 42.41488903
  jla_mock 0.890729 43.58065656 0.21057911 43.85772092
  jla_mock 0.805696 43.32121334 0.22987004 43.59050885
  jla_mock 0.480568 42.49964641 0.10874993 42.23237487
  jla_mock 0.800697 43.38132895 0.24546005 43.57394667
  jla_mock 0.580604 42.82919901 0.18881444 42.72498360
  jla_mock 0.715652 43.08104633 0.24396561 43.27597318
  jla_mock 0.805695 43.61296747 0.23276535 43.59050554
  jla_mock 0.766684 43.38184142 0.25283777 43.45860895
  jla_mock 0.664638 43.11876828 0.19578546 43.08055024
  jla_mock 0.901736 43.82010645 0.25190507 43.89049989
  jla_mock 0.745665 43.33370656 0.21142864 43.38489089
  jla_mock 0.718680 43.28501148 0.20380008 43.28715794
  jla_mock 0.736690 43.23976529 0.19636251 43.35277325
  jla_mock 0.579600 42.76570467 0.12084594 42.72044282
  jla_mock 0.370531 41.56790202 0.10256736 41.56537377
  jla_mock 0.960740 44.08632631 0.23956115 44.05966190
  jla_mock 0.850729 43.65505349 0.21179952 43.73526472
  jla_mock 0.648640 43.15327315 0.19254569 43.01622729
  jla_mock 0.219462 40.34635796 0.13036783 40.26165884
  jla_mock 0.936755 44.07864670 0.24129989 43.99217583
  jla_mock 0.647639 42.98298409 0.17876349 43.01214759
  jla_mock 0.461564 42.04570269 0.13341110 42.12801602
  jla_mock 0.600603 42.61736185 0.17945434 42.81380214
  jla_mock 0.670654 43.25181732 0.23100742 43.10426437
  jla_mock 0.760698 43.18662995 0.20946016 43.43784537
  jla_mock 0.246492 40.51061012 0.13212126 40.54611375
  jla_mock 0.470573 42.20857613 0.14759396 42.17798678
  jla_mock 0.169455 39.62360144 0.11209573 39.63714984
  jla_mock 0.497379 42.28836650 0.12912927 42.32153052
  jla_mock 0.638234 42.80431444 0.19688575 42.97363029
  jla_mock 0.507371 42.38417179 0.14542671 42.37316793
  jla_mock 0.535327 42.28753154 0.14229510 42.51274244
  jla_mock 0.587285 42.72337814 0.16639385 42.75499974
  jla_mock 0.773081 43.14870197 0.25620999 43.48071408
  jla_mock 0.699166 43.41138788 0.22210270 43.21437680
  jla_mock 0.370511 41.45056988 0.12736057 41.56523783
  jla_mock 0.761089 43.67793756 0.22808946 43.43920163
  jla_mock 0.699169 43.04865291 0.21959570 43.21438806
  jla_mock 0.788060 43.46532779 0.19242158 43.53165972
  jla_mock 0.373513 41.52475083 0.13202741 41.58564233
  jla_mock 0.405478 41.89291494 0.13198879 41.79507834
  jla_mock 0.852994 43.56065360 0.25729076 43.74233429
  jla_mock 0.808048 43.85060561 0.24185374 43.59830126
  jla_mock 0.603272 42.78772037 0.18397635 42.82545340
  jla_mock 0.583290 42.56693800 0.17902789 42.73713156
  jla_mock 0.534335 42.79212226 0.14774220 42.50791545
  jla_mock 0.720140 43.17138643 0.24070231 43.29255086
  jla_mock 0.400485 41.58925472 0.21060605 41.76340376
  jla_mock 0.837004 43.65932463 0.21502566 43.69195956
  jla_mock 0.371508 41.59855076 0.10193219 41.57201440
  jla_mock 0.806041 43.69141628 0.25907683 43.59165187
  jla_mock 0.840005 43.87335569 0.23506835 43.70146561
  jla_mock 0.500728 42.25421132 0.12981336 42.33894272
  jla_mock 0.532765 42.69702980 0.17422186 42.50027598
  jla_mock 0.533766 42.50205937 0.18215335 42.50514675
  jla_mock 0.932229 44.40259484 0.34152943 43.97922023
  jla_mock 0.822103 44.05206058 0.25790730 43.64418307
  jla_mock 0.553797 42.57949920 0.13544877 42.60133735
  jla_mock 0.125298 38.81463870 0.13709229 38.92231622
  jla_mock 0.842123 43.30988613 0.28302626 43.70817465
  jla_mock 0.443668 41.73704234 0.15186631 42.02604866
  jla_mock 0.727675 43.29465241 0.24978201 43.32010216
  jla_mock 0.683659 44.13736334 0.41253064 43.15500537
  jla_mock 0.442548 42.11632822 0.13367762 42.01953486
  jla_mock 0.726679 43.68041382 0.20021505 43.31648122
  jla_mock 0.282510 40.84849629 0.12747632 40.88348566
  jla_mock 0.404549 41.80645983 0.12965359 41.78918496
  jla_mock 0.519611 42.31217379 0.13964385 42.43522504
  jla_mock 0.690652 43.41459801 0.23214813 43.18190663
  jla_mock 1.060801 44.30365684 0.27869308 44.32447227
  jla_mock 0.576612 42.70982324 0.15376326 42.70692901
  jla_mock 0.268489 40.69741594 0.12614174 40.75741813
  jla_mock 0.720680 43.43014959 0.25106936 43.29454550
  jla_mock 0.250498 40.65294854 0.13111277 40.58610363
  jla_mock 0.760691 43.68085971 0.27664014 43.43782109
  jla_mock 0.698167 43.07766926 0.26129048 43.21057429
  jla_mock 0.550315 42.64426316 0.16854352 42.58486067
  jla_mock 0.730128 43.30170596 0.23524622 43.32902000
  jla_mock 0.847985 43.89683481 0.24702775 43.72670010
  jla_mock 0.997826 44.77769216 0.24705649 44.16086339
  jla_mock 0.435446 41.91255078 0.13052406 41.97795969
  jla_mock 0.409470 41.81504681 0.12922369 41.82018436
  jla_mock 0.301590 40.96363970 0.12598595 41.04647939
  jla_mock 1.299106 44.55623996 0.19340708 44.86649555
  jla_mock 1.020807 43.84851048 0.23668119 44.22175183
  jla_mock 0.839734 43.88460173 0.19264717 43.70060719
  jla_mock 1.120850 44.23899172 0.20807086 44.47175959
  jla_mock 1.230892 44.63215365 0.23900250 44.72227987
  jla_mock 0.974230 44.31623795 0.18427047 44.09690728
  jla_mock 0.970782 43.99934639 0.33863365 44.08744397
  jla_mock 0.064229 37.42024128 0.15072784 37.38125426
  jla_mock 0.129030 38.75625000 0.16416611 38.99103288
  jla_mock 0.102890 38.31645573 0.14983539 38.46320916
  jla_mock 0.044130 36.88031199 0.17359564 36.53640119
  jla_mock 0.113040 38.34519101 0.15276523 38.68140463
  jla_mock 0.256110 40.52027164 0.20496122 40.64044730
  jla_mock 0.380260 41.67130861 0.28702753 41.63127303
  jla_mock 0.145470 39.47615659 0.16218924 39.27385898
  jla_mock 0.088890 38.24538380 0.14636771 38.12524312
  jla_mock 0.260590 40.54437466 0.18294429 40.68344034
  jla_mock 0.078910 37.62010054 0.15602647 37.85079369
  jla_mock 0.083040 37.63402666 0.15331705 37.96757382
  jla_mock 0.165650 39.63765829 0.13854363 39.58315350
  jla_mock 0.168170 39.59004093 0.16196037 39.61913704
  jla_mock 0.170630 39.50316408 0.16520984 39.65362070
  jla_mock 0.170280 39.62007997 0.17035518 39.64871449
  jla_mock 0.120440 38.93191738 0.15109792 38.82967597
  jla_mock 0.276530 40.73045429 0.21443501 40.83052825
  jla_mock 0.231600 40.00975467 0.18253328 40.39327881
  jla_mock 0.305690 41.21147891 0.26735001 41.08031431
  jla_mock 0.079970 37.88922562 0.16566195 37.88231469
  jla_mock 0.174150 39.45474563 0.15831009 39.70296318
  jla_mock 0.138680 39.01924140 0.16604939 39.16075605
  jla_mock 0.146070 39.18121615 0.16391832 39.28355706
  jla_mock 0.081330 38.05209078 0.14393418 37.92106160
  jla_mock 0.233800 40.27899430 0.17178002 40.41664409
  jla_mock 0.256550 40.59465123 0.17733386 40.64470129
  jla_mock 0.245620 40.28443950 0.20041043 40.53740902
  jla_mock 0.125930 38.93966966 0.19132506 38.93436823
  jla_mock 0.223510 40.17447454 0.21582750 40.30640047
  jla_mock 0.102640 38.11489794 0.14663754 38.45739969
  jla_mock 0.119670 38.68419913 0.14566661 38.81499236
  jla_mock 0.180550 39.73142060 0.16851019 39.78925613
  jla_mock 0.197090 40.02589974 0.17389574 40.00058301
  jla_mock 0.229160 40.23543145 0.19939442 40.36723751
  jla_mock 0.264510 41.07351962 0.19876199 40.72017820
  jla_mock 0.103370 38.45310322 0.12264053 38.47436335
  jla_mock 0.364410 41.64756011 0.23042794 41.52297770
  jla_mock 0.205600 40.22652893 0.15584351 40.10300055
  jla_mock 0.179810 39.44844898 0.19620482 39.77932421
  jla_mock 0.199590 40.09345073 0.18224440 40.03149756
  jla_mock 0.156530 39.45192401 0.15012954 39.44792878
  jla_mock 0.161800 39.63418534 0.14760764 39.52668171
  jla_mock 0.209530 40.20403782 0.20608020 40.14907809
  jla_mock 0.241790 40.57359693 0.19813238 40.49907425
  jla_mock 0.236460 40.37080398 0.16266354 40.44408642
  jla_mock 0.226680 39.91382114 0.21050732 40.34076930
  jla_mock 0.296780 41.09136284 0.19716042 41.00636879
  jla_mock 0.208520 39.86637496 0.16317028 40.13750389
  jla_mock 0.251040 40.53714191 0.22085837 40.59142971
  jla_mock 0.250120 40.54623019 0.17967388 40.58233025
  jla_mock 0.117710 38.80627637 0.14551100 38.77612598
  jla_mock 0.219710 40.32544848 0.16999397 40.26439993
  jla_mock 0.149010 39.36626454 0.14890457 39.33107762
  jla_mock 0.287420 40.82996032 0.18840122 40.92649529
  jla_mock 0.143600 39.20567167 0.16639625 39.24363332
  jla_mock 0.328370 41.24170827 0.19601268 41.25983598
  jla_mock 0.246250 40.45249704 0.16506508 40.54369799
  jla_mock 0.119660 38.64879052 0.15026680 38.81480166
  jla_mock 0.328380 41.30069035 0.27642285 41.25991291
  jla_mock 0.215130 40.08669899 0.18366862 40.21325182
  jla_mock 0.144780 39.48103238 0.13616902 39.26270620
  jla_mock 0.132430 39.18733452 0.12839376 39.05220730
  jla_mock 0.210820 39.91195749 0.16235031 40.16386096
  jla_mock 0.203990 40.02296590 0.15780808 40.08384780
  jla_mock 0.279520 40.74777942 0.16701092 40.85709122
  jla_mock 0.044280 36.30652328 0.15509722 36.54352732
  jla_mock 0.180370 39.65098133 0.15078404 39.78684026
  jla_mock 0.260700 40.78747928 0.18972170 40.68447125
  jla_mock 0.056540 37.14665422 0.18696980 37.09160151
  jla_mock 0.212600 40.11871728 0.19194689 40.18425904
  jla_mock 0.369410 41.10717719 0.23700047 41.55775436
  jla_mock 0.173860 39.81950398 0.13051969 39.69889803
  jla_mock 0.142650 39.22904969 0.16862649 39.22827803
  jla_mock 0.177890 40.08733043 0.17323466 39.75355491
  jla_mock 0.328370 41.28179958 0.20656404 41.25983598
  jla_mock 0.253510 40.63328448 0.19560920 40.61531008
  jla_mock 0.300010 41.06470064 0.19320267 41.03330377
  jla_mock 0.105890 38.73000169 0.14607715 38.52910106
  jla_mock 0.223280 40.22249230 0.16843887 40.30385834
  jla_mock 0.118450 38.77934331 0.12252294 38.79113535
  jla_mock 0.176530 39.62435928 0.17118858 39.73530166
  jla_mock 0.182800 39.83249448 0.18906536 39.81945453
  jla_mock 0.297620 41.23226154 0.22708191 41.01337355
  jla_mock 0.196990 40.29615940 0.16336648 39.99934643
  jla_mock 0.152950 39.52099102 0.14755004 39.39286806
  jla_mock 0.248500 40.76718066 0.17447627 40.56615860
  jla_mock 0.138180 39.16077883 0.12408786 39.15224127
  jla_mock 0.207040 39.86870980 0.17044837 40.12013097
  jla_mock 0.214680 40.12258128 0.18059604 40.20809500
  jla_mock 0.306320 41.44536723 0.21502986 41.08542547
  jla_mock 0.246950 40.76015505 0.17120148 40.55068574
  jla_mock 0.198010 39.91136490 0.14489973 40.01195956
  jla_mock 0.222560 40.59011989 0.15195110 40.29590034
  jla_mock 0.135080 39.34449399 0.15130600 39.09944962
  jla_mock 0.210540 40.24949096 0.18260591 40.16065228
  jla_mock 0.272580 40.62776338 0.16910743 40.79461419
  jla_mock 0.246600 40.22634062 0.16168519 40.54719186
  jla_mock 0.220680 40.13170060 0.19428942 40.27512112
  jla_mock 0.274470 40.91795553 0.19147108 40.81179838
  jla_mock 0.176560 39.82068587 0.15540451 39.73570430
  jla_mock 0.310880 41.20267107 0.22015615 41.12242051
  jla_mock 0.184350 40.10654586 0.17307932 39.83952780
  jla_mock 0.159350 39.48224654 0.14827050 39.49074512
  jla_mock 0.219760 40.24550919 0.16604587 40.26495257
  jla_mock 0.252050 40.47745239 0.18410044 40.60119456
  jla_mock 0.181220 39.93126772 0.14940352 39.79824854
  jla_mock 0.173730 39.54885521 0.13336424 39.69707572
  jla_mock 0.380470 41.73222648 0.24246083 41.63266739
  jla_mock 0.178650 39.52877340 0.17172186 39.76375526
  jla_mock 0.245680 40.42384986 0.18910008 40.53800797
  jla_mock 0.209100 39.89108134 0.16102286 40.14415046
  jla_mock 0.249470 40.75476371 0.20970726 40.57584163
  jla_mock 0.133920 39.48012685 0.16606211 39.07901608
  jla_mock 0.177060 39.75964562 0.16039966 39.74241506
  jla_mock 0.281110 40.39143521 0.18775324 40.87112706
  jla_mock 0.173830 39.70892766 0.15186906 39.69847750
  jla_mock 0.196540 39.77381143 0.16513423 39.99378181
  jla_mock 0.363970 41.53042391 0.22724835 41.51991492
  jla_mock 0.378350 41.90469807 0.26733097 41.61851927
  jla_mock 0.316460 41.10667364 0.21038880 41.16699585
  jla_mock 0.183220 39.74306086 0.13519430 39.82498164
  jla_mock 0.241020 40.21517311 0.16773658 40.49113042
  jla_mock 0.202030 40.17592791 0.19953174 40.06053140
  jla_mock 0.168690 39.59531408 0.16511959 39.62642627
  jla_mock 0.197940 39.93082055 0.17492454 40.01109396
  jla_mock 0.122760 38.92196743 0.14574653 38.87391751
  jla_mock 0.203180 39.69755375 0.16105255 40.07421194
  jla_mock 0.127390 38.88704542 0.14895509 38.96152523
  jla_mock 0.275490 40.69459017 0.19972760 40.82107239
  jla_mock 0.144680 39.26875852 0.14721731 39.26108985
  jla_mock 0.334360 41.56534817 0.24977783 41.30538443
  jla_mock 0.195800 40.00472345 0.15392559 39.98463111
  jla_mock 0.193920 40.16857917 0.16374737 39.96138337
  jla_mock 0.249730 40.60495063 0.18580683 40.57843707
  jla_mock 0.148600 39.13158226 0.14879989 39.32445060
  jla_mock 0.155960 39.46695200 0.14872192 39.43916213
  jla_mock 0.095820 38.28909297 0.15034816 38.29891732
  jla_mock 0.150650 39.21133767 0.15872946 39.35749386
  jla_mock 0.309330 40.61171151 0.24715745 41.10984544
  jla_mock 0.248570 40.56779102 0.17340396 40.56685738
  jla_mock 0.365540 41.49966282 0.24311996 41.53084345
  jla_mock 0.117710 38.67870978 0.12847626 38.77612598
  jla_mock 0.191760 39.86510583 0.14428474 39.93467320
  jla_mock 0.182550 39.98857295 0.16171197 39.81609915
  jla_mock 0.234720 40.09277942 0.18444964 40.42613542
  jla_mock 0.246470 40.47083589 0.19927669 40.54589414
  jla_mock 0.288450 40.77707610 0.18873457 40.93532948
  jla_mock 0.209600 39.93689817 0.19927022 40.14988026
  jla_mock 0.191980 39.84363712 0.17965405 39.93739368
  jla_mock 0.114020 38.65532488 0.12215388 38.70128192
  jla_mock 0.113890 38.84466371 0.18397194 38.69864513
  jla_mock 0.198800 39.67457495 0.20967258 40.02172856
  jla_mock 0.220580 40.17209894 0.22796022 40.27401584
  jla_mock 0.182570 39.87947881 0.16453718 39.81636758
  jla_mock 0.158950 39.63766500 0.16372575 39.48487792
  jla_mock 0.078490 37.99197811 0.14911597 37.83830424
  jla_mock 0.138640 39.19065650 0.13217046 39.16007487
  jla_mock 0.180790 39.76022828 0.15445548 39.79247729
  jla_mock 0.177570 40.02912105 0.18629282 39.74926003
  jla_mock 0.170660 39.88942707 0.16102003 39.65404123
  jla_mock 0.233810 40.33946795 0.20858516 40.41674726
  jla_mock 0.071530 37.40558842 0.17410666 37.62633113
  jla_mock 0.154630 39.45389413 0.18791656 39.41870661
  jla_mock 0.090100 38.50400684 0.15950858 38.15556956
  jla_mock 0.176580 39.74119438 0.20448697 39.73597273
  jla_mock 0.130450 39.21730128 0.16440638 39.01658220
  jla_mock 0.182040 39.59171718 0.17166998 39.80925418
  jla_mock 0.256170 40.51705700 0.17261330 40.64102739
  jla_mock 0.138110 39.34441475 0.14854031 39.15104920
  jla_mock 0.170700 39.57460301 0.16749506 39.65460194
  jla_mock 0.216740 40.13677836 0.14793120 40.23157319
  jla_mock 0.245550 40.66254343 0.17887642 40.53671024
  jla_mock 0.143820 39.33495111 0.16709807 39.24718928
  jla_mock 0.248620 40.55766057 0.18856198 40.56735650
  jla_mock 0.145330 39.54631794 0.17138622 39.27159610
  jla_mock 0.135880 39.14124912 0.12760365 39.11307327
  jla_mock 0.058740 36.94476866 0.12754402 37.18054381
  jla_mock 0.036520 36.00011775 0.15191506 36.11467233
  jla_mock 0.277490 40.82798541 0.22703402 40.83917126
  jla_mock 0.205150 40.09602755 0.29701418 40.09764730
  jla_mock 0.280510 40.78264188 0.20078942 40.86583052
  jla_mock 0.198670 40.15624452 0.16215673 40.02012100
  jla_mock 0.159990 39.56595180 0.15164286 39.50013264
  jla_mock 0.210750 40.44081042 0.18113105 40.16305879
  jla_mock 0.071950 37.59766049 0.17245857 37.64010622
  jla_mock 0.237820 40.50754809 0.19074175 40.45811709
  jla_mock 0.141390 39.29761646 0.17359013 39.20690618
  jla_mock 0.155060 39.33142285 0.15760876 39.42532005
  jla_mock 0.370130 41.51443670 0.22886799 41.56264818
  jla_mock 0.093910 38.42123548 0.17056414 38.25106025
  jla_mock 0.118630 38.69642708 0.17057943 38.79478628
  jla_mock 0.153630 39.52187952 0.15381057 39.40332652
  jla_mock 0.253560 40.41028872 0.16809525 40.61579348
  jla_mock 0.107250 38.52068772 0.14420228 38.55855910
  jla_mock 0.129610 38.89019403 0.15302154 39.00146852
  jla_mock 0.266650 40.67959142 0.19376454 40.74023408
  jla_mock 0.212260 40.19896322 0.16262819 40.18036278
  jla_mock 0.278220 40.96984841 0.18167466 40.84561538
  jla_mock 0.245400 40.25963742 0.16811689 40.53521287
  jla_mock 0.133620 38.96083445 0.15059378 39.07361834
  jla_mock 0.176560 39.72020531 0.16208219 39.73570430
  jla_mock 0.113680 38.83471494 0.14584429 38.69438572
  jla_mock 0.320380 40.78587542 0.26368273 41.19795536
  jla_mock 0.112710 38.68671550 0.12253270 38.67471126
  jla_mock 0.106020 38.55473677 0.14472955 38.53191691
  jla_mock 0.391350 41.26997857 0.26610488 41.70446868
  jla_mock 0.155750 39.42989191 0.14611530 39.43593231
  jla_mock 0.186670 40.06302088 0.16762102 39.86939250
  jla_mock 0.196710 40.14315864 0.16669908 39.99588400
  jla_mock 0.191910 39.91930301 0.17339098 39.93652807
  jla_mock 0.190840 39.87974033 0.15087610 39.92307171
  jla_mock 0.176250 39.53803249 0.15361286 39.73154363
  jla_mock 0.128370 38.94704894 0.15035584 38.97915785
  jla_mock 0.122620 38.76620133 0.14734428 38.87124776
  jla_mock 0.127150 38.85224863 0.14706216 38.95720703
  jla_mock 0.213230 40.03671057 0.17620944 40.19147859
  jla_mock 0.218610 40.61040056 0.18110338 40.25224188
  jla_mock 0.268560 40.70822521 0.19152223 40.75806368
  jla_mock 0.204660 40.34450886 0.16518790 40.09181820
  jla_mock 0.267100 40.87717975 0.17377576 40.74445143
  jla_mock 0.217570 39.82858840 0.17264916 40.24074699
  jla_mock 0.241850 40.65240657 0.17151433 40.49969325
  jla_mock 0.293500 41.06298216 0.20071643 40.97864273
  jla_mock 0.353460 41.15581050 0.23113786 41.44568194
  jla_mock 0.185630 39.96482611 0.15494760 39.85600487
  jla_mock 0.285430 41.04704738 0.19928385 40.90926217
  jla_mock 0.194940 40.08604006 0.16836015 39.97399650
  jla_mock 0.075920 37.80525366 0.14499851 37.76188071
  jla_mock 0.163570 39.60016284 0.15777754 39.55264407
  jla_mock 0.257210 40.33292501 0.20821329 40.65108228
  jla_mock 0.219550 40.40717697 0.18725136 40.26263149
  jla_mock 0.175580 39.82312649 0.15163366 39.72255122
  jla_mock 0.226670 40.58077220 0.18608202 40.34066257
  jla_mock 0.153220 39.64781904 0.15082218 39.39702068
  jla_mock 0.210250 40.33593377 0.19550076 40.15732899
  jla_mock 0.121640 38.73050150 0.12361443 38.85255952
  jla_mock 0.291350 40.82344200 0.19904915 40.96020244
  jla_mock 0.294480 40.73484184 0.27859702 40.98704807
  jla_mock 0.164550 39.45141868 0.12599124 39.56701870
  jla_mock 0.307020 41.18799137 0.20906564 41.09110453
  jla_mock 0.198630 40.27672599 0.16157737 40.01962637
  jla_mock 0.268210 40.40754189 0.21539519 40.75485425
  jla_mock 0.401280 41.48383673 0.24823001 41.76844708
  jla_mock 0.136680 39.02740327 0.15334431 39.12669692
  jla_mock 0.295420 41.08418732 0.24720467 40.99502774
  jla_mock 0.291920 41.21952884 0.19219946 40.96509126
  jla_mock 0.090070 38.09834411 0.12096556 38.15481767
  jla_mock 0.205570 39.62326564 0.18292629 40.10264367
  jla_mock 0.145820 39.07336404 0.14934529 39.27951619
  jla_mock 0.117670 38.46023899 0.14486540 38.77531466
  jla_mock 0.054990 36.99000127 0.14997934 37.02755570
  jla_mock 0.174200 39.77030307 0.15142908 39.70366406
  jla_mock 0.244950 40.36260853 0.18020903 40.53072075
  jla_mock 0.224520 40.38158114 0.18249954 40.31756378
  jla_mock 0.245580 40.44190350 0.16228277 40.53700972
  jla_mock 0.283510 41.13727657 0.21250233 40.89231323
  jla_mock 0.180560 39.81295962 0.17619167 39.78939034
  jla_mock 0.103910 38.55309961 0.12352191 38.48621362
  jla_mock 0.129610 39.08265058 0.15326847 39.00146852
  jla_mock 0.243520 40.30924671 0.16045597 40.51644578
  jla_mock 0.331360 41.71143561 0.26935111 41.28283761
  jla_mock 0.243480 40.42886605 0.19048000 40.51604648
  jla_mock 0.314680 41.14432295 0.17577640 41.15293771
  jla_mock 0.218650 40.23781068 0.18935500 40.25268399
  jla_mock 0.260140 40.70886391 0.21925656 40.67922298
  jla_mock 0.282430 40.87817311 0.19830733 40.88277946
  jla_mock 0.300410 41.14558435 0.20581539 41.03663937
  jla_mock 0.151860 39.35671461 0.14864409 39.37610376
  jla_mock 0.263570 40.49379283 0.18936772 40.71136861
  jla_mock 0.213820 40.16404793 0.20621233 40.19823975
  jla_mock 0.162840 39.52270774 0.16761662 39.54193643
  jla_mock 0.124400 38.74481884 0.17140549 38.90519170
  jla_mock 0.194650 39.91806880 0.13938689 39.97041042
  jla_mock 0.205540 40.25444693 0.18299408 40.10228679
  jla_mock 0.106670 38.36391777 0.14588621 38.54599612
  jla_mock 0.187720 39.54247708 0.18724598 39.88290884
  jla_mock 0.163870 39.68277609 0.15682059 39.55704447
  jla_mock 0.290210 40.58877395 0.19470283 40.95042479
  jla_mock 0.094010 38.23066513 0.12497638 38.25356657
  jla_mock 0.227860 40.23970231 0.18009820 40.35336304
  jla_mock 0.107510 38.49603512 0.14764565 38.56419079
  jla_mock 0.310650 41.22172892 0.22259423 41.12055454
  jla_mock 0.145640 39.39233664 0.15575872 39.27660677
  jla_mock 0.087840 38.05316373 0.12609586 38.09813443
  jla_mock 0.148390 39.50243956 0.15572534 39.32105628
  jla_mock 0.286620 40.92657204 0.19365541 40.91963379
  jla_mock 0.122810 38.72542108 0.13329108 38.87487099
  jla_mock 0.186550 39.80748674 0.20280242 39.86784777
  jla_mock 0.128930 38.92242272 0.15503539 38.98923364
  jla_mock 0.194220 40.13734306 0.16863568 39.96509311
  jla_mock 0.148000 39.21147860 0.14676099 39.31475253
  jla_mock 0.211790 39.78772593 0.22866165 40.17497677
  jla_mock 0.179620 39.73724961 0.17351314 39.77677412
  jla_mock 0.263490 40.85292071 0.18130204 40.71061886
  jla_mock 0.192150 39.83781097 0.15956887 39.93949587
  jla_mock 0.338800 41.27369634 0.22987627 41.33867240
  jla_mock 0.117410 38.79798283 0.14766783 38.77004109
  jla_mock 0.143100 39.28714056 0.16841647 39.23555159
  jla_mock 0.160350 39.52005628 0.13218212 39.50541312
  jla_mock 0.288720 41.00686382 0.21129560 40.93764524
  jla_mock 0.123030 39.11637969 0.15464992 38.87906631
  jla_mock 0.264050 40.70915133 0.18533646 40.71586713
  jla_mock 0.126080 38.91375026 0.17182656 38.93722867
  jla_mock 0.173740 39.69122178 0.14981160 39.69721590
  jla_mock 0.164400 39.53655817 0.14972618 39.56481851
  jla_mock 0.249610 40.57395995 0.16242204 40.57723917
  jla_mock 0.159990 39.54486572 0.15136580 39.50013264
  jla_mock 0.244480 40.36952836 0.15150476 40.52602897
  jla_mock 0.248510 40.76310283 0.17707716 40.56625843
  jla_mock 0.228930 40.51442930 0.16847625 40.36478279
  jla_mock 0.085280 38.04908102 0.14384543 38.02850211
  jla_mock 0.062818 37.45556507 0.14854713 37.32965972
  jla_mock 0.277450 40.98419317 0.23370164 40.83881815
  jla_mock 0.275440 40.95610887 0.21508178 40.82061778
  jla_mock 0.330510 41.52379223 0.21087893 41.27629868
  jla_mock 0.361930 41.66734333 0.24565378 41.50571480
  jla_mock 0.331030 40.93470449 0.21800830 41.28029897
  jla_mock 0.160500 39.56524439 0.12714994 39.50761332
  jla_mock 0.300210 40.87651493 0.20430208 41.03497157
  jla_mock 0.116350 38.66160278 0.12231010 38.74854117
  jla_mock 0.218290 40.17887825 0.16062208 40.24870499
  jla_mock 0.119670 38.65681724 0.12046332 38.81499236
  jla_mock 0.154730 39.45856226 0.12395445 39.42024462
  jla_mock 0.178100 39.85529374 0.16562813 39.75637343
  jla_mock 0.250370 40.78089808 0.16560962 40.58482587
  jla_mock 0.251740 40.60880931 0.14466362 40.59819743
  jla_mock 0.129530 38.81496395 0.14518911 39.00002912
  jla_mock 0.309290 41.27019471 0.18810950 41.10952092
  jla_mock 0.278520 40.82993488 0.17881943 40.84826365
  jla_mock 0.185810 39.84188378 0.13605911 39.85832196
  jla_mock 0.066510 37.23256660 0.17228058 37.46168597
  jla_mock 0.258000 40.69921872 0.18756945 40.65872012
  jla_mock 0.298880 40.81575205 0.21609463 41.02388070
  jla_mock 0.270440 40.55068614 0.22437165 40.77515695
  jla_mock 0.279160 40.76972930 0.17183675 40.85391330
  jla_mock 0.292870 41.02311691 0.21554431 40.97323930
  jla_mock 0.189650 39.90576601 0.15711153 39.90775318
  jla_mock 0.265760 40.48267771 0.19291042 40.73189308
  jla_mock 0.123760 38.80646291 0.14509081 38.89298713
  jla_mock 0.182550 39.71075971 0.14971699 39.81609915
  jla_mock 0.056340 37.15216874 0.14895035 37.08333754
  jla_mock 0.312880 41.20442344 0.18264477 41.13864641
  jla_mock 0.309150 40.71455483 0.22328713 41.10838511
  jla_mock 0.200610 40.34198957 0.15587566 40.04363891
  jla_mock 0.326400 40.90169499 0.20549386 41.24468106
  jla_mock 0.211630 40.19112696 0.13899445 40.17314324
  jla_mock 0.179690 39.92422584 0.15636245 39.77771363
  jla_mock 0.302400 41.27385107 0.19662226 41.05323399
  jla_mock 0.109240 38.62472250 0.14870399 38.60166315
  jla_mock 0.085220 37.90772091 0.15002378 38.02687010
  jla_mock 0.202310 40.33835729 0.16131988 40.06386231
  jla_mock 0.126490 38.93076548 0.15584855 38.94504722
  jla_mock 0.214570 40.00015397 0.16812914 40.20683444
  jla_mock 0.320450 41.33418458 0.19168742 41.19850820
  jla_mock 0.218350 40.09265178 0.17273249 40.24936815
  jla_mock 0.190100 39.96884244 0.15982384 39.91354590
  jla_mock 0.092430 38.34929777 0.15614025 38.21396675
  jla_mock 0.379860 41.85367573 0.18489314 41.62861712
  jla_mock 0.211340 40.23102321 0.16607978 40.16981995
  jla_mock 0.258330 40.58256488 0.18011571 40.66191062
  jla_mock 0.183270 39.79811107 0.16855779 39.82562527
  jla_mock 0.212950 40.36088350 0.17784935 40.18826990
  jla_mock 0.116510 39.10546245 0.15544019 38.75178644
  jla_mock 0.144010 39.51773308 0.17185674 39.25026033
  jla_mock 0.252490 40.78935177 0.18599877 40.60544855
  jla_mock 0.255390 40.28750817 0.21319916 40.63348622
  jla_mock 0.216980 40.12792529 0.18860575 40.23422585
  jla_mock 1.265901 44.63570897 0.22380442 44.79726150
  jla_mock 0.935774 44.32263606 0.22958872 43.98936774
  jla_mock 0.049519 36.55272746 0.20228994 36.79241934
  jla_mock 0.030325 35.33837966 0.18207848 35.69463564
  jla_mock 0.074579 38.06717338 0.21872943 37.72200368
  jla_mock 0.025198 35.20446215 0.22034080 35.27019548
  jla_mock 0.014411 33.99424505 0.20528439 34.03100129
  jla_mock 0.020792 34.89759455 0.19750056 34.84402582
  jla_mock 0.035218 36.11626930 0.20378488 36.02701442
  jla_mock 0.041657 36.17886483 0.21523275 36.40181746
  jla_mock 0.042400 36.49004114 0.20618664 36.44334925
  jla_mock 0.018902 34.74995671 0.18361956 34.61733569
  jla_mock 0.078840 38.05947485 0.21534076 37.84871212
  jla_mock 0.063345 37.51048581 0.20758765 37.34892997
  jla_mock 0.027637 35.26072860 0.23141589 35.48155629
  jla_mock 0.049325 36.38647452 0.21068097 36.78320287
  jla_mock 0.070153 37.64785074 0.22041411 37.58116850
  jla_mock 0.023909 35.10811906 0.18367797 35.15849228
  jla_mock 0.053126 36.86276053 0.22335947 36.95053545
  jla_mock 0.024951 35.45757661 0.18978288 35.24879075
  jla_mock 0.015664 34.24575753 0.20165316 34.22896394
  jla_mock 0.048984 36.78948832 0.15985830 36.76700280
  jla_mock 0.022399 35.01716656 0.18927946 35.02763749
  jla_mock 0.034854 35.89945730 0.23666209 36.00228810
  jla_mock 0.016966 34.33234888 0.20291443 34.38512824
  jla_mock 0.030721 35.55207694 0.18171781 35.72153570
  jla_mock 0.030482 35.95327039 0.18203752 35.70530056
  jla_mock 0.010550 33.54850758 0.21945028 33.27241718
  jla_mock 0.014256 34.21874770 0.17170736 34.00054790
  jla_mock 0.027688 35.33490342 0.18124529 35.48597589
  jla_mock 0.053860 36.85810760 0.15903793 36.98086424
  jla_mock 0.017672 34.08264220 0.19251135 34.46980720
  jla_mock 0.017450 34.41429647 0.17037052 34.44318011
  jla_mock 0.015573 33.92601369 0.20219934 34.21804923
  jla_mock 0.010060 33.32707970 0.23112569 33.17614517
  jla_mock 0.054931 36.99737114 0.18431298 37.02511783
  jla_mock 0.039083 35.99588357 0.16317419 36.25793746
  jla_mock 0.078317 37.97283710 0.18391968 37.83315978
  jla_mock 0.031764 35.47965009 0.15356487 35.79238611
  jla_mock 0.014440 34.10840522 0.22581465 34.03669902
  jla_mock 0.013533 33.88071582 0.22079334 33.85849757
  jla_mock 0.026677 35.46369788 0.19349962 35.39836385
  jla_mock 0.023360 35.13356856 0.17880596 35.11091660
  jla_mock 0.036934 36.39743717 0.19001518 36.13781387
  jla_mock 0.023552 35.00921866 0.17819828 35.12755509
  jla_mock 0.017483 34.33548552 0.19211831 34.44713819
  jla_mock 0.040259 36.45985931 0.17447686 36.32367284
  jla_mock 0.030381 35.70296044 0.20408145 35.69843968
  jla_mock 0.015504 34.42806512 0.20027602 34.20977324
  jla_mock 0.014151 33.72771797 0.18788306 33.97991818
  jla_mock 0.015487 34.32403784 0.18431337 34.20773422
  jla_mock 0.015554 34.18686887 0.19852180 34.21577033
  jla_mock 0.037075 36.11005370 0.15485493 36.14569541
  jla_mock 0.015482 33.86082863 0.20249750 34.20713452
  jla_mock 0.013324 34.14761054 0.18643777 33.81743462
  jla_mock 0.014575 34.07093528 0.20791179 34.06322294
  jla_mock 0.015791 34.10888980 0.19846605 34.24419655
  jla_mock 0.024746 35.24329391 0.17954713 35.23102570
  jla_mock 0.027748 35.32605673 0.17503344 35.49117542
  jla_mock 0.010888 33.40999387 0.25477943 33.33882522
  jla_mock 0.013652 33.98633221 0.18670962 33.88187792
  jla_mock 0.035755 35.99953211 0.16295663 36.06349253
  jla_mock 0.024725 35.08847283 0.17710562 35.22920587
  jla_mock 0.038086 36.18178320 0.17051564 36.20220772
  jla_mock 0.021541 35.05996323 0.17711857 34.93386228
  jla_mock 0.019581 34.53740780 0.17898631 34.69877622
  jla_mock 0.030416 35.71497820 0.17571774 35.70081721
  jla_mock 0.039219 36.19065445 0.17021381 36.26553951
  jla_mock 0.034971 36.29190249 0.15987848 36.01023585
  jla_mock 0.028561 35.33046748 0.17650121 35.56162903
  jla_mock 0.020997 35.06860923 0.18822756 34.86861390
  jla_mock 0.032538 36.06480396 0.18232286 35.84496350
  jla_mock 0.015469 34.40171477 0.19318910 34.20557527
  jla_mock 0.015678 34.60387819 0.20747940 34.23064312
  jla_mock 0.027499 35.39986930 0.15598630 35.46959738
  jla_mock 0.046856 36.63775366 0.17134850 36.66590675
  jla_mock 0.033173 35.84038116 0.18295753 35.88809870
  jla_mock 0.010291 33.35483812 0.23549671 33.22153055
  jla_mock 0.080103 37.71528409 0.17116407 37.88626968
  jla_mock 0.012317 34.10348906 0.20020781 33.61958582
  jla_mock 0.024586 35.40352354 0.20631378 35.21716029
  jla_mock 0.014467 33.88509087 0.20827809 34.04200380
  jla_mock 0.015154 34.01088196 0.18399751 34.16779358
  jla_mock 0.029086 35.45819835 0.17337203 35.60712490
  jla_mock 0.034781 35.98141039 0.17928903 35.99732925
  jla_mock 0.044920 36.50685169 0.14070569 36.57393215
  jla_mock 0.034074 35.75069088 0.16958177 35.94930313
  jla_mock 0.074870 37.80059737 0.14386215 37.73065708
  jla_mock 0.014960 34.19696370 0.19782876 34.13886523
  jla_mock 0.020396 34.75106680 0.17103812 34.79652884
  jla_mock 0.040689 36.39941033 0.17468105 36.34770874
  jla_mock 0.026567 35.58060069 0.18033141 35.38883138
  jla_mock 0.026881 35.35865803 0.15330990 35.41604224
  jla_mock 0.023471 34.84409944 0.17597781 35.12053573
  jla_mock 0.069122 37.51716589 0.19117659 37.54735393
  jla_mock 0.065193 37.25079014 0.15879632 37.41650383
  jla_mock 0.022980 35.11046586 0.17790505 35.07798626
  jla_mock 0.017387 34.54600741 0.19829162 34.43562377
  jla_mock 0.031485 35.80715789 0.15108749 35.77343379
  jla_mock 0.011184 33.25915736 0.19447979 33.39698137
  jla_mock 0.021956 35.00359263 0.17567209 34.98363815
  jla_mock 0.031484 35.73427703 0.15080691 35.77336586
  jla_mock 0.023321 34.99723547 0.20285194 35.10753691
  jla_mock 0.020390 34.76748970 0.18300723 34.79580919
  jla_mock 0.022466 34.85816603 0.18140785 35.03344363
  jla_mock 0.033614 36.03348012 0.18044129 35.91805559
  jla_mock 0.036969 36.27114442 0.17916902 36.13977028
  jla_mock 0.022629 35.21966019 0.18007478 35.04756902
  jla_mock 0.014700 34.57261113 0.18462322 34.08778212
  jla_mock 0.036950 36.60275316 0.14876338 36.13870823
  jla_mock 0.060959 37.17220910 0.12531329 37.26168363
  jla_mock 0.059289 37.17204590 0.12135718 37.20061851
  jla_mock 0.069751 37.67355724 0.15873536 37.56798377
  jla_mock 0.029526 35.67503244 0.17470465 35.64036001
  jla_mock 0.033255 35.85599886 0.17565362 35.89366892
  jla_mock 0.024159 35.34203734 0.18124182 35.18015698
  jla_mock 0.015999 34.45168648 0.19155982 34.26914446
  jla_mock 0.062961 37.42197581 0.16530929 37.33488865
  jla_mock 0.021706 34.97809147 0.19186355 34.95365268
  jla_mock 0.031638 35.82118884 0.18943844 35.78382700
  jla_mock 0.018599 34.60161885 0.17304818 34.58099331
  jla_mock 0.027064 35.37658237 0.17332763 35.43190080
  jla_mock 0.025468 35.16742608 0.18469991 35.29359335
  jla_mock 0.023810 35.42763272 0.19336693 35.14991306
  jla_mock 0.023867 35.17384828 0.18298494 35.15485261
  jla_mock 0.022068 34.87337627 0.16678206 34.99707164
