  jla_mock 0.503084 42.28645272 0.14571158 42.27710165
  jla_mock 0.580724 42.45115455 0.16122778 42.65288757
  jla_mock 0.494795 42.25679034 0.12070859 42.23380227
  jla_mock 0.345928 41.37920185 0.13253081 41.31423394
  jla_mock 0.677662 42.97937778 0.22871689 43.06065815
  jla_mock 0.610712 42.67254871 0.22548733 42.78550004
  jla_mock 0.866494 43.77493544 0.25803499 43.71583788
  jla_mock 0.330932 41.47589036 0.12801230 41.20214124
  jla_mock 0.798566 43.59541979 0.25919990 43.49759065
  jla_mock 0.449562 42.05754433 0.16139765 41.98508724
  jla_mock 0.371443 41.39590647 0.14921889 41.49506003
  jla_mock 0.291718 40.82296505 0.14231442 40.88534426
  jla_mock 0.355820 41.13860994 0.14101044 41.38575040
  jla_mock 0.461274 42.04669706 0.15587207 42.05162357
  jla_mock 0.283610 40.73712941 0.13055630 40.81497031
  jla_mock 0.632234 42.57159813 0.22182909 42.87695673
  jla_mock 0.466414 42.17753194 0.17243727 42.08034259
  jla_mock 0.268624 40.63556732 0.12820280 40.67992826
  jla_mock 0.946890 43.54523761 0.29224985 43.95358400
  jla_mock 0.924917 43.70623436 0.31213110 43.89065134
  jla_mock 0.693165 42.62460368 0.29243158 43.12069432
  jla_mock 0.625233 42.86338662 0.19088816 42.84754675
  jla_mock 0.896944 44.24793706 0.26745476 43.80835510
  jla_mock 0.608261 42.58897570 0.15987482 42.77488783
  jla_mock 0.789054 43.55677865 0.26932700 43.46559609
  jla_mock 0.578292 42.57839545 0.14637659 42.64183302
  jla_mock 0.590280 42.87128270 0.18966931 42.69581830
  jla_mock 0.719626 43.15555539 0.25305179 43.22021202
  jla_mock 0.210032 40.19454241 0.13132256 40.07512520
  jla_mock 0.766590 43.24401413 0.22576765 43.38856138
  jla_mock 0.858513 43.48986156 0.22289539 43.69107922
  jla_mock 0.367904 41.52347490 0.09931133 41.47067633
  jla_mock 0.558746 42.65428788 0.15678156 42.55153127
  jla_mock 0.848509 43.77679782 0.21739327 43.65971240
  jla_mock 0.996390 43.85176683 0.24266005 44.09030908
  jla_mock 0.776594 43.62195400 0.26449227 43.42315585
  jla_mock 0.582932 42.72199347 0.13306958 42.66286084
  jla_mock 0.583743 42.78155453 0.16752875 42.66651159
  jla_mock 0.796552 42.98954922 0.22887969 43.49084078
  jla_mock 0.588721 42.67919624 0.15579306 42.68886827
  jla_mock 0.913473 44.06379923 0.24294053 43.85725873
  jla_mock 0.768587 43.50666238 0.23905376 43.39551722
  jla_mock 0.948455 44.01960038 0.26528102 43.95800543
  jla_mock 0.513793 42.22682381 0.15287930 42.33204049
  jla_mock 0.733609 43.28626467 0.19294483 43.27140703
  jla_mock 0.637701 43.03785188 0.27010736 42.89972139
  jla_mock 0.765588 43.57567158 0.21113574 43.38506688
  jla_mock 0.434861 41.77944182 0.15772880 41.89921787
  jla_mock 0.983407 43.93586008 0.25879722 44.05511838
  jla_mock 0.583743 42.62556892 0.16232669 42.66651159
  jla_mock 0.700631 43.29137202 0.21687358 43.14913913
  jla_mock 0.662058 42.90105376 0.21294856 42.99889797
  jla_mock 0.838126 43.41014735 0.28077453 43.62678119
  jla_mock 0.621874 43.25802174 0.17546981 42.83329136
  jla_mock 0.370586 41.43805596 0.14291643 41.48917715
  jla_mock 0.416632 41.58496537 0.13815441 41.78893191
  jla_mock 0.358570 41.41396467 0.10704088 41.40532205
  jla_mock 0.451681 41.93375348 0.15278703 41.99722362
  jla_mock 0.522762 42.71111431 0.16112888 42.37720580
  jla_mock 0.733996 43.66817718 0.30408870 43.27281129
  jla_mock 0.701965 43.61967634 0.31176741 43.15417465
  jla_mock 0.742008 43.13772884 0.29013165 43.30171378
  jla_mock 0.746118 43.49235770 0.21822021 43.31643756
  jla_mock 0.349560 41.14249453 0.13472825 41.34070971
  jla_mock 0.591835 42.62296606 0.15357327 42.70275050
  jla_mock 0.514746 42.36524603 0.15561143 42.33685840
  jla_mock 0.620632 42.84001288 0.18447364 42.82801766
  jla_mock 0.643646 43.08812960 0.24392132 42.92425127
  jla_mock 1.002795 44.42284009 0.33216844 44.10750854
  jla_mock 0.470586 41.93140274 0.14420733 42.10343429
  jla_mock 0.610643 42.62876949 0.15877872 42.78520128
  jla_mock 0.263487 40.67420629 0.12804977 40.63202731
  jla_mock 0.358336 41.57145840 0.12918713 41.40366931
  jla_mock 0.742697 43.18753231 0.25908753 43.30418923
  jla_mock 0.451556 41.96121252 0.11538935 41.99650770
  jla_mock 0.910752 44.08477018 0.26164869 43.84925407
  jla_mock 0.552605 42.42449761 0.15821060 42.52254908
  jla_mock 0.337534 41.24116170 0.12813367 41.25205666
  jla_mock 0.750681 43.11238085 0.24281434 43.33267001
  jla_mock 0.983777 43.97012343 0.34665096 44.05613237
  jla_mock 0.822697 43.39886524 0.22175759 43.57711051
  jla_mock 0.813696 43.36871427 0.24256727 43.54771251
  jla_mock 0.950763 43.57656459 0.26472927 43.96452597
  jla_mock 0.817732 43.53692238 0.24643394 43.56096129
  jla_mock 0.340520 41.17544338 0.12574260 41.27434731
  jla_mock 0.960751 43.83593027 0.28766046 43.99255885
  jla_mock 0.810720 43.28839620 0.27275574 43.53793555
  jla_mock 0.756687 43.56125847 0.24755189 43.35389370
  jla_mock 0.611252 42.84303226 0.18572910 42.78783810
  jla_mock 0.877971 43.89266416 0.22378685 43.75108573
  jla_mock 0.548325 42.57834055 0.14258079 42.50214510
  jla_mock 0.809032 43.51279763 0.23222084 43.53239002
  jla_mock 1.028800 44.29821686 0.28337345 44.17623810
  jla_mock 0.627239 42.74110328 0.17555461 42.85598177
  jla_mock 0.422452 41.66003380 0.15606690 41.82463937
  jla_mock 0.933900 43.78052477 0.34999950 43.91655625
  jla_mock 0.701158 42.69271209 0.22740618 43.15112843
  jla_mock 0.697164 42.81760175 0.20952266 43.13593901
  jla_mock 0.685179 43.21297872 0.27044472 43.08992881
  jla_mock 0.767075 43.14791860 0.25233801 43.39025283
  jla_mock 0.931901 44.00678636 0.25136810 43.91079320
  jla_mock 0.863978 43.81462638 0.24510246 43.70805418
  jla_mock 0.749100 43.42779940 0.22590126 43.32704575
  jla_mock 0.514353 42.14986739 0.15357466 42.33487158
  jla_mock 0.468406 42.11516134 0.11440416 42.09141773
  jla_mock 0.470398 42.20855795 0.15654577 42.10239800
  jla_mock 0.958871 44.50040279 0.27681249 43.98730105
  jla_mock 0.927909 43.74774380 0.29724149 43.89928440
  jla_mock 0.840522 43.72316897 0.21913135 43.63442005
  jla_mock 0.630699 43.05697019 0.17083127 42.87053069
  jla_mock 0.562751 42.57986718 0.14440652 42.57027306
  jla_mock 0.615698 42.86987873 0.16969222 42.80694489
  jla_mock 0.828528 43.40219107 0.22446355 43.59599102
  jla_mock 0.564741 42.62405331 0.16042692 42.57954163
  jla_mock 0.578745 42.89072516 0.14758356 42.64389211
  jla_mock 0.557743 42.73247994 0.15831963 42.54682676
  jla_mock 0.864497 43.57542978 0.22870035 43.70965980
  jla_mock 0.735608 43.26012003 0.23468503 43.27866052
  jla_mock 0.858507 43.77054772 0.28336591 43.69106047
  jla_mock 0.261984 40.47291233 0.10443414 40.61785379
  jla_mock 0.585743 42.44180997 0.18660838 42.67551465
  jla_mock 0.761580 43.43834765 0.21598834 43.37108889
  jla_mock 0.488800 41.98184631 0.11155101 42.20209244
  jla_mock 0.858516 43.99812153 0.27431051 43.69108859
  jla_mock 0.688656 43.01941063 0.18053033 43.10334160
  jla_mock 0.558743 42.47575956 0.15491557 42.55151723
  jla_mock 0.324532 40.97007493 0.12601850 41.15287319
  jla_mock 0.480704 42.30755693 0.10839252 42.15866163
  jla_mock 0.185371 39.55449571 0.13095679 39.77254564
  jla_mock 0.922221 43.79792675 0.33854809 43.88279991
  jla_mock 0.681942 43.11908482 0.19640351 43.07734372
  jla_mock 0.475707 42.08861066 0.10811298 42.13152285
  jla_mock 0.922210 44.03536997 0.27644363 43.88276787
  jla_mock 0.893183 43.91427930 0.25783329 43.79706560
  jla_mock 0.428646 41.84761802 0.14143599 41.86209452
  jla_mock 0.631882 43.10748462 0.23474045 42.87549100
  jla_mock 0.699960 43.04688134 0.25834877 43.14659772
  jla_mock 0.736007 43.11367921 0.26468680 43.28010832
  jla_mock 0.575823 42.75715287 0.15953941 42.63061030
  jla_mock 0.418633 41.73433964 0.10651651 41.80126293
  jla_mock 0.511746 42.31564539 0.12000546 42.32159289
  jla_mock 0.535771 42.24680770 0.12653138 42.44150478
  jla_mock 0.641893 43.09003751 0.21547239 42.91702278
  jla_mock 0.734996 43.08572029 0.22720400 43.27643984
  jla_mock 0.351560 41.44323531 0.13079492 41.35518543
  jla_mock 0.609860 43.02233457 0.17401244 42.78181109
  jla_mock 0.349557 41.41727714 0.13436921 41.34068791
  jla_mock 0.701969 43.10848574 0.18819535 43.15418975
  jla_mock 0.355261 41.50053170 0.10427939 41.38176452
  jla_mock 0.983280 44.10780065 0.25756994 44.05477034
  jla_mock 0.872152 43.96922356 0.26597542 43.73326358
  jla_mock 0.759030 43.43465610 0.20819082 43.36214646
  jla_mock 0.926220 43.43718185 0.24599386 43.89441507
  jla_mock 0.643642 42.35217345 0.22846121 42.92423478
  jla_mock 0.419569 41.84187260 0.13772753 41.80699449
  jla_mock 0.515587 42.32327634 0.20313602 42.34111010
  jla_mock 0.890729 43.67422001 0.21057911 43.78969936
  jla_mock 0.805696 43.57057077 0.22987004 43.52132092
  jla_mock 0.480568 41.92013147 0.10874993 42.15792621
  jla_mock 0.800697 43.56725753 0.24546005 43.50473264
  jla_mock 0.580604 42.43752248 0.18881444 42.65234211
  jla_mock 0.715652 43.27538672 0.24396561 43.20550425
  jla_mock 0.805695 43.54364676 0.23276535 43.52131760
  jla_mock 0.766684 43.67618167 0.25283777 43.38888921
  jla_mock 0.664638 43.21514896 0.19578546 43.00922858
  jla_mock 0.901736 43.82364986 0.25190507 43.82259567
  jla_mock 0.745665 43.33868628 0.21142864 43.31482606
  jla_mock 0.718680 43.57100255 0.20380008 43.21671088
  jla_mock 0.736690 43.36552574 0.19636251 43.28258662
  jla_mock 0.579600 42.61090305 0.12084594 42.64777848
  jla_mock 0.370531 41.52627978 0.10256736 41.48879960
  jla_mock 0.960740 44.31953704 0.23956115 43.99252809
  jla_mock 0.850729 43.83411338 0.21179952 43.66671958
  jla_mock 0.648640 42.92090591 0.19254569 42.94468610
  jla_mock 0.219462 40.19823703 0.13036783 40.18221211
  jla_mock 0.936755 43.78067087 0.24129989 43.92472922
  jla_mock 0.647639 42.97371516 0.17876349 42.94059867
  jla_mock 0.461564 41.95216644 0.13341110 42.05325303
  jla_mock 0.600603 42.68077213 0.17945434 42.74150193
  jla_mock 0.670654 43.32148191 0.23100742 43.03309544
  jla_mock 0.760698 43.26800928 0.20946016 43.36801289
  jla_mock 0.246492 40.38271181 0.13212126 40.46723114
  jla_mock 0.470573 42.27811247 0.14759396 42.10336263
  jla_mock 0.169455 39.58068787 0.11209573 39.55678917
  jla_mock 0.497379 42.27062237 0.12912927 42.24737835
  jla_mock 0.638234 43.04294438 0.19688575 42.90193490
  jla_mock 0.507371 42.20955782 0.14542671 42.29920550
  jla_mock 0.535327 42.47895391 0.14229510 42.43934075
  jla_mock 0.587285 42.39971822 0.16639385 42.68245602
  jla_mock 0.773081 43.54297568 0.25620999 43.41103522
  jla_mock 0.699166 43.33596446 0.22210270 43.14357089
  jla_mock 0.370511 41.45068539 0.12736057 41.48866231
  jla_mock 0.761089 43.14679438 0.22808946 43.36937651
  jla_mock 0.699169 42.92447241 0.21959570 43.14358233
  jla_mock 0.788060 43.52390561 0.19242158 43.46223138
  jla_mock 0.373513 41.44650060 0.13202741 41.50924344
  jla_mock 0.405478 41.68726157 0.13198879 41.71925539
  jla_mock 0.852994 43.97056231 0.25729076 43.67383293
  jla_mock 0.808048 43.60104725 0.24185374 43.52912538
  jla_mock 0.603272 42.98087936 0.18397635 42.75317111
  jla_mock 0.583290 42.80177598 0.17902789 42.66447239
  jla_mock 0.534335 42.33025792 0.14774220 42.43446867
  jla_mock 0.720140 43.84540959 0.24070231 43.22211434
  jla_mock 0.400485 41.88986770 0.21060605 41.68747331
  jla_mock 0.837004 43.55700784 0.21502566 43.62320406
  jla_mock 0.371508 41.55233608 0.10193219 41.49550623
  jla_mock 0.806041 43.49134393 0.25907683 43.52246571
  jla_mock 0.840005 43.15252911 0.23506835 43.63277177
  jla_mock 0.500728 42.17792615 0.12981336 42.26484189
  jla_mock 0.532765 42.46046519 0.17422186 42.42675782
  jla_mock 0.533766 42.81352062 0.18215335 42.43167410
  jla_mock 0.932229 43.67006585 0.34152943 43.91173881
  jla_mock 0.822103 43.34867593 0.25790730 43.57517845
  jla_mock 0.553797 42.47517596 0.13544877 42.52818142
  jla_mock 0.125298 38.78077467 0.13709229 38.84106498
  jla_mock 0.842123 43.49801563 0.28302626 43.63952432
  jla_mock 0.443668 41.90788136 0.15186631 41.95096666
  jla_mock 0.727675 43.26063434 0.24978201 43.24980232
  jla_mock 0.683659 42.43017800 0.41253064 43.08401922
  jla_mock 0.442548 42.05709246 0.13367762 41.94442810
  jla_mock 0.726679 43.12703711 0.20021505 43.24615236
  jla_mock 0.282510 40.77029863 0.12747632 40.80530724
  jla_mock 0.404549 41.47954772 0.12965359 41.71336120
  jla_mock 0.519611 42.35604879 0.13964385 42.36142862
  jla_mock 0.690652 43.31932215 0.23214813 43.11102588
  jla_mock 1.060801 44.00260734 0.27869308 44.25850417
  jla_mock 0.576612 42.63736747 0.15376326 42.63419666
  jla_mock 0.268489 40.62161861 0.12614174 40.67868477
  jla_mock 0.720680 42.98234600 0.25106936 43.22411288
  jla_mock 0.250498 40.45652344 0.13111277 40.50698685
  jla_mock 0.760691 43.73627335 0.27664014 43.36798848
  jla_mock 0.698167 42.48923851 0.26129048 43.13976258
  jla_mock 0.550315 42.46857087 0.16854352 42.51163951
  jla_mock 0.730128 43.20241321 0.23524622 43.25877602
  jla_mock 0.847985 43.48778781 0.24702775 43.65805845
  jla_mock 0.997826 43.30237373 0.24705649 44.09416520
  jla_mock 0.435446 42.10703211 0.13052406 41.90269898
  jla_mock 0.409470 41.74037664 0.12922369 41.74440667
  jla_mock 0.301590 40.90884016 0.12598595 40.96861318
  jla_mock 1.299106 44.68048734 0.19340708 44.80295884
  jla_mock 1.020807 43.80334435 0.23668119 44.15528928
  jla_mock 0.839734 43.60803719 0.19264717 43.63190777
  jla_mock 1.120850 44.13518011 0.20807086 44.40642252
  jla_mock 1.230892 44.30885313 0.23900250 44.65805713
  jla_mock 0.974230 43.94609917 0.18427047 44.02996885
  jla_mock 0.970782 43.72747491 0.33863365 44.02042535
  jla_mock 0.064229 36.99407773 0.15072784 37.30037791
  jla_mock 0.129030 39.01618394 0.16416611 38.91003962
  jla_mock 0.102890 38.48496892 0.14983539 38.38123082
  jla_mock 0.044130 36.93268919 0.17359564 36.45415970
  jla_mock 0.113040 38.42973697 0.15276523 38.60013137
  jla_mock 0.256110 40.54558433 0.20496122 40.56172302
  jla_mock 0.380260 41.71973477 0.28702753 41.55490922
  jla_mock 0.145470 39.38799895 0.16218924 39.19315913
  jla_mock 0.088890 38.08679049 0.14636771 38.04314103
  jla_mock 0.260590 40.74924723 0.18294429 40.60464301
  jla_mock 0.078910 38.00689721 0.15602647 37.76964193
  jla_mock 0.083040 38.10786546 0.15331705 37.88659751
  jla_mock 0.165650 39.39679734 0.13854363 39.50243618
  jla_mock 0.168170 39.54194607 0.16196037 39.53856886
  jla_mock 0.170630 39.55819474 0.16520984 39.57335790
  jla_mock 0.170280 39.25963359 0.17035518 39.56845298
  jla_mock 0.120440 38.65860799 0.15109792 38.74834258
  jla_mock 0.276530 40.49801936 0.21443501 40.75202947
  jla_mock 0.231600 40.44922869 0.18253328 40.31398810
  jla_mock 0.305690 41.11626779 0.26735001 41.00246986
  jla_mock 0.079970 38.21660010 0.16566195 37.80021288
  jla_mock 0.174150 39.63501338 0.15831009 39.62233390
  jla_mock 0.138680 39.19417700 0.16604939 39.08005465
  jla_mock 0.146070 39.09682692 0.16391832 39.20292737
  jla_mock 0.081330 38.04020257 0.14393418 37.83886154
  jla_mock 0.233800 40.31738126 0.17178002 40.33718241
  jla_mock 0.256550 40.39705744 0.17733386 40.56597272
  jla_mock 0.245620 40.57893570 0.20041043 40.45848319
  jla_mock 0.125930 38.98345403 0.19132506 38.85287811
  jla_mock 0.223510 40.28015207 0.21582750 40.22688870
  jla_mock 0.102640 38.55394011 0.14663754 38.37559387
  jla_mock 0.119670 38.75764922 0.14566661 38.73333561
  jla_mock 0.180550 39.55269226 0.16851019 39.70906170
  jla_mock 0.197090 39.83047326 0.17389574 39.92070050
  jla_mock 0.229160 40.21830142 0.19939442 40.28801769
  jla_mock 0.264510 40.23656465 0.19876199 40.64163064
  jla_mock 0.103370 38.49146547 0.12264053 38.39202172
  jla_mock 0.364410 41.24823059 0.23042794 41.44639133
  jla_mock 0.205600 40.20038424 0.15584351 40.02325654
  jla_mock 0.179810 39.76193143 0.19620482 39.69918339
  jla_mock 0.199590 39.92240093 0.18224440 39.95123585
  jla_mock 0.156530 39.28477716 0.15012954 39.36728138
  jla_mock 0.161800 39.54151011 0.14760764 39.44626416
  jla_mock 0.209530 39.99073552 0.20608020 40.06931740
  jla_mock 0.241790 40.75928516 0.19813238 40.41980198
  jla_mock 0.236460 40.24440344 0.16266354 40.36497147
  jla_mock 0.226680 40.34214020 0.21050732 40.26135800
  jla_mock 0.296780 41.00139474 0.19716042 40.92836382
  jla_mock 0.208520 39.90688756 0.16317028 40.05754079
  jla_mock 0.251040 40.67546797 0.22085837 40.51232199
  jla_mock 0.250120 40.71956178 0.17967388 40.50326604
  jla_mock 0.117710 38.72813448 0.14551100 38.69469577
  jla_mock 0.219710 40.33532280 0.16999397 40.18497414
  jla_mock 0.149010 39.05812573 0.14890457 39.25021107
  jla_mock 0.287420 40.56197247 0.18840122 40.84826474
  jla_mock 0.143600 39.10267116 0.16639625 39.16250030
  jla_mock 0.328370 41.24513557 0.19601268 41.18252527
  jla_mock 0.246250 40.61345368 0.16506508 40.46480338
  jla_mock 0.119660 38.46826771 0.15026680 38.73313941
  jla_mock 0.328380 41.30821558 0.27642285 41.18260220
  jla_mock 0.215130 40.39556546 0.18366862 40.13355604
  jla_mock 0.144780 39.16399371 0.13616902 39.18189244
  jla_mock 0.132430 38.99562663 0.12839376 38.97124243
  jla_mock 0.210820 39.91210390 0.16235031 40.08424183
  jla_mock 0.203990 39.90609643 0.15780808 40.00414975
  jla_mock 0.279520 40.73844620 0.16701092 40.77880193
  jla_mock 0.044280 36.56485136 0.15509722 36.46174914
  jla_mock 0.180370 40.07565733 0.15078404 39.70665887
  jla_mock 0.260700 40.42310139 0.18972170 40.60568547
  jla_mock 0.056540 37.28413046 0.18696980 37.01166886
  jla_mock 0.212600 39.97273211 0.19194689 40.10471675
  jla_mock 0.369410 41.80231154 0.23700047 41.48110448
  jla_mock 0.173860 39.71313624 0.13051969 39.61834998
  jla_mock 0.142650 39.08750578 0.16862649 39.14679731
  jla_mock 0.177890 39.39563151 0.17323466 39.67336899
  jla_mock 0.328370 41.51585928 0.20656404 41.18252527
  jla_mock 0.253510 40.14825482 0.19560920 40.53650221
  jla_mock 0.300010 40.72150079 0.19320267 40.95546874
  jla_mock 0.105890 38.23653684 0.14607715 38.44799109
  jla_mock 0.223280 40.31818868 0.16843887 40.22437539
  jla_mock 0.118450 38.59738991 0.12252294 38.70935573
  jla_mock 0.176530 39.65397460 0.17118858 39.65491611
  jla_mock 0.182800 39.69012218 0.18906536 39.73889217
  jla_mock 0.297620 40.74952205 0.22708191 40.93544539
  jla_mock 0.196990 39.83235151 0.16336648 39.91947550
  jla_mock 0.152950 39.34820107 0.14755004 39.31220059
  jla_mock 0.248500 40.29842013 0.17447627 40.48722668
  jla_mock 0.138180 39.07466171 0.12408786 39.07150884
  jla_mock 0.207040 40.06474584 0.17044837 40.04023669
  jla_mock 0.214680 40.48738804 0.18059604 40.12844801
  jla_mock 0.306320 41.15332073 0.21502986 41.00764886
  jla_mock 0.246950 40.42728270 0.17120148 40.47182389
  jla_mock 0.198010 39.91599977 0.14489973 39.93197045
  jla_mock 0.222560 39.99275446 0.15195110 40.21649103
  jla_mock 0.135080 39.08954168 0.15130600 39.01794405
  jla_mock 0.210540 40.46937789 0.18260591 40.08100242
  jla_mock 0.272580 40.70501951 0.16910743 40.71622656
  jla_mock 0.246600 40.60618688 0.16168519 40.46831460
  jla_mock 0.220680 40.47375995 0.19428942 40.19575119
  jla_mock 0.274470 40.52940038 0.19147108 40.73341110
  jla_mock 0.176560 39.53394652 0.15540451 39.65532432
  jla_mock 0.310880 41.03048329 0.22015615 41.04473105
  jla_mock 0.184350 39.85286159 0.17307932 39.75922489
  jla_mock 0.159350 39.19751618 0.14827050 39.40982852
  jla_mock 0.219760 40.39700915 0.16604587 40.18553101
  jla_mock 0.252050 40.48347280 0.18410044 40.52226384
  jla_mock 0.181220 39.82777073 0.14940352 39.71800129
  jla_mock 0.173730 39.48789907 0.13336424 39.61654695
  jla_mock 0.380470 41.32168609 0.24246083 41.55632362
  jla_mock 0.178650 39.89289640 0.17172186 39.68361175
  jla_mock 0.245680 40.59732822 0.18910008 40.45908511
  jla_mock 0.209100 39.96473951 0.16102286 40.06431519
  jla_mock 0.249470 40.59618543 0.20970726 40.49686584
  jla_mock 0.133920 39.09024218 0.16606211 38.99761169
  jla_mock 0.177060 39.83411676 0.16039966 39.66212774
  jla_mock 0.281110 40.46064834 0.18775324 40.79290250
  jla_mock 0.173830 39.56536041 0.15186906 39.61793393
  jla_mock 0.196540 39.78441034 0.16513423 39.91393501
  jla_mock 0.363970 41.54326780 0.22724835 41.44331300
  jla_mock 0.378350 41.57918433 0.26733097 41.54204491
  jla_mock 0.316460 41.17618827 0.21038880 41.08947283
  jla_mock 0.183220 39.77690571 0.13519430 39.74442604
  jla_mock 0.241020 40.54193543 0.16773658 40.41192924
  jla_mock 0.202030 39.82162279 0.19953174 39.98070999
  jla_mock 0.168690 39.54241725 0.16511959 39.54597364
  jla_mock 0.197940 39.74882673 0.17492454 39.93111295
  jla_mock 0.122760 39.00523832 0.14574653 38.79305529
  jla_mock 0.203180 40.16998810 0.16105255 39.99450699
  jla_mock 0.127390 38.94631200 0.14895509 38.87996467
  jla_mock 0.275490 40.81649416 0.19972760 40.74262991
  jla_mock 0.144680 39.27627261 0.14721731 39.18025959
  jla_mock 0.334360 41.39874513 0.24977783 41.22817044
  jla_mock 0.195800 40.01539579 0.15392559 39.90478319
  jla_mock 0.193920 39.64502858 0.16374737 39.88143323
  jla_mock 0.249730 40.49857789 0.18580683 40.49942710
  jla_mock 0.148600 39.09523269 0.14879989 39.24365667
  jla_mock 0.155960 39.43704741 0.14872192 39.35858004
  jla_mock 0.095820 38.11516541 0.15034816 38.21633573
  jla_mock 0.150650 39.32074199 0.15872946 39.27620079
  jla_mock 0.309330 40.93361349 0.24715745 41.03218750
  jla_mock 0.248570 40.70003149 0.17340396 40.48792229
  jla_mock 0.365540 41.63567029 0.24311996 41.45429367
  jla_mock 0.117710 38.68721057 0.12847626 38.69469577
  jla_mock 0.191760 39.99404178 0.14428474 39.85434418
  jla_mock 0.182550 39.80266268 0.16171197 39.73558665
  jla_mock 0.234720 40.42133656 0.18444964 40.34683999
  jla_mock 0.246470 40.90949717 0.19927669 40.46701043
  jla_mock 0.288450 40.84990017 0.18873457 40.85721264
  jla_mock 0.209600 40.50647212 0.19927022 40.07012725
  jla_mock 0.191980 40.21180948 0.17965405 39.85711740
  jla_mock 0.114020 38.70580249 0.12215388 38.62028720
  jla_mock 0.113890 38.53887088 0.18397194 38.61763570
  jla_mock 0.198800 39.76405150 0.20967258 39.94164791
  jla_mock 0.220580 39.95640228 0.22796022 40.19464800
  jla_mock 0.182570 39.97248224 0.16453718 39.73585109
  jla_mock 0.158950 39.57495193 0.16372575 39.40383846
  jla_mock 0.078490 37.87376519 0.14911597 37.75744452
  jla_mock 0.138640 38.95368056 0.13217046 39.07937585
  jla_mock 0.180790 39.67922586 0.15445548 39.71226547
  jla_mock 0.177570 39.73006219 0.18629282 39.66905625
  jla_mock 0.170660 39.55085853 0.16102003 39.57377800
  jla_mock 0.233810 40.31208275 0.20858516 40.33728761
  jla_mock 0.071530 37.33851891 0.17410666 37.54531352
  jla_mock 0.154630 39.19960510 0.18791656 39.33819243
  jla_mock 0.090100 37.93291347 0.15950858 38.07426524
  jla_mock 0.176580 39.89447628 0.20448697 39.65559645
  jla_mock 0.130450 38.70689793 0.16440638 38.93578423
  jla_mock 0.182040 39.58033096 0.17166998 39.72884339
  jla_mock 0.256170 40.61004573 0.17261330 40.56230252
  jla_mock 0.138110 39.00126254 0.14854031 39.07030941
  jla_mock 0.170700 39.76066198 0.16749506 39.57433812
  jla_mock 0.216740 40.07769586 0.14793120 40.15174436
  jla_mock 0.245550 40.42076429 0.17887642 40.45778095
  jla_mock 0.143820 38.94796907 0.16709807 39.16612734
  jla_mock 0.248620 40.55214073 0.18856198 40.48841915
  jla_mock 0.145330 39.20501772 0.17138622 39.19087314
  jla_mock 0.135880 38.87497066 0.12760365 39.03189192
  jla_mock 0.058740 36.97705264 0.12754402 37.09796180
  jla_mock 0.036520 36.11440767 0.15191506 36.03106641
  jla_mock 0.277490 40.62328979 0.22703402 40.76063111
  jla_mock 0.205150 40.04500684 0.29701418 40.01795024
  jla_mock 0.280510 40.86172463 0.20078942 40.78758153
  jla_mock 0.198670 39.96212020 0.16215673 39.94005541
  jla_mock 0.159990 39.40026305 0.15164286 39.41941262
  jla_mock 0.210750 39.73959832 0.18113105 40.08343198
  jla_mock 0.071950 37.49879206 0.17245857 37.55864108
  jla_mock 0.237820 40.56656823 0.19074175 40.37905698
  jla_mock 0.141390 39.28752132 0.17359013 39.12581536
  jla_mock 0.155060 39.17649175 0.15760876 39.34481996
  jla_mock 0.370130 41.45169268 0.22886799 41.48604693
  jla_mock 0.093910 38.29658665 0.17056414 38.16981045
  jla_mock 0.118630 39.02313814 0.17057943 38.71292166
  jla_mock 0.153630 39.32919843 0.15381057 39.32277957
  jla_mock 0.253560 40.63652308 0.16809525 40.53698973
  jla_mock 0.107250 38.56392891 0.14420228 38.47765267
  jla_mock 0.129610 38.99328629 0.15302154 38.92057066
  jla_mock 0.266650 40.47544335 0.19376454 40.66161135
  jla_mock 0.212260 40.07164637 0.16262819 40.10082044
  jla_mock 0.278220 40.91154422 0.18167466 40.76716662
  jla_mock 0.245400 40.36151316 0.16811689 40.45627614
  jla_mock 0.133620 39.17787063 0.15059378 38.99232025
  jla_mock 0.176560 39.53983363 0.16208219 39.65532432
  jla_mock 0.113680 38.58782680 0.14584429 38.61331237
  jla_mock 0.320380 40.93824437 0.26368273 41.12044066
  jla_mock 0.112710 38.56385601 0.12253270 38.59333444
  jla_mock 0.106020 38.42453351 0.14472955 38.45084125
  jla_mock 0.391350 41.54905109 0.26610488 41.62836782
  jla_mock 0.155750 39.37744597 0.14611530 39.35537428
  jla_mock 0.186670 39.89217702 0.16762102 39.78939604
  jla_mock 0.196710 39.96532581 0.16669908 39.91603745
  jla_mock 0.191910 40.21894028 0.17339098 39.85623501
  jla_mock 0.190840 40.11901311 0.15087610 39.84274706
  jla_mock 0.176250 39.52600135 0.15361286 39.65110619
  jla_mock 0.128370 38.77345994 0.15035584 38.89796359
  jla_mock 0.122620 38.63423802 0.14734428 38.79038728
  jla_mock 0.127150 38.97093799 0.14706216 38.87552188
  jla_mock 0.213230 40.07113683 0.17620944 40.11193637
  jla_mock 0.218610 39.98825997 0.18110338 40.17272318
  jla_mock 0.268560 41.00233294 0.19152223 40.67933875
  jla_mock 0.204660 40.10575948 0.16518790 40.01212586
  jla_mock 0.267100 40.96960370 0.17377576 40.66579583
  jla_mock 0.217570 40.38598242 0.17264916 40.16107662
  jla_mock 0.241850 40.44972632 0.17151433 40.42041544
  jla_mock 0.293500 40.94493775 0.20071643 40.90055954
  jla_mock 0.353460 41.26042793 0.23113786 41.36886236
  jla_mock 0.185630 39.58565263 0.15494760 39.77590534
  jla_mock 0.285430 41.27142691 0.19928385 40.83094829
  jla_mock 0.194940 39.80487850 0.16836015 39.89414729
  jla_mock 0.075920 37.79017516 0.14499851 37.68127182
  jla_mock 0.163570 39.38690934 0.15777754 39.47224556
  jla_mock 0.257210 40.69774388 0.20821329 40.57234726
  jla_mock 0.219550 40.15642418 0.18725136 40.18319219
  jla_mock 0.175580 39.57440774 0.15163366 39.64197874
  jla_mock 0.226670 40.63473329 0.18608202 40.26124976
  jla_mock 0.153220 39.56212437 0.15082218 39.31640225
  jla_mock 0.210250 40.06638024 0.19550076 40.07764731
  jla_mock 0.121640 38.96025477 0.12361443 38.77156797
  jla_mock 0.291350 40.56142418 0.19904915 40.88220216
  jla_mock 0.294480 40.53255284 0.27859702 40.90891097
  jla_mock 0.164550 39.42577914 0.12599124 39.48650488
  jla_mock 0.307020 40.92505482 0.20906564 41.01337701
  jla_mock 0.198630 40.00139565 0.16157737 39.93956541
  jla_mock 0.268210 40.57903019 0.21539519 40.67611488
  jla_mock 0.401280 41.28653980 0.24823001 41.69256563
  jla_mock 0.136680 39.12655111 0.15334431 39.04573258
  jla_mock 0.295420 40.86189291 0.24720467 40.91686126
  jla_mock 0.291920 40.88990303 0.19219946 40.88706900
  jla_mock 0.090070 38.18504690 0.12096556 38.07349942
  jla_mock 0.205570 40.29517588 0.18292629 40.02290278
  jla_mock 0.145820 39.23592988 0.14934529 39.19887412
  jla_mock 0.117670 38.96092916 0.14486540 38.69390334
  jla_mock 0.054990 36.84039554 0.14997934 36.94888997
  jla_mock 0.174200 39.47603129 0.15142908 39.62302078
  jla_mock 0.244950 40.42729204 0.18020903 40.45176172
  jla_mock 0.224520 39.99786814 0.18249954 40.23792540
  jla_mock 0.245580 40.41215812 0.16228277 40.45808191
  jla_mock 0.283510 40.84133724 0.21250233 40.81409185
  jla_mock 0.180560 39.57467377 0.17619167 39.70919519
  jla_mock 0.103910 38.30847833 0.12352191 38.40413339
  jla_mock 0.129610 39.03467617 0.15326847 38.92057066
  jla_mock 0.243520 40.25085983 0.16045597 40.43733220
  jla_mock 0.331360 40.62694363 0.26935111 41.20540265
  jla_mock 0.243480 40.66036024 0.19048000 40.43692709
  jla_mock 0.314680 41.04553756 0.17577640 41.07526069
  jla_mock 0.218650 40.28203392 0.18935500 40.17316867
  jla_mock 0.260140 40.64336779 0.21925656 40.60037841
  jla_mock 0.282430 41.06741975 0.19830733 40.80460447
  jla_mock 0.300410 40.87773133 0.20581539 40.95881993
  jla_mock 0.151860 39.18044539 0.14864409 39.29521233
  jla_mock 0.263570 40.84029061 0.18936772 40.63280646
  jla_mock 0.213820 40.22909248 0.20621233 40.11868600
  jla_mock 0.162840 39.79578871 0.16761662 39.46154230
  jla_mock 0.124400 39.18184110 0.17140549 38.82417717
  jla_mock 0.194650 39.90098833 0.13938689 39.89054791
  jla_mock 0.205540 39.87932006 0.18299408 40.02254903
  jla_mock 0.106670 38.45426142 0.14588621 38.46503289
  jla_mock 0.187720 39.53912443 0.18724598 39.80291328
  jla_mock 0.163870 39.59711018 0.15682059 39.47661066
  jla_mock 0.290210 40.66071693 0.19470283 40.87238320
  jla_mock 0.094010 38.43327154 0.12497638 38.17226514
  jla_mock 0.227860 40.51423973 0.18009820 40.27407953
  jla_mock 0.107510 38.69504080 0.14764565 38.48327432
  jla_mock 0.310650 40.49567557 0.22259423 41.04287582
  jla_mock 0.145640 39.08563021 0.15575872 39.19593499
  jla_mock 0.087840 37.97756931 0.12609586 38.01576924
  jla_mock 0.148390 39.40290544 0.15572534 39.24029306
  jla_mock 0.286620 40.91838251 0.19365541 40.84130336
  jla_mock 0.122810 38.79289910 0.13329108 38.79400815
  jla_mock 0.186550 39.86374617 0.20280242 39.78783942
  jla_mock 0.128930 38.66021007 0.15503539 38.90822393
  jla_mock 0.194220 39.93172466 0.16863568 39.88517899
  jla_mock 0.148000 39.36932114 0.14676099 39.23404635
  jla_mock 0.211790 39.97557967 0.22866165 40.09543437
  jla_mock 0.179620 39.37972261 0.17351314 39.69664707
  jla_mock 0.263490 40.54639728 0.18130204 40.63205547
  jla_mock 0.192150 39.65272235 0.15956887 39.85926034
  jla_mock 0.338800 40.99947377 0.22987627 41.26152242
  jla_mock 0.117410 38.75662373 0.14766783 38.68874247
  jla_mock 0.143100 39.11441376 0.16841647 39.15425701
  jla_mock 0.160350 39.52943818 0.13218212 39.42476553
  jla_mock 0.288720 40.83925174 0.21129560 40.85953994
  jla_mock 0.123030 39.01812101 0.15464992 38.79820073
  jla_mock 0.264050 40.41071341 0.18533646 40.63731243
  jla_mock 0.126080 39.11175189 0.17182656 38.85568186
  jla_mock 0.173740 39.43914907 0.14981160 39.61668565
  jla_mock 0.164400 39.56174273 0.14972618 39.48432233
  jla_mock 0.249610 40.58073457 0.16242204 40.49824589
  jla_mock 0.159990 39.33275098 0.15136580 39.41941262
  jla_mock 0.244480 40.44377398 0.15150476 40.44704665
  jla_mock 0.248510 40.52349302 0.17707716 40.48732605
  jla_mock 0.228930 39.92955255 0.16847625 40.28555171
  jla_mock 0.085280 37.98480414 0.14384543 37.94775710
  jla_mock 0.062818 37.17182491 0.14854713 37.24998112
  jla_mock 0.277450 41.20552730 0.23370164 40.76027300
  jla_mock 0.275440 40.89905346 0.21508178 40.74217800
  jla_mock 0.330510 41.30787725 0.21087893 41.19892556
  jla_mock 0.361930 41.39475603 0.24565378 41.42904074
  jla_mock 0.331030 40.84062490 0.21800830 41.20288802
  jla_mock 0.160500 39.39468864 0.12714994 39.42699035
  jla_mock 0.300210 40.90550841 0.20430208 40.95714433
  jla_mock 0.116350 38.78458737 0.12231010 38.66753831
  jla_mock 0.218290 40.05143326 0.16062208 40.16915926
  jla_mock 0.119670 38.84302265 0.12046332 38.73333561
  jla_mock 0.154730 39.38664029 0.12395445 39.33973371
  jla_mock 0.178100 39.83873948 0.16562813 39.67619923
  jla_mock 0.250370 40.16107259 0.16560962 40.50572689
  jla_mock 0.251740 40.45572479 0.14466362 40.51921238
  jla_mock 0.129530 39.26601733 0.14518911 38.91911810
  jla_mock 0.309290 41.02559806 0.18810950 41.03186178
  jla_mock 0.278520 40.85885402 0.17881943 40.76985245
  jla_mock 0.185810 39.53872578 0.13605911 39.77824027
  jla_mock 0.066510 37.33730359 0.17228058 37.37966319
  jla_mock 0.258000 40.50863247 0.18756945 40.57991680
  jla_mock 0.298880 40.78376628 0.21609463 40.94600163
  jla_mock 0.270440 40.79661490 0.22437165 40.69665555
  jla_mock 0.279160 40.44518406 0.17183675 40.77558221
  jla_mock 0.292870 40.54389265 0.21554431 40.89518040
  jla_mock 0.189650 39.80538133 0.15711153 39.82760981
  jla_mock 0.265760 40.78470931 0.19291042 40.65333540
  jla_mock 0.123760 38.91965554 0.14509081 38.81209813
  jla_mock 0.182550 39.52429185 0.14971699 39.73558665
  jla_mock 0.056340 37.09830316 0.14895035 37.00366010
  jla_mock 0.312880 40.65450956 0.18264477 41.06086353
  jla_mock 0.309150 41.02564635 0.22328713 41.03072175
  jla_mock 0.200610 39.74613842 0.15587566 39.96361223
  jla_mock 0.326400 41.07815734 0.20549386 41.16737059
  jla_mock 0.211630 39.91405533 0.13899445 40.09360082
  jla_mock 0.179690 39.64052141 0.15636245 39.69758150
  jla_mock 0.302400 41.05399212 0.19662226 40.97533531
  jla_mock 0.109240 38.68957583 0.14870399 38.52045254
  jla_mock 0.085220 37.97620247 0.15002378 37.94613260
  jla_mock 0.202310 40.03543497 0.16131988 39.98407520
  jla_mock 0.126490 38.77709889 0.15584855 38.86330421
  jla_mock 0.214570 40.20686571 0.16812914 40.12719938
  jla_mock 0.320450 41.43092690 0.19168742 41.12098946
  jla_mock 0.218350 40.26653547 0.17273249 40.16982749
  jla_mock 0.190100 40.01755925 0.15982384 39.83333671
  jla_mock 0.092430 37.94591528 0.15614025 38.13314496
  jla_mock 0.379860 41.29483073 0.18489314 41.55221512
  jla_mock 0.211340 40.22319974 0.16607978 40.09025788
  jla_mock 0.258330 40.68452290 0.18011571 40.58307398
  jla_mock 0.183270 39.51000142 0.16855779 39.74508085
  jla_mock 0.212950 39.95055382 0.17784935 40.10872765
  jla_mock 0.116510 38.74186519 0.15544019 38.67073894
  jla_mock 0.144010 39.35982303 0.17185674 39.16925979
  jla_mock 0.252490 40.49380958 0.18599877 40.52655674
  jla_mock 0.255390 40.24798288 0.21319916 40.55476898
  jla_mock 0.216980 39.94151921 0.18860575 40.15444284
  jla_mock 1.265901 44.62550242 0.22380442 44.73339482
  jla_mock 0.935774 43.65121558 0.22958872 43.92192950
  jla_mock 0.049519 36.27044024 0.20228994 36.71280616
  jla_mock 0.030325 35.33935684 0.18207848 35.61748904
  jla_mock 0.074579 37.45225970 0.21872943 37.64057293
  jla_mock 0.025198 35.34097935 0.22034080 35.20703466
  jla_mock 0.014411 33.81694648 0.20528439 33.97602642
  jla_mock 0.020792 34.83752672 0.19750056 34.78251346
  jla_mock 0.035218 35.26594854 0.20378488 35.95015367
  jla_mock 0.041657 36.27968858 0.21523275 36.32500636
  jla_mock 0.042400 36.28679195 0.20618664 36.36457805
  jla_mock 0.018902 34.64831891 0.18361956 34.57249571
  jla_mock 0.078840 37.81994215 0.21534076 37.76761163
  jla_mock 0.063345 37.22192053 0.20758765 37.26894201
  jla_mock 0.027637 35.03532298 0.23141589 35.41160437
  jla_mock 0.049325 36.55933955 0.21068097 36.70399385
  jla_mock 0.070153 37.28540208 0.22041411 37.50101519
  jla_mock 0.023909 35.43299505 0.18367797 35.09091280
  jla_mock 0.053126 36.90950287 0.22335947 36.87112602
  jla_mock 0.024951 35.36295979 0.18978288 35.18524706
  jla_mock 0.015664 34.34735701 0.20165316 34.15913749
  jla_mock 0.048984 37.04583652 0.15985830 36.68838319
  jla_mock 0.022399 34.94962447 0.18927946 34.94678642
  jla_mock 0.034854 35.91734744 0.23666209 35.92701185
  jla_mock 0.016966 34.24277342 0.20291443 34.33465426
  jla_mock 0.030721 35.87002246 0.18171781 35.64631554
  jla_mock 0.030482 35.47720090 0.18203752 35.62895207
  jla_mock 0.010550 33.43593959 0.21945028 33.29242555
  jla_mock 0.014256 33.80950772 0.17170736 33.95228688
  jla_mock 0.027688 35.21715176 0.18124529 35.41570554
  jla_mock 0.053860 36.88168384 0.15903793 36.90204718
  jla_mock 0.017672 34.01894550 0.19251135 34.42434462
  jla_mock 0.017450 34.33361045 0.17037052 34.39653765
  jla_mock 0.015573 34.21597144 0.20219934 34.14633892
  jla_mock 0.010060 33.07220725 0.23112569 33.18835300
  jla_mock 0.054931 36.84989476 0.18431298 36.94646971
  jla_mock 0.039083 36.12758274 0.16317419 36.18242517
  jla_mock 0.078317 37.74553899 0.18391968 37.75237713
  jla_mock 0.031764 35.73131596 0.15356487 35.72047232
  jla_mock 0.014440 33.73058045 0.22581465 33.98045207
  jla_mock 0.013533 34.31780250 0.22079334 33.83807432
  jla_mock 0.026677 35.55962376 0.19349962 35.33327560
  jla_mock 0.023360 34.80755771 0.17880596 35.03957081
  jla_mock 0.036934 36.01675503 0.19001518 36.05621163
  jla_mock 0.023552 34.85622517 0.17819828 35.05766335
  jla_mock 0.017483 33.85214322 0.19211831 34.40068652
  jla_mock 0.040259 36.31675069 0.17447686 36.24867377
  jla_mock 0.030381 35.87847300 0.20408145 35.62160056
  jla_mock 0.015504 33.90850758 0.20027602 34.13657987
  jla_mock 0.014151 33.97850076 0.18788306 33.93607877
  jla_mock 0.015487 34.20327293 0.18431337 34.13416441
  jla_mock 0.015554 34.29776660 0.19852180 34.14366669
  jla_mock 0.037075 36.16381550 0.15485493 36.06470086
  jla_mock 0.015482 34.20463252 0.20249750 34.13345398
  jla_mock 0.013324 33.71556505 0.18643777 33.80395138
  jla_mock 0.014575 34.29418590 0.20791179 34.00087415
  jla_mock 0.015791 33.93273371 0.19846605 34.17687376
  jla_mock 0.024746 35.42050547 0.17954713 35.16700463
  jla_mock 0.027748 35.54857690 0.17503344 35.42049126
  jla_mock 0.010888 33.18785265 0.25477943 33.36146467
  jla_mock 0.013652 33.99653865 0.18670962 33.85728145
  jla_mock 0.035755 36.34398381 0.16295663 35.98387241
  jla_mock 0.024725 35.37049889 0.17710562 35.16513384
  jla_mock 0.038086 35.91283826 0.17051564 36.12473959
  jla_mock 0.021541 34.81948784 0.17711857 34.86057539
  jla_mock 0.019581 34.61621041 0.17898631 34.65021869
  jla_mock 0.030416 35.67701821 0.17571774 35.62415506
  jla_mock 0.039219 36.48989513 0.17021381 36.19018670
  jla_mock 0.034971 35.92193914 0.15987848 35.93447048
  jla_mock 0.028561 35.46266891 0.17650121 35.48452539
  jla_mock 0.020997 35.06857041 0.18822756 34.80415669
  jla_mock 0.032538 35.78555937 0.18232286 35.77398812
  jla_mock 0.015469 34.08467065 0.19318910 34.13160686
  jla_mock 0.015678 34.31699720 0.20747940 34.16110650
  jla_mock 0.027499 35.56771379 0.15598630 35.40050708
  jla_mock 0.046856 36.73760381 0.17134850 36.58861440
  jla_mock 0.033173 36.28875316 0.18295753 35.81697485
  jla_mock 0.010291 32.84306106 0.23549671 33.23804434
  jla_mock 0.080103 37.90360611 0.17116407 37.80403266
  jla_mock 0.012317 33.73370972 0.20020781 33.63161728
  jla_mock 0.024586 35.33084875 0.20631378 35.15263854
  jla_mock 0.014467 33.77107629 0.20827809 33.98455982
  jla_mock 0.015154 34.03083866 0.18399751 34.08641343
  jla_mock 0.029086 35.48524382 0.17337203 35.52490626
  jla_mock 0.034781 36.17928944 0.17928903 35.92235817
  jla_mock 0.044920 36.47210259 0.14070569 36.49393274
  jla_mock 0.034074 36.02406744 0.16958177 35.87663125
  jla_mock 0.074870 37.70143486 0.14386215 37.64944416
  jla_mock 0.014960 34.08235920 0.19782876 34.05811963
  jla_mock 0.020396 34.88512772 0.17103812 34.74010316
  jla_mock 0.040689 36.21185116 0.17468105 36.27242415
  jla_mock 0.026567 35.08326442 0.18033141 35.32414661
  jla_mock 0.026881 35.29221223 0.15330990 35.35016459
  jla_mock 0.023471 35.11397701 0.17597781 35.05006822
  jla_mock 0.069122 37.83102492 0.19117659 37.46727605
  jla_mock 0.065193 37.42444961 0.15879632 37.33422599
  jla_mock 0.022980 35.02217731 0.17790505 35.00335686
  jla_mock 0.017387 34.33324867 0.19829162 34.38858733
  jla_mock 0.031485 35.48129369 0.15108749 35.70086126
  jla_mock 0.011184 33.66988794 0.19447979 33.42021831
  jla_mock 0.021956 35.08633749 0.17567209 34.90268683
  jla_mock 0.031484 35.70264272 0.15080691 35.70079074
  jla_mock 0.023321 35.27543504 0.20285194 35.03588253
  jla_mock 0.020390 35.26838274 0.18300723 34.73945563
  jla_mock 0.022466 35.16611261 0.18140785 34.95338527
  jla_mock 0.033614 35.83634845 0.18044129 35.84636611
  jla_mock 0.036969 36.12646400 0.17916902 36.05833330
  jla_mock 0.022629 34.95887876 0.18007478 34.96934484
  jla_mock 0.014700 33.88294457 0.18462322 34.01961653
  jla_mock 0.036950 35.98428954 0.14876338 36.05718154
  jla_mock 0.060959 37.24595859 0.12531329 37.18188951
  jla_mock 0.059289 37.16854618 0.12135718 37.11900351
  jla_mock 0.069751 37.44016429 0.15873536 37.48790180
  jla_mock 0.029526 35.62889795 0.17470465 35.55822372
  jla_mock 0.033255 35.82398219 0.17565362 35.82247246
  jla_mock 0.024159 35.33802495 0.18124182 35.11390716
  jla_mock 0.015999 33.90958269 0.19155982 34.20564281
  jla_mock 0.062961 37.03757607 0.16530929 37.25513610
  jla_mock 0.021706 34.91601062 0.19186355 34.87741406
  jla_mock 0.031638 35.91692992 0.18943844 35.71164977
  jla_mock 0.018599 34.45472288 0.17304818 34.53688453
  jla_mock 0.027064 35.62827159 0.17332763 35.36518151
  jla_mock 0.025468 35.48178957 0.18469991 35.23061897
  jla_mock 0.023810 35.19895730 0.19336693 35.08173832
  jla_mock 0.023867 35.02158465 0.18298494 35.08702060
  jla_mock 0.022068 35.04278872 0.16678206 34.91394410
